3647.95918367347,1204.08163265306
3637.75510204082,1204.08163265306
3627.55102040816,1204.08163265306
3627.55102040816,1214.28571428571
3617.34693877551,1214.28571428571
3607.14285714286,1224.48979591837
3596.9387755102,1224.48979591837
3586.73469387755,1234.69387755102
3576.5306122449,1234.69387755102
3566.32653061224,1234.69387755102
3566.32653061224,1244.89795918367
3556.12244897959,1244.89795918367
3545.91836734694,1244.89795918367
3535.71428571429,1244.89795918367
3525.51020408163,1255.10204081633
3515.30612244898,1255.10204081633
3505.10204081633,1255.10204081633
3494.89795918367,1255.10204081633
3484.69387755102,1255.10204081633
3484.69387755102,1265.30612244898
3474.48979591837,1265.30612244898
3464.28571428571,1265.30612244898
3454.08163265306,1265.30612244898
3443.87755102041,1265.30612244898
3433.67346938775,1265.30612244898
3423.4693877551,1265.30612244898
3413.26530612245,1265.30612244898
3403.0612244898,1255.10204081633
3392.85714285714,1255.10204081633
3382.65306122449,1255.10204081633
3382.65306122449,1244.89795918367
3372.44897959184,1244.89795918367
3362.24489795918,1244.89795918367
3352.04081632653,1234.69387755102
3341.83673469388,1234.69387755102
3341.83673469388,1224.48979591837
3331.63265306123,1224.48979591837
3321.42857142857,1224.48979591837
3311.22448979592,1214.28571428571
3301.02040816326,1214.28571428571
3290.81632653061,1204.08163265306
3280.61224489796,1204.08163265306
3270.40816326531,1204.08163265306
3260.20408163265,1193.87755102041
3250,1193.87755102041
3239.79591836735,1183.67346938776
3229.59183673469,1183.67346938776
3219.38775510204,1173.4693877551
3209.18367346939,1173.4693877551
3209.18367346939,1163.26530612245
3198.97959183674,1163.26530612245
3188.77551020408,1163.26530612245
3188.77551020408,1153.0612244898
3178.57142857143,1153.0612244898
3178.57142857143,1142.85714285714
3168.36734693877,1142.85714285714
3158.16326530612,1142.85714285714
3147.95918367347,1132.65306122449
3137.75510204082,1132.65306122449
3127.55102040816,1132.65306122449
3117.34693877551,1122.44897959184
3107.14285714286,1122.44897959184
3096.9387755102,1122.44897959184
3096.9387755102,1112.24489795918
3086.73469387755,1112.24489795918
3076.5306122449,1102.04081632653
3066.32653061224,1102.04081632653
3056.12244897959,1102.04081632653
3056.12244897959,1091.83673469388
3045.91836734694,1091.83673469388
3035.71428571429,1081.63265306123
3025.51020408163,1081.63265306123
3015.30612244898,1081.63265306123
3005.10204081633,1071.42857142857
2994.89795918367,1071.42857142857
2984.69387755102,1071.42857142857
2984.69387755102,1061.22448979592
2974.48979591837,1061.22448979592
2964.28571428571,1051.02040816327
2954.08163265306,1051.02040816327
2943.87755102041,1040.81632653061
2933.67346938775,1040.81632653061
2933.67346938775,1030.61224489796
2923.4693877551,1030.61224489796
2913.26530612245,1030.61224489796
2903.0612244898,1020.40816326531
2892.85714285714,1020.40816326531
2882.65306122449,1010.20408163265
2872.44897959184,1010.20408163265
2862.24489795918,1010.20408163265
2852.04081632653,1000
2841.83673469388,1000
2831.63265306123,1000
2821.42857142857,1000
2811.22448979592,1000
2801.02040816326,1000
2801.02040816326,989.795918367347
2790.81632653061,989.795918367347
2780.61224489796,989.795918367347
2770.40816326531,989.795918367347
2760.20408163265,989.795918367347
2750,989.795918367347
2739.79591836735,989.795918367347
2729.59183673469,989.795918367347
2729.59183673469,979.591836734695
2719.38775510204,979.591836734695
2709.18367346939,979.591836734695
2698.97959183674,979.591836734695
2688.77551020408,979.591836734695
2678.57142857143,979.591836734695
2668.36734693877,979.591836734695
2658.16326530612,979.591836734695
2647.95918367347,979.591836734695
2637.75510204082,979.591836734695
2627.55102040816,979.591836734695
2617.34693877551,979.591836734695
2607.14285714286,979.591836734695
2494.89795918367,979.591836734695
2403.0612244898,979.591836734695
2372.44897959184,979.591836734695
2362.24489795918,979.591836734695
2352.04081632653,989.795918367347
2341.83673469388,989.795918367347
2331.63265306122,989.795918367347
2321.42857142857,989.795918367347
2311.22448979592,989.795918367347
2301.02040816327,989.795918367347
2290.81632653061,989.795918367347
2280.61224489796,1000
2270.40816326531,1000
2239.79591836735,1010.20408163265
2188.77551020408,1040.81632653061
2158.16326530612,1061.22448979592
2147.95918367347,1071.42857142857
2137.75510204082,1071.42857142857
2127.55102040816,1081.63265306123
2117.34693877551,1081.63265306123
2107.14285714286,1081.63265306123
2107.14285714286,1091.83673469388
2096.9387755102,1091.83673469388
2086.73469387755,1091.83673469388
2076.5306122449,1102.04081632653
2066.32653061224,1102.04081632653
2056.12244897959,1102.04081632653
2056.12244897959,1112.24489795918
2045.91836734694,1112.24489795918
1994.89795918367,1132.65306122449
1994.89795918367,1142.85714285714
1984.69387755102,1142.85714285714
1954.08163265306,1163.26530612245
1923.4693877551,1173.4693877551
1913.26530612245,1183.67346938776
1892.85714285714,1193.87755102041
1882.65306122449,1204.08163265306
1872.44897959184,1204.08163265306
1862.24489795918,1204.08163265306
1862.24489795918,1214.28571428571
1852.04081632653,1214.28571428571
1841.83673469388,1214.28571428571
1841.83673469388,1224.48979591837
1831.63265306122,1224.48979591837
1821.42857142857,1224.48979591837
1811.22448979592,1234.69387755102
1801.02040816327,1234.69387755102
1790.81632653061,1244.89795918367
1780.61224489796,1244.89795918367
1770.40816326531,1255.10204081633
1760.20408163265,1265.30612244898
1750,1265.30612244898
1739.79591836735,1275.51020408163
1729.59183673469,1275.51020408163
1719.38775510204,1285.71428571429
1709.18367346939,1295.91836734694
1688.77551020408,1306.12244897959
1678.57142857143,1306.12244897959
1678.57142857143,1316.32653061225
1668.36734693877,1316.32653061225
1658.16326530612,1326.5306122449
1647.95918367347,1336.73469387755
1637.75510204082,1336.73469387755
1637.75510204082,1346.93877551021
1627.55102040816,1346.93877551021
1617.34693877551,1357.14285714286
1607.14285714286,1357.14285714286
1596.9387755102,1367.34693877551
1586.73469387755,1377.55102040816
1576.5306122449,1377.55102040816
1566.32653061224,1377.55102040816
1566.32653061224,1387.75510204082
1556.12244897959,1397.95918367347
1545.91836734694,1397.95918367347
1535.71428571429,1397.95918367347
1535.71428571429,1408.16326530612
1525.51020408163,1408.16326530612
1515.30612244898,1418.36734693878
1505.10204081633,1428.57142857143
1494.89795918367,1428.57142857143
1494.89795918367,1438.77551020408
1484.69387755102,1438.77551020408
1474.48979591837,1448.97959183674
1464.28571428571,1459.18367346939
1454.08163265306,1459.18367346939
1443.87755102041,1469.38775510204
1433.67346938776,1469.38775510204
1423.4693877551,1479.59183673469
1413.26530612245,1479.59183673469
1413.26530612245,1489.79591836735
1403.0612244898,1489.79591836735
1392.85714285714,1500
1382.65306122449,1500
1382.65306122449,1510.20408163265
1372.44897959184,1510.20408163265
1362.24489795918,1520.40816326531
1352.04081632653,1520.40816326531
1352.04081632653,1530.61224489796
1341.83673469388,1530.61224489796
1331.63265306122,1530.61224489796
1331.63265306122,1540.81632653061
1321.42857142857,1540.81632653061
1311.22448979592,1540.81632653061
1311.22448979592,1551.02040816327
1301.02040816327,1551.02040816327
1290.81632653061,1561.22448979592
1280.61224489796,1561.22448979592
1280.61224489796,1571.42857142857
1270.40816326531,1571.42857142857
1239.79591836735,1581.63265306123
1219.38775510204,1602.04081632653
1209.18367346939,1602.04081632653
1198.97959183673,1602.04081632653
1198.97959183673,1612.24489795918
1188.77551020408,1612.24489795918
1178.57142857143,1622.44897959184
1168.36734693877,1632.65306122449
1158.16326530612,1632.65306122449
1147.95918367347,1642.85714285714
1147.95918367347,1653.0612244898
1137.75510204082,1653.0612244898
1127.55102040816,1663.26530612245
1117.34693877551,1663.26530612245
1107.14285714286,1673.4693877551
1107.14285714286,1683.67346938776
1096.9387755102,1683.67346938776
1086.73469387755,1683.67346938776
1076.5306122449,1693.87755102041
1066.32653061224,1693.87755102041
1056.12244897959,1704.08163265306
1045.91836734694,1714.28571428572
1035.71428571429,1714.28571428572
1025.51020408163,1724.48979591837
1015.30612244898,1724.48979591837
1015.30612244898,1734.69387755102
1005.10204081633,1744.89795918367
994.897959183673,1744.89795918367
984.69387755102,1755.10204081633
974.489795918367,1765.30612244898
964.285714285714,1765.30612244898
964.285714285714,1775.51020408163
954.081632653061,1785.71428571429
943.877551020408,1795.91836734694
933.673469387755,1806.12244897959
923.469387755102,1816.32653061225
913.265306122449,1826.5306122449
903.061224489796,1836.73469387755
903.061224489796,1846.93877551021
892.857142857143,1857.14285714286
882.65306122449,1867.34693877551
872.448979591836,1877.55102040816
862.244897959184,1887.75510204082
852.04081632653,1908.16326530612
852.04081632653,1918.36734693878
841.836734693878,1918.36734693878
841.836734693878,1928.57142857143
841.836734693878,1938.77551020408
831.632653061224,1938.77551020408
831.632653061224,1948.97959183674
831.632653061224,1959.18367346939
831.632653061224,1969.38775510204
821.428571428572,1979.59183673469
821.428571428572,1989.79591836735
811.224489795918,2000
811.224489795918,2010.20408163265
811.224489795918,2020.40816326531
811.224489795918,2030.61224489796
801.020408163266,2040.81632653061
801.020408163266,2051.02040816327
790.816326530612,2061.22448979592
790.816326530612,2071.42857142857
790.816326530612,2081.63265306123
780.612244897959,2081.63265306123
780.612244897959,2091.83673469388
770.408163265306,2102.04081632653
770.408163265306,2112.24489795918
770.408163265306,2122.44897959184
760.204081632653,2132.65306122449
760.204081632653,2142.85714285714
760.204081632653,2153.0612244898
750,2153.0612244898
750,2163.26530612245
750,2173.4693877551
739.795918367347,2173.4693877551
739.795918367347,2193.87755102041
739.795918367347,2204.08163265306
739.795918367347,2214.28571428572
739.795918367347,2224.48979591837
729.591836734694,2234.69387755102
729.591836734694,2244.89795918367
729.591836734694,2265.30612244898
729.591836734694,2275.51020408163
729.591836734694,2285.71428571429
729.591836734694,2295.91836734694
729.591836734694,2306.12244897959
729.591836734694,2316.32653061225
729.591836734694,2326.5306122449
719.387755102041,2336.73469387755
719.387755102041,2346.93877551021
719.387755102041,2357.14285714286
719.387755102041,2367.34693877551
709.183673469388,2377.55102040816
709.183673469388,2387.75510204082
709.183673469388,2397.95918367347
709.183673469388,2408.16326530612
709.183673469388,2418.36734693878
709.183673469388,2428.57142857143
698.979591836734,2438.77551020408
698.979591836734,2448.97959183674
698.979591836734,2459.18367346939
698.979591836734,2469.38775510204
698.979591836734,2479.59183673469
688.775510204082,2479.59183673469
688.775510204082,2489.79591836735
688.775510204082,2500
688.775510204082,2510.20408163265
688.775510204082,2520.40816326531
688.775510204082,2530.61224489796
688.775510204082,2540.81632653061
688.775510204082,2551.02040816327
678.571428571428,2551.02040816327
678.571428571428,2561.22448979592
678.571428571428,2581.63265306123
678.571428571428,2591.83673469388
678.571428571428,2602.04081632653
678.571428571428,2612.24489795918
678.571428571428,2622.44897959184
678.571428571428,2632.65306122449
678.571428571428,2642.85714285714
678.571428571428,2663.26530612245
678.571428571428,2673.4693877551
668.367346938775,2683.67346938776
668.367346938775,2693.87755102041
668.367346938775,2704.08163265306
668.367346938775,2704.08163265306
666.94551131545,2705.3531787111
666.755798657997,2706
666.651868737655,2706.70130997345
667.108977369099,2707.29869002655
667.891022630901,2708.05448868455
668.402619946894,2709
668.488402684006,2710
668.457108631444,2711
668.244201342003,2712
668.054488684549,2713
668.05448868455,2714
668.353178711102,2715
669.05448868455,2716
669.94551131545,2717
670.592332604348,2718
670.592332604348,2719
669.94551131545,2720
669.108977369099,2721
668.597380053106,2722
668.402619946894,2723
668,2724
667.651868737655,2725
667.755798657997,2726
668,2727
668.353178711102,2728
669,2729
669.592332604348,2730
669.646821288897,2731
669.353178711102,2732
669.353178711102,2733
669.755798657997,2734
670.244201342003,2735
670.701309973447,2736
670.891022630901,2737
670.755798657997,2738
670.597380053106,2739
670.701309973447,2740
670.701309973447,2741
670.651868737655,2742
671.05448868455,2743
671.592332604348,2744
671.646821288897,2745
671.244201342003,2746
670.755798657997,2747
670.353178711102,2748
670.298690026553,2749
670.457108631444,2750
670.597380053106,2751
671,2752
671.348131262345,2753
671.189712657453,2754
670.701309973447,2755
670,2756
669.407667395652,2757
669.353178711102,2758
669.646821288897,2759
669.592332604348,2759.94551131545
668.94551131545,2760.70130997345
668,2761.29869002655
667,2762.05448868455
666,2763
665,2764
664,2765
663,2766
662.108977369099,2767
661.597380053106,2768
661.457108631444,2769
661.244201342003,2770
661.05448868455,2771
660.94551131545,2772
660.701309973447,2773
660.353178711102,2774
660.407667395652,2775
661.05448868455,2776
661.94551131545,2777
662.592332604348,2778
662.646821288898,2779
662.353178711102,2780
662.353178711102,2781
662.755798657997,2782
663.189712657454,2783
663.457108631444,2784
663.488402684006,2785
663.511597315994,2786
663.597380053106,2787
664,2788
664.348131262345,2789
664.189712657454,2790
663.810287342546,2791
663.542891368556,2792
663.511597315994,2793
663.488402684006,2794
663.511597315994,2795
663.542891368556,2796
663.701309973447,2797
663.646821288898,2798
663.353178711102,2799
663.407667395652,2800
664.05448868455,2801
664.94551131545,2802
665.701309973447,2803
666.244201342003,2804
666.646821288897,2805
666.701309973447,2806
666.651868737655,2807
667,2808
667.348131262345,2809
667.298690026553,2810
667.407667395652,2811
667.94551131545,2812
668.402619946894,2813
668.597380053106,2814
669,2815
669.293642577795,2816
668.891022630901,2817
668.108977369099,2818
667.597380053106,2819
667.511597315993,2820
667.488402684006,2821
667.457108631444,2822
667.298690026553,2823
667.298690026553,2824
667.457108631444,2825
667.597380053106,2826
668.05448868455,2827
668.592332604348,2828
668.592332604348,2829
668.054488684549,2830
667.651868737655,2831
667.810287342546,2832
668.298690026553,2833
669.05448868455,2834
670,2835
670.891022630901,2836
671.348131262345,2837
671.189712657453,2838
670.810287342546,2839
670.651868737655,2840
671.05448868455,2841
671.646821288897,2842
671.891022630901,2843
671.755798657997,2844
671.651868737655,2845
672.05448868455,2846
672.701309973447,2847
673.244201342003,2848
673.646821288897,2849
673.646821288897,2850
673.244201342003,2851
672.755798657997,2852
672.353178711102,2853
672.298690026553,2854
672.348131262345,2855
672,2856
671.597380053106,2857
671.511597315994,2858
671.542891368556,2859
671.701309973447,2860
671.646821288897,2861
671.244201342003,2862
670.810287342546,2863
670.542891368556,2864
670.402619946894,2864.94551131545
669.891022630901,2865.70130997345
669.05448868455,2866.244201342
668.353178711102,2866.70130997345
668.367346938775,2877.55102040816
668.367346938775,2887.75510204082
668.367346938775,2897.95918367347
668.367346938775,2908.16326530612
678.571428571428,2908.16326530612
678.571428571428,2918.36734693878
678.571428571428,2938.77551020408
678.571428571428,2948.97959183674
678.571428571428,2959.18367346939
678.571428571428,2969.38775510204
678.571428571428,2979.59183673469
678.571428571428,3000
678.571428571428,3010.20408163265
678.571428571428,3020.40816326531
678.571428571428,3030.61224489796
678.571428571428,3040.81632653061
678.571428571428,3061.22448979592
668.367346938775,3061.22448979592
668.367346938775,3081.63265306123
668.367346938775,3091.83673469388
668.367346938775,3102.04081632653
668.367346938775,3112.24489795918
668.367346938775,3122.44897959184
668.367346938775,3132.65306122449
668.367346938775,3142.85714285714
668.367346938775,3153.0612244898
658.163265306122,3163.26530612245
658.163265306122,3173.4693877551
658.163265306122,3183.67346938776
658.163265306122,3193.87755102041
658.163265306122,3214.28571428572
658.163265306122,3224.48979591837
658.163265306122,3234.69387755102
658.163265306122,3244.89795918367
658.163265306122,3255.10204081633
658.163265306122,3265.30612244898
647.959183673469,3275.51020408163
647.959183673469,3285.71428571429
647.959183673469,3295.91836734694
647.959183673469,3306.12244897959
647.959183673469,3316.32653061225
647.959183673469,3336.73469387755
647.959183673469,3346.93877551021
647.959183673469,3357.14285714286
647.959183673469,3367.34693877551
647.959183673469,3377.55102040816
647.959183673469,3387.75510204082
647.959183673469,3408.16326530612
637.755102040816,3428.57142857143
637.755102040816,3438.77551020408
637.755102040816,3459.18367346939
637.755102040816,3469.38775510204
637.755102040816,3489.79591836735
637.755102040816,3500
637.755102040816,3510.20408163265
627.551020408163,3520.40816326531
627.551020408163,3530.61224489796
627.551020408163,3540.81632653061
627.551020408163,3551.02040816327
627.551020408163,3561.22448979592
627.551020408163,3571.42857142857
627.551020408163,3581.63265306123
627.551020408163,3591.83673469388
627.551020408163,3602.04081632653
617.34693877551,3612.24489795918
617.34693877551,3622.44897959184
617.34693877551,3632.65306122449
617.34693877551,3642.85714285714
617.34693877551,3663.26530612245
617.34693877551,3673.4693877551
617.34693877551,3683.67346938776
617.34693877551,3693.87755102041
617.34693877551,3704.08163265306
617.34693877551,3714.28571428572
607.142857142857,3724.48979591837
607.142857142857,3734.69387755102
607.142857142857,3744.89795918367
607.142857142857,3755.10204081633
607.142857142857,3765.30612244898
607.142857142857,3775.51020408163
596.938775510204,3785.71428571429
596.938775510204,3795.91836734694
596.938775510204,3806.12244897959
596.938775510204,3816.32653061225
596.938775510204,3826.5306122449
596.938775510204,3836.73469387755
596.938775510204,3846.93877551021
596.938775510204,3857.14285714286
596.938775510204,3867.34693877551
596.938775510204,3877.55102040816
596.938775510204,3887.75510204082
596.938775510204,3897.95918367347
596.938775510204,3908.16326530612
596.938775510204,3918.36734693878
596.938775510204,3928.57142857143
596.938775510204,3938.77551020408
596.938775510204,3959.18367346939
596.938775510204,3969.38775510204
596.938775510204,3979.59183673469
596.938775510204,3989.79591836735
596.938775510204,4000
586.734693877551,4010.20408163265
586.734693877551,4010.20408163265
586.244201342003,4011.3531787111
586.402619946894,4012.05448868455
586.298690026553,4013
586.298690026553,4014
586.457108631444,4015
586.542891368556,4016
586.810287342546,4017
587.298690026553,4018
588.05448868455,4019
588.891022630901,4020
589.402619946894,4021
589.542891368556,4022
589.755798657997,4023
589.94551131545,4024
589.94551131545,4025
589.755798657997,4026
589.651868737655,4027
590.05448868455,4028
590.592332604348,4029
590.592332604348,4030
590.05448868455,4031
589.597380053106,4032
589.402619946894,4033
588.94551131545,4034
588.407667395652,4035
588.353178711102,4036
588.701309973447,4037
589,4038
589.244201342003,4039
589.457108631444,4040
589.488402684006,4041
589.402619946894,4042
588.94551131545,4043
588.407667395652,4044
588.407667395652,4045
589.05448868455,4046
589.94551131545,4047
590.592332604348,4048
590.592332604348,4049
589.94551131545,4050
589.108977369099,4051
588.651868737655,4052
588.810287342546,4053
589.298690026553,4054
589.94551131545,4055
590.348131262345,4056
590.298690026553,4057
590.353178711102,4058
590.755798657997,4059
591.244201342003,4060
591.646821288898,4061
591.646821288898,4062
591.353178711102,4063
591.407667395652,4064
592,4065
592.701309973447,4066
593.189712657454,4067
593.348131262345,4068
592.891022630901,4069
592.108977369099,4070
591.706357422205,4071
592,4072
592.293642577795,4073
591.891022630901,4074
591.108977369099,4075
590.706357422205,4076
591.108977369099,4077
591.891022630901,4078
592.402619946894,4079
592.488402684006,4080
592.402619946894,4081
591.891022630901,4082
591,4083
590.108977369099,4084
589.706357422205,4085
590,4086
590.402619946894,4087
590.542891368556,4088
590.701309973447,4089
590.646821288897,4090
590.244201342003,4091
589.701309973447,4092
588.94551131545,4093
588,4094
587.108977369099,4095
586.597380053106,4096
586.511597315993,4097
586.597380053106,4098
587,4099
587.348131262345,4100
587.298690026553,4101
587.353178711102,4102
587.646821288897,4103
587.646821288897,4104
587.244201342003,4105
586.701309973447,4106
586.05448868455,4107
585.706357422205,4108
586,4109
586.402619946894,4110
586.597380053106,4111
587.108977369099,4112
588,4113
588.891022630901,4114
589.348131262345,4115
589.189712657454,4116
588.755798657997,4117
588.353178711102,4118
588.298690026553,4119
588.348131262345,4120
588,4121
587.706357422205,4122
588.05448868455,4123
588.701309973447,4124
589.189712657453,4125
589.348131262345,4126
588.94551131545,4127
588.353178711102,4128
588.108977369099,4129
588.244201342003,4130
588.348131262345,4131
587.94551131545,4132
587.353178711102,4133
587.108977369099,4134
587.244201342003,4135
587.348131262345,4136
586.94551131545,4137
586.353178711102,4138
586,4139
585.755798657997,4140
585.651868737655,4141
586,4142
586.402619946894,4143
586.488402684006,4144
586.402619946894,4145
585.891022630901,4146
585,4147
584.108977369099,4148
583.597380053106,4149
583.457108631444,4150
583.189712657453,4151
582.755798657997,4152
582.244201342003,4153
581.701309973447,4154
581.05448868455,4155
580.706357422205,4155.94551131545
581.05448868455,4156.70130997345
581.646821288897,4157.29869002655
582,4158.05448868455
582.353178711102,4159
583.05448868455,4160
584,4161
585,4162
585.891022630901,4163
586.348131262345,4164
586.298690026553,4165
586.298690026553,4166
586.457108631444,4167
586.488402684006,4168
586.511597315993,4169
586.488402684006,4170
586.457108631444,4171
586.244201342003,4172
586.108977369099,4173
586.244201342003,4174
586.348131262345,4175
585.891022630901,4176
585,4177
584.05448868455,4178
583.298690026553,4179
582.701309973447,4180
582,4181
581.353178711102,4182
581.05448868455,4183
581.05448868455,4184
581.244201342003,4185
581.457108631444,4186
581.488402684006,4187
581.402619946894,4188
580.94551131545,4189
580.298690026553,4190
579.755798657997,4191
579.298690026553,4192
579.05448868455,4193
579.05448868455,4194
579.298690026553,4195
579.701309973447,4196
579.94551131545,4197
579.94551131545,4198
579.701309973447,4199
579.353178711102,4200
579.298690026553,4201
579.348131262345,4202
579,4203
578.706357422205,4204
579.05448868455,4205
579.701309973447,4206
580.244201342003,4207
580.755798657997,4208
581.244201342003,4209
581.701309973447,4210
581.94551131545,4211
582,4212
582.05448868455,4213
582.244201342003,4214
582.457108631444,4215
582.542891368556,4216
582.810287342546,4217
583.298690026553,4218
584,4219
584.701309973447,4220
585.298690026553,4221
586.05448868455,4222
587,4223
587.891022630901,4224
588.402619946894,4225
588.542891368556,4226
588.701309973447,4227
588.646821288897,4228
588.298690026553,4229
588.108977369099,4230
588.244201342003,4231
588.457108631444,4232
588.488402684006,4233
588.457108631444,4234
588.244201342003,4235
588.05448868455,4236
588.05448868455,4237
588.298690026553,4238
588.701309973447,4239
589,4240
589.353178711102,4241
590.05448868455,4242
590.891022630901,4243
591.293642577795,4244
590.891022630901,4245
590.108977369099,4246
589.706357422205,4247
590,4248
590.402619946894,4249
590.597380053106,4250
591.108977369099,4251
591.891022630901,4252
592.293642577795,4253
592,4254
591.651868737655,4255
591.810287342546,4256
592.189712657454,4257
592.457108631444,4258
592.597380053106,4259
593.108977369099,4260
593.94551131545,4261
594.701309973447,4262
595.244201342003,4263
595.646821288897,4264
595.701309973447,4265
595.542891368556,4266
595.457108631444,4267
595.189712657454,4268
594.810287342546,4269
594.542891368556,4270
594.402619946894,4271
593.891022630901,4272
593.05448868455,4273
592.298690026553,4274
591.810287342546,4275
591.651868737655,4276
592,4277
592.293642577795,4278
591.891022630901,4279
591,4280
590.108977369099,4281
589.651868737655,4282
589.810287342546,4283
590.189712657454,4284
590.457108631444,4285
590.542891368556,4286
590.810287342546,4287
591.298690026553,4288
592.05448868455,4289
592.891022630901,4290
593.293642577795,4291
593,4292
592.597380053106,4293
592.511597315993,4294
592.597380053106,4295
593.108977369099,4296
594,4297
594.891022630901,4298
595.402619946894,4299
595.597380053106,4300
596.108977369099,4301
597,4302
598,4303
599,4304
599.891022630901,4305
600.402619946894,4306
600.488402684006,4307
600.511597315994,4308
600.597380053106,4309
601.05448868455,4310
601.646821288897,4311
602,4312
602.298690026553,4313
602.701309973447,4314
603,4315
603.298690026553,4316
603.701309973447,4317
604,4318
604.353178711102,4319
605,4320
605.701309973447,4321
606.298690026553,4322
607.05448868455,4323
608,4324
609,4325
610,4326
611,4327
611.891022630901,4328
612.402619946894,4328.94551131545
612.488402684006,4329.70130997345
612.402619946894,4330.29869002655
611.94551131545,4331.05448868455
611.298690026553,4332
610.755798657997,4333
610.298690026553,4334
610.05448868455,4335
610.05448868455,4336
610.353178711102,4337
610.94551131545,4338
611.348131262345,4339
611.298690026553,4340
611.407667395652,4341
611.94551131545,4342
612.348131262345,4343
612.189712657454,4344
611.810287342546,4345
611.651868737655,4346
612.108977369099,4347
612.891022630901,4348
613.293642577795,4349
612.891022630901,4350
612,4351
611.05448868455,4352
610.407667395652,4353
610.407667395652,4354
610.94551131545,4355
611.293642577795,4356
611,4357
610.597380053106,4358
610.457108631444,4359
610.189712657453,4360
609.755798657997,4361
609.353178711102,4362
609.353178711102,4363
609.755798657997,4364
610.189712657454,4365
610.348131262345,4366
609.891022630901,4367
609.108977369099,4368
608.597380053106,4369
608.511597315994,4370
608.542891368556,4371
608.701309973447,4372
608.592332604348,4373
608.05448868455,4374
607.597380053106,4375
607.511597315994,4376
607.488402684006,4377
607.511597315994,4378
607.542891368556,4379
607.810287342546,4380
608.244201342003,4381
608.755798657997,4382
609.298690026553,4383
610.05448868455,4384
610.94551131545,4385
611.646821288897,4386
611.94551131545,4387
612.05448868455,4388
612.244201342003,4389
612.402619946894,4390
612.244201342003,4391
612,4392
611.755798657997,4393
611.542891368556,4394
611.511597315994,4395
611.488402684006,4396
611.457108631444,4397
611.189712657454,4398
610.810287342546,4399
610.651868737655,4400
611,4401
611.348131262345,4402
611.189712657454,4403
610.701309973447,4404
610,4405
609.298690026553,4406
608.755798657997,4407
608.353178711102,4408
608.407667395652,4409
609.05448868455,4410
609.94551131545,4411
610.701309973447,4412
611.298690026553,4413
611.94551131545,4414
612.293642577795,4415
612,4416
611.651868737655,4417
611.701309973447,4418
611.701309973447,4419
611.651868737655,4420
612,4421
612.293642577795,4422
612,4423
611.597380053106,4424
611.457108631444,4425
611.189712657454,4426
610.701309973447,4427
610.05448868455,4428
609.706357422205,4429
610,4430
610.293642577795,4431
610,4432
609.706357422205,4433
610,4434
610.293642577795,4435
610,4436
609.597380053106,4437
609.402619946894,4438
609,4439
608.706357422205,4440
609,4441
609.402619946894,4442
609.488402684006,4443
609.402619946894,4444
609,4445
608.706357422205,4446
609,4447
609.402619946894,4448
609.488402684006,4449
609.402619946894,4450
609,4451
608.597380053106,4452
608.402619946894,4453
607.891022630901,4454
607.05448868455,4455
606.407667395652,4456
606.353178711102,4457
606.701309973447,4457.94551131545
606.94551131545,4458.6468212889
617.34693877551,4469.38775510204
617.34693877551,4479.59183673469
617.34693877551,4489.79591836735
617.34693877551,4500
617.34693877551,4510.20408163265
617.34693877551,4520.40816326531
617.34693877551,4530.61224489796
617.34693877551,4551.02040816327
617.34693877551,4561.22448979592
617.34693877551,4571.42857142857
617.34693877551,4581.63265306123
617.34693877551,4602.04081632653
617.34693877551,4612.24489795918
617.34693877551,4632.65306122449
617.34693877551,4653.0612244898
617.34693877551,4663.26530612245
617.34693877551,4683.67346938776
617.34693877551,4693.87755102041
617.34693877551,4714.28571428572
617.34693877551,4724.48979591837
617.34693877551,4744.89795918368
617.34693877551,4755.10204081633
617.34693877551,4775.51020408163
617.34693877551,4785.71428571429
617.34693877551,4795.91836734694
617.34693877551,4806.12244897959
617.34693877551,4816.32653061225
617.34693877551,4826.5306122449
617.34693877551,4836.73469387755
617.34693877551,4846.93877551021
617.34693877551,4857.14285714286
617.34693877551,4867.34693877551
627.551020408163,4877.55102040816
627.551020408163,4887.75510204082
627.551020408163,4897.95918367347
627.551020408163,4908.16326530612
627.551020408163,4918.36734693878
627.551020408163,4928.57142857143
627.551020408163,4938.77551020408
627.551020408163,4948.97959183674
637.755102040816,4959.18367346939
637.755102040816,4979.59183673469
637.755102040816,4989.79591836735
637.755102040816,5000
637.755102040816,5010.20408163265
637.755102040816,5020.40816326531
647.959183673469,5030.61224489796
647.959183673469,5040.81632653061
647.959183673469,5051.02040816327
647.959183673469,5071.42857142857
647.959183673469,5081.63265306123
647.959183673469,5091.83673469388
647.959183673469,5102.04081632653
647.959183673469,5112.24489795918
647.959183673469,5132.65306122449
658.163265306122,5142.85714285714
658.163265306122,5153.0612244898
658.163265306122,5163.26530612245
658.163265306122,5183.67346938776
658.163265306122,5193.87755102041
658.163265306122,5204.08163265306
668.367346938775,5214.28571428572
668.367346938775,5224.48979591837
668.367346938775,5234.69387755102
668.367346938775,5244.89795918368
678.571428571428,5255.10204081633
678.571428571428,5265.30612244898
688.775510204082,5285.71428571429
688.775510204082,5295.91836734694
698.979591836734,5316.32653061225
698.979591836734,5326.5306122449
698.979591836734,5336.73469387755
698.979591836734,5346.93877551021
709.183673469388,5367.34693877551
709.183673469388,5387.75510204082
709.183673469388,5397.95918367347
719.387755102041,5397.95918367347
719.387755102041,5408.16326530612
719.387755102041,5418.36734693878
729.591836734694,5428.57142857143
729.591836734694,5448.97959183674
739.795918367347,5459.18367346939
739.795918367347,5469.38775510204
750,5479.59183673469
750,5500
760.204081632653,5510.20408163265
760.204081632653,5520.40816326531
760.204081632653,5540.81632653061
770.408163265306,5551.02040816327
780.612244897959,5561.22448979592
780.612244897959,5571.42857142857
780.612244897959,5581.63265306123
790.816326530612,5591.83673469388
801.020408163266,5612.24489795919
811.224489795918,5622.44897959184
821.428571428572,5642.85714285714
821.428571428572,5653.0612244898
831.632653061224,5673.4693877551
831.632653061224,5683.67346938776
831.632653061224,5693.87755102041
831.632653061224,5704.08163265306
831.632653061224,5704.08163265306
833.054488684549,5705.3531787111
833.353178711102,5706.05448868455
834.054488684549,5707
835,5707.94551131545
836,5708.70130997345
837,5709.29869002655
838,5710.05448868455
839,5711
839.94551131545,5712
840.701309973447,5713
841.298690026553,5714
842.054488684549,5715
843,5716
843.94551131545,5717
844.701309973447,5718
845.298690026553,5719
846.05448868455,5719.94551131545
847,5720.6468212889
848,5721
849,5721.3531787111
850,5722.05448868455
851,5723
852,5724
852.94551131545,5725
853.701309973447,5726
854.298690026553,5727
855.05448868455,5728
856,5728.94551131545
857,5729.70130997345
858,5730.29869002655
858.94551131545,5731.05448868455
859.701309973447,5732
860.298690026553,5733
861.05448868455,5734
862,5734.94551131545
863,5735.70130997345
863.94551131545,5736.29869002655
864.701309973447,5737.05448868455
865.244201342003,5738
865.701309973447,5739
865.94551131545,5740
866,5741
866,5742
866.05448868455,5743
866.353178711102,5744
867.05448868455,5745
868,5745.94551131545
869,5746.70130997345
869.94551131545,5747.29869002655
870.701309973447,5748.05448868455
871.298690026553,5749
872.05448868455,5750
873,5751
874,5752
874.94551131545,5753
875.701309973447,5754
876.298690026553,5755
877.05448868455,5756
878,5756.94551131545
878.94551131545,5757.70130997345
879.701309973447,5758.29869002655
880.298690026553,5759.05448868455
881.05448868455,5760
881.94551131545,5761
882.701309973447,5762
883.244201342003,5763
883.755798657997,5764
884.244201342003,5765
884.755798657997,5766
885.298690026553,5767
886,5768
886.646821288897,5769
886.94551131545,5770
887,5771
887.05448868455,5772
887.353178711102,5773
888.05448868455,5774
889,5775
890,5775.94551131545
891,5776.70130997345
892,5777.244201342
893,5777.755798658
894,5778.29869002655
895,5779.05448868455
895.891022630901,5780
896.402619946894,5781
896.542891368556,5782
896.810287342546,5783
897.298690026553,5784
898.05448868455,5785
898.94551131545,5786
899.701309973447,5787
900.298690026553,5788
901.054488684549,5789
902,5790
902.94551131545,5791
903.701309973447,5792
904.244201342003,5793
904.701309973447,5794
905,5795
905.298690026553,5796
905.755798657997,5797
906.298690026553,5797.94551131545
907,5798.70130997345
907.646821288897,5799.29869002655
908,5800.05448868455
908.353178711102,5801
908.94551131545,5802
909.293642577795,5803
909,5804
908.706357422205,5805
909.05448868455,5806
909.701309973447,5807
910.298690026553,5808
911.05448868455,5809
912,5810
913,5811
913.94551131545,5812
914.701309973447,5813
915.298690026553,5814
916.05448868455,5815
917,5815.94551131545
917.891022630901,5816.70130997345
918.402619946894,5817.29869002655
918.597380053106,5818.05448868455
919.108977369099,5819
920,5820
921,5821
921.94551131545,5822
922.701309973447,5823
923.298690026553,5824
924.05448868455,5824.94551131545
924.94551131545,5825.70130997345
925.646821288897,5826.29869002655
926,5827.05448868455
926.353178711102,5828
927,5829
927.701309973447,5830
928.298690026553,5831
929.05448868455,5832
930,5832.94551131545
931,5833.70130997345
932,5834.29869002655
933,5835
934,5835.70130997345
935,5836.29869002655
936,5837.05448868455
937,5838
938,5839
939,5840
940,5841
941,5842
942,5843
942.891022630901,5844
943.402619946894,5845
943.542891368556,5845.94551131545
943.755798657997,5846.6468212889
954.081632653061,5857.14285714286
954.081632653061,5877.55102040816
964.285714285714,5887.75510204082
964.285714285714,5897.95918367347
974.489795918367,5897.95918367347
974.489795918367,5908.16326530612
974.489795918367,5918.36734693878
984.69387755102,5928.57142857143
994.897959183673,5938.77551020408
994.897959183673,5948.97959183674
1005.10204081633,5948.97959183674
1005.10204081633,5959.18367346939
1015.30612244898,5969.38775510204
1015.30612244898,5979.59183673469
1025.51020408163,5989.79591836735
1035.71428571429,6000
1035.71428571429,6010.20408163265
1045.91836734694,6020.40816326531
1045.91836734694,6030.61224489796
1056.12244897959,6040.81632653061
1066.32653061224,6051.02040816327
1066.32653061224,6061.22448979592
1076.5306122449,6071.42857142857
1076.5306122449,6081.63265306123
1086.73469387755,6081.63265306123
1086.73469387755,6091.83673469388
1096.9387755102,6091.83673469388
1096.9387755102,6102.04081632653
1096.9387755102,6112.24489795919
1107.14285714286,6122.44897959184
1107.14285714286,6132.65306122449
1117.34693877551,6142.85714285714
1117.34693877551,6153.0612244898
1127.55102040816,6163.26530612245
1127.55102040816,6173.4693877551
1137.75510204082,6193.87755102041
1137.75510204082,6204.08163265306
1147.95918367347,6204.08163265306
1147.95918367347,6214.28571428572
1158.16326530612,6214.28571428572
1158.16326530612,6224.48979591837
1168.36734693877,6224.48979591837
1178.57142857143,6224.48979591837
1178.57142857143,6234.69387755102
1188.77551020408,6234.69387755102
1198.97959183673,6234.69387755102
1209.18367346939,6244.89795918368
1219.38775510204,6255.10204081633
1229.59183673469,6255.10204081633
1239.79591836735,6265.30612244898
1250,6265.30612244898
1260.20408163265,6275.51020408163
1270.40816326531,6285.71428571429
1280.61224489796,6285.71428571429
1290.81632653061,6295.91836734694
1301.02040816327,6295.91836734694
1311.22448979592,6306.12244897959
1321.42857142857,6306.12244897959
1331.63265306122,6316.32653061225
1341.83673469388,6326.5306122449
1352.04081632653,6326.5306122449
1362.24489795918,6336.73469387755
1382.65306122449,6346.93877551021
1392.85714285714,6346.93877551021
1403.0612244898,6346.93877551021
1403.0612244898,6357.14285714286
1413.26530612245,6367.34693877551
1423.4693877551,6367.34693877551
1433.67346938776,6377.55102040816
1443.87755102041,6377.55102040816
1443.87755102041,6387.75510204082
1454.08163265306,6387.75510204082
1464.28571428571,6397.95918367347
1474.48979591837,6397.95918367347
1484.69387755102,6408.16326530612
1494.89795918367,6418.36734693878
1505.10204081633,6418.36734693878
1515.30612244898,6428.57142857143
1525.51020408163,6428.57142857143
1535.71428571429,6428.57142857143
1545.91836734694,6428.57142857143
1556.12244897959,6428.57142857143
1566.32653061224,6438.77551020408
1576.5306122449,6438.77551020408
1586.73469387755,6438.77551020408
1596.9387755102,6438.77551020408
1596.9387755102,6448.97959183674
1607.14285714286,6448.97959183674
1617.34693877551,6448.97959183674
1637.75510204082,6459.18367346939
1647.95918367347,6459.18367346939
1658.16326530612,6469.38775510204
1668.36734693877,6469.38775510204
1678.57142857143,6479.5918367347
1688.77551020408,6479.5918367347
1698.97959183673,6479.5918367347
1709.18367346939,6489.79591836735
1719.38775510204,6489.79591836735
1729.59183673469,6489.79591836735
1739.79591836735,6500
1750,6500
1760.20408163265,6510.20408163265
1770.40816326531,6510.20408163265
1780.61224489796,6510.20408163265
1780.61224489796,6520.40816326531
1790.81632653061,6520.40816326531
1801.02040816327,6520.40816326531
1811.22448979592,6520.40816326531
1821.42857142857,6530.61224489796
1831.63265306122,6530.61224489796
1841.83673469388,6530.61224489796
1852.04081632653,6530.61224489796
1862.24489795918,6530.61224489796
1872.44897959184,6540.81632653061
1882.65306122449,6540.81632653061
1892.85714285714,6540.81632653061
1903.0612244898,6540.81632653061
1913.26530612245,6540.81632653061
1933.67346938776,6540.81632653061
1954.08163265306,6540.81632653061
1964.28571428571,6540.81632653061
1974.48979591837,6540.81632653061
1984.69387755102,6540.81632653061
1994.89795918367,6540.81632653061
2005.10204081633,6540.81632653061
2015.30612244898,6540.81632653061
2025.51020408163,6540.81632653061
2035.71428571429,6540.81632653061
2045.91836734694,6540.81632653061
2056.12244897959,6540.81632653061
2066.32653061224,6540.81632653061
2076.5306122449,6540.81632653061
2086.73469387755,6540.81632653061
2096.9387755102,6540.81632653061
2107.14285714286,6540.81632653061
2117.34693877551,6540.81632653061
2127.55102040816,6540.81632653061
2137.75510204082,6540.81632653061
2147.95918367347,6540.81632653061
2158.16326530612,6540.81632653061
2168.36734693877,6530.61224489796
2270.40816326531,6510.20408163265
2341.83673469388,6489.79591836735
2352.04081632653,6489.79591836735
2372.44897959184,6479.5918367347
2392.85714285714,6479.5918367347
2403.0612244898,6469.38775510204
2423.4693877551,6469.38775510204
2433.67346938775,6469.38775510204
2433.67346938775,6459.18367346939
2443.87755102041,6459.18367346939
2454.08163265306,6459.18367346939
2464.28571428571,6448.97959183674
2474.48979591837,6448.97959183674
2484.69387755102,6438.77551020408
2494.89795918367,6438.77551020408
2505.10204081633,6438.77551020408
2515.30612244898,6438.77551020408
2525.51020408163,6428.57142857143
2535.71428571429,6428.57142857143
2545.91836734694,6428.57142857143
2556.12244897959,6418.36734693878
2566.32653061224,6418.36734693878
2576.5306122449,6418.36734693878
2586.73469387755,6408.16326530612
2596.9387755102,6408.16326530612
2607.14285714286,6408.16326530612
2617.34693877551,6397.95918367347
2627.55102040816,6397.95918367347
2637.75510204082,6397.95918367347
2647.95918367347,6397.95918367347
2658.16326530612,6397.95918367347
2658.16326530612,6387.75510204082
2668.36734693877,6387.75510204082
2678.57142857143,6387.75510204082
2688.77551020408,6387.75510204082
2688.77551020408,6377.55102040816
2698.97959183674,6377.55102040816
2709.18367346939,6367.34693877551
2719.38775510204,6367.34693877551
2729.59183673469,6367.34693877551
2729.59183673469,6357.14285714286
2739.79591836735,6357.14285714286
2750,6357.14285714286
2760.20408163265,6346.93877551021
2770.40816326531,6346.93877551021
2780.61224489796,6336.73469387755
2790.81632653061,6336.73469387755
2801.02040816326,6326.5306122449
2811.22448979592,6316.32653061225
2821.42857142857,6316.32653061225
2831.63265306123,6316.32653061225
2841.83673469388,6306.12244897959
2852.04081632653,6306.12244897959
2872.44897959184,6295.91836734694
2882.65306122449,6285.71428571429
2892.85714285714,6285.71428571429
2903.0612244898,6275.51020408163
2913.26530612245,6275.51020408163
2923.4693877551,6265.30612244898
2933.67346938775,6265.30612244898
2943.87755102041,6255.10204081633
2954.08163265306,6244.89795918368
2974.48979591837,6234.69387755102
2984.69387755102,6234.69387755102
2984.69387755102,6224.48979591837
2994.89795918367,6224.48979591837
3005.10204081633,6214.28571428572
3025.51020408163,6204.08163265306
3045.91836734694,6193.87755102041
3056.12244897959,6183.67346938776
3066.32653061224,6183.67346938776
3076.5306122449,6173.4693877551
3086.73469387755,6163.26530612245
3096.9387755102,6163.26530612245
3107.14285714286,6153.0612244898
3117.34693877551,6153.0612244898
3127.55102040816,6142.85714285714
3137.75510204082,6142.85714285714
3147.95918367347,6132.65306122449
3158.16326530612,6122.44897959184
3168.36734693877,6112.24489795919
3178.57142857143,6102.04081632653
3188.77551020408,6091.83673469388
3198.97959183674,6081.63265306123
3198.97959183674,6071.42857142857
3209.18367346939,6071.42857142857
3219.38775510204,6061.22448979592
3229.59183673469,6051.02040816327
3239.79591836735,6040.81632653061
3260.20408163265,6030.61224489796
3270.40816326531,6020.40816326531
3280.61224489796,6010.20408163265
3290.81632653061,6000
3301.02040816326,5989.79591836735
3311.22448979592,5989.79591836735
3321.42857142857,5979.59183673469
3331.63265306123,5979.59183673469
3331.63265306123,5969.38775510204
3341.83673469388,5969.38775510204
3352.04081632653,5959.18367346939
3362.24489795918,5959.18367346939
3372.44897959184,5959.18367346939
3464.28571428571,5928.57142857143
3556.12244897959,5908.16326530612
3566.32653061224,5908.16326530612
3586.73469387755,5897.95918367347
3596.9387755102,5897.95918367347
3607.14285714286,5897.95918367347
3617.34693877551,5897.95918367347
3627.55102040816,5887.75510204082
3637.75510204082,5887.75510204082
3647.95918367347,5887.75510204082
3658.16326530612,5887.75510204082
3668.36734693877,5877.55102040816
3678.57142857143,5877.55102040816
3688.77551020408,5877.55102040816
3698.97959183674,5867.34693877551
3709.18367346939,5867.34693877551
3719.38775510204,5857.14285714286
3719.38775510204,5846.93877551021
3729.59183673469,5846.93877551021
3739.79591836735,5836.73469387755
3739.79591836735,5826.5306122449
3750,5826.5306122449
3760.20408163265,5816.32653061225
3770.40816326531,5806.12244897959
3770.40816326531,5795.91836734694
3780.61224489796,5795.91836734694
3780.61224489796,5785.71428571429
3790.81632653061,5775.51020408163
3790.81632653061,5765.30612244898
3801.02040816326,5765.30612244898
3801.02040816326,5755.10204081633
3811.22448979592,5744.89795918368
3821.42857142857,5734.69387755102
3821.42857142857,5724.48979591837
3831.63265306123,5714.28571428572
3831.63265306123,5704.08163265306
3831.63265306123,5693.87755102041
3841.83673469388,5693.87755102041
3852.04081632653,5683.67346938776
3852.04081632653,5673.4693877551
3862.24489795918,5663.26530612245
3872.44897959184,5663.26530612245
3872.44897959184,5653.0612244898
3882.65306122449,5642.85714285714
3892.85714285714,5642.85714285714
3892.85714285714,5632.65306122449
3903.0612244898,5632.65306122449
3903.0612244898,5622.44897959184
3913.26530612245,5622.44897959184
3923.4693877551,5612.24489795919
3933.67346938775,5602.04081632653
3943.87755102041,5591.83673469388
3954.08163265306,5581.63265306123
3964.28571428571,5571.42857142857
3964.28571428571,5561.22448979592
3974.48979591837,5561.22448979592
3974.48979591837,5551.02040816327
3984.69387755102,5540.81632653061
3994.89795918367,5530.61224489796
3994.89795918367,5520.40816326531
3994.89795918367,5510.20408163265
4005.10204081633,5500
4005.10204081633,5489.79591836735
4005.10204081633,5479.59183673469
3994.89795918367,5469.38775510204
3994.89795918367,5459.18367346939
3994.89795918367,5448.97959183674
3994.89795918367,5438.77551020408
3994.89795918367,5428.57142857143
3994.89795918367,5428.57142857143
3994.244201342,5427.6468212889
3994.45710863144,5426.94551131545
3994.48840268401,5426
3994.45710863144,5425
3994.29869002655,5424
3994.40766739565,5423
3994.94551131545,5422
3995.29364257779,5421
3994.8910226309,5420
3994,5419
3993.05448868455,5418
3992.29869002655,5417
3991.81028734255,5416
3991.54289136856,5415
3991.45710863144,5414
3991.18971265745,5413
3990.70130997345,5412
3990.05448868455,5411
3989.59738005311,5410
3989.51159731599,5409
3989.54289136856,5408
3989.81028734255,5407
3990.29869002655,5406
3990.94551131545,5405
3991.40261994689,5404
3991.59738005311,5403
3992.1089773691,5402
3992.8910226309,5401
3993.34813126234,5400
3993.18971265745,5399
3992.70130997345,5398
3991.94551131545,5397
3991.05448868455,5396
3990.29869002655,5395
3989.70130997345,5394
3988.94551131545,5393
3988.05448868455,5392
3987.29869002655,5391
3986.70130997345,5390
3985.94551131545,5389
3985,5388
3984,5387
3983.1089773691,5386
3982.7063574222,5385
3983.1089773691,5384
3984,5383
3985,5382
3985.94551131545,5381
3986.59233260435,5380
3986.6468212889,5379
3986.244201342,5378
3985.81028734255,5377
3985.54289136856,5376
3985.40261994689,5375
3985,5374
3984.59738005311,5373
3984.40261994689,5372
3983.8910226309,5371
3983.05448868455,5370
3982.40766739565,5369
3982.40766739565,5368
3983.05448868455,5367
3983.8910226309,5366
3984.29364257779,5365
3984,5364
3983.59738005311,5363
3983.45710863144,5362
3983.18971265745,5361
3982.81028734255,5360
3982.54289136856,5359
3982.51159731599,5358
3982.54289136856,5357
3982.81028734255,5356
3983.29869002655,5355
3984.05448868455,5354
3984.8910226309,5353
3985.34813126234,5352
3985.29869002655,5351
3985.3531787111,5350
3985.6468212889,5349
3985.70130997345,5348
3985.65186873766,5347
3986.1089773691,5346
3986.8910226309,5345
3987.34813126234,5344
3987.18971265745,5343
3986.755798658,5342
3986.244201342,5341
3985.755798658,5340
3985.244201342,5339
3984.70130997345,5338
3984.05448868455,5337
3983.7063574222,5336
3984.1089773691,5335
3984.94551131545,5334
3985.70130997345,5333
3986.29869002655,5332
3986.94551131545,5331
3987.34813126234,5330
3987.18971265745,5329
3986.81028734255,5328
3986.54289136856,5327
3986.45710863144,5326
3986.18971265745,5325
3985.81028734255,5324
3985.65186873766,5323
3986.1089773691,5322
3987,5321
3988,5320
3988.8910226309,5319
3989.29364257779,5318
3988.94551131545,5317
3988.29869002655,5316
3987.755798658,5315
3987.29869002655,5314
3987.1089773691,5313
3987.3531787111,5312
3988.05448868455,5311
3988.94551131545,5310
3989.6468212889,5309
3989.8910226309,5308
3989.70130997345,5307
3989.244201342,5306
3988.81028734255,5305
3988.59738005311,5304
3988.81028734255,5303
3989.29869002655,5302
3990,5301
3990.70130997345,5300
3991.29869002655,5299
3991.94551131545,5298
3992.29364257779,5297
3991.8910226309,5296
3991,5295
3990,5294
3989,5293
3988.1089773691,5292
3987.59738005311,5291
3987.40261994689,5290
3987,5289
3986.59738005311,5288
3986.51159731599,5287
3986.48840268401,5286
3986.40261994689,5285
3986,5284
3985.59738005311,5283
3985.51159731599,5282
3985.48840268401,5281
3985.40261994689,5280
3985,5279
3984.7063574222,5278
3985.1089773691,5277
3986,5276
3986.8910226309,5275
3987.40261994689,5274
3987.48840268401,5273
3987.45710863144,5272
3987.18971265745,5271
3986.81028734255,5270
3986.54289136856,5269
3986.40261994689,5268
3985.8910226309,5267
3985,5266
3984.1089773691,5265
3983.7063574222,5264
3984.05448868455,5263
3984.59233260435,5262
3984.59233260435,5261
3983.94551131545,5260
3983.05448868455,5259
3982.40766739565,5258
3982.3531787111,5257
3982.6468212889,5256
3982.70130997345,5255
3982.65186873766,5254
3983.05448868455,5253
3983.59233260435,5252
3983.6468212889,5251
3983.244201342,5250
3982.70130997345,5249
3982,5248
3981.29869002655,5247
3980.70130997345,5246
3980,5245
3979.40766739565,5244
3979.40766739565,5243
3980.05448868455,5242
3980.8910226309,5241
3981.40261994689,5240
3981.59738005311,5239
3982,5238
3982.40261994689,5237
3982.48840268401,5236
3982.40261994689,5235
3982,5234
3981.65186873765,5233
3981.81028734255,5232
3982.29869002655,5231
3982.94551131545,5230
3983.34813126234,5229
3983.18971265745,5228
3982.755798658,5227
3982.244201342,5226
3981.81028734255,5225
3981.65186873765,5224
3982,5223
3982.29364257779,5222
3981.8910226309,5221
3981,5220
3980,5219
3979.1089773691,5218
3978.7063574222,5217
3979.1089773691,5216
3979.8910226309,5215
3980.29364257779,5214
3980,5213
3979.59738005311,5212
3979.40261994689,5211
3978.8910226309,5210
3978.1089773691,5209
3977.7063574222,5208
3978.05448868455,5207
3978.59233260435,5206
3978.6468212889,5205
3978.244201342,5204
3977.70130997345,5203
3977,5202
3976.29869002655,5201
3975.755798658,5200
3975.29869002655,5199
3975,5198
3974.755798658,5197
3974.54289136856,5196
3974.40261994689,5195
3973.8910226309,5194
3973,5193
3972,5192
3971,5191
3970.05448868455,5190
3969.29869002655,5189
3968.70130997345,5188
3967.94551131545,5187
3967.05448868455,5186
3966.29869002655,5185
3965.755798658,5184
3965.244201342,5183
3964.755798658,5182
3964.3531787111,5181
3964.3531787111,5180
3964.755798658,5179
3965.18971265745,5178
3965.45710863144,5177
3965.54289136856,5176
3965.81028734255,5175
3966.244201342,5174
3966.6468212889,5173
3966.6468212889,5172
3966.244201342,5171
3965.755798658,5170
3965.29869002655,5169
3965.1089773691,5168
3965.244201342,5167
3965.34813126234,5166
3965,5165
3964.65186873766,5164
3964.70130997345,5163
3964.70130997345,5162
3964.65186873766,5161
3965.05448868455,5160
3965.70130997345,5159
3966.244201342,5158
3966.755798658,5157
3967.29869002655,5156
3968.05448868455,5155
3968.94551131545,5154
3969.70130997345,5153
3970.29869002655,5152
3970.94551131545,5151
3971.29364257779,5150
3971,5149
3970.65186873766,5148
3970.755798658,5147
3970.94551131545,5146
3970.94551131545,5145
3970.70130997345,5144
3970.3531787111,5143
3970.29869002655,5142
3970.45710863144,5141
3970.54289136856,5140
3970.70130997345,5139
3970.70130997345,5138
3970.54289136856,5137
3970.45710863144,5136
3970.29869002655,5135
3970.3531787111,5134
3970.6468212889,5133
3970.59233260435,5132
3969.94551131545,5131
3969,5130
3968.05448868455,5129
3967.29869002655,5128
3966.755798658,5127
3966.3531787111,5126
3966.29869002655,5125
3966.45710863144,5124
3966.54289136856,5123
3966.70130997345,5122
3966.59233260435,5121
3965.94551131545,5120
3965,5119
3964.1089773691,5118
3963.59738005311,5117
3963.40261994689,5116
3963,5115
3962.59738005311,5114
3962.51159731599,5113
3962.59738005311,5112
3963.1089773691,5111
3963.8910226309,5110
3964.34813126234,5109
3964.18971265745,5108
3963.70130997345,5107
3963,5106
3962.29869002655,5105
3961.70130997345,5104
3960.94551131545,5103
3960.1089773691,5102
3959.59738005311,5101
3959.40261994689,5100
3958.94551131545,5099
3958.40766739565,5098
3958.29869002655,5097
3958.34813126234,5096
3958,5095
3957.7063574222,5094
3958.05448868455,5093
3958.6468212889,5092
3958.94551131545,5091
3959.05448868455,5090
3959.244201342,5089
3959.40261994689,5088
3959.244201342,5087
3959.05448868455,5086
3958.94551131545,5085
3958.70130997345,5084
3958.29869002655,5083
3958.1089773691,5082
3958.3531787111,5081
3959.05448868455,5080
3959.94551131545,5079
3960.59233260435,5078
3960.70130997345,5077
3960.59738005311,5076
3960.81028734255,5075
3961.244201342,5074
3961.755798658,5073
3962.244201342,5072
3962.6468212889,5071
3962.70130997345,5070
3962.54289136856,5069
3962.45710863144,5068
3962.29869002655,5067
3962.40766739565,5066
3963,5065
3963.6468212889,5064
3964,5063
3964.3531787111,5062
3964.94551131545,5061
3965.40261994689,5060
3965.59738005311,5059
3966.1089773691,5058.05448868455
3967,5057.29869002655
3968,5056.70130997345
3969,5055.94551131545
3970,5055
3971,5054
3971.94551131545,5053
3972.70130997345,5052.05448868455
3973.244201342,5051.3531787111
3973.70130997345,5051.05448868455
3994.89795918367,4204.08163265306
3903.0612244898,3132.65306122449
3903.0612244898,3132.65306122449
3668.36734693877,1234.69387755102
