4444.58598726115,1064.96815286624
4434.3949044586,1064.96815286624
4414.0127388535,1064.96815286624
4393.63057324841,1064.96815286624
4383.43949044586,1064.96815286624
4373.24840764331,1064.96815286624
4363.05732484077,1064.96815286624
4352.86624203822,1054.77707006369
4342.67515923567,1054.77707006369
4332.48407643312,1054.77707006369
4322.29299363057,1054.77707006369
4312.10191082803,1054.77707006369
4312.10191082803,1044.58598726115
4301.91082802548,1044.58598726115
4179.61783439491,1014.0127388535
4077.70700636943,983.43949044586
4047.13375796179,973.248407643312
4036.94267515924,973.248407643312
4026.75159235669,973.248407643312
4016.56050955414,973.248407643312
4006.36942675159,973.248407643312
3996.17834394905,973.248407643312
3996.17834394905,963.057324840764
3985.9872611465,963.057324840764
3975.79617834395,963.057324840764
3965.6050955414,963.057324840764
3955.41401273886,963.057324840764
3955.41401273886,952.866242038216
3945.22292993631,952.866242038216
3935.03184713376,952.866242038216
3924.84076433121,952.866242038216
3914.64968152866,952.866242038216
3904.45859872612,952.866242038216
3894.26751592357,952.866242038216
3884.07643312102,952.866242038216
3873.88535031847,952.866242038216
3863.69426751593,952.866242038216
3853.50318471338,942.675159235669
3843.31210191083,942.675159235669
3833.12101910828,942.675159235669
3822.92993630573,942.675159235669
3812.73885350319,942.675159235669
3802.54777070064,942.675159235669
3792.35668789809,942.675159235669
3782.16560509554,942.675159235669
3782.16560509554,932.484076433121
3771.974522293,932.484076433121
3761.78343949045,932.484076433121
3751.5923566879,932.484076433121
3741.40127388535,932.484076433121
3731.2101910828,932.484076433121
3721.01910828026,932.484076433121
3710.82802547771,932.484076433121
3700.63694267516,932.484076433121
3619.10828025478,922.292993630574
3547.77070063694,912.101910828025
3537.5796178344,912.101910828025
3517.1974522293,912.101910828025
3507.00636942675,901.910828025478
3496.8152866242,901.910828025478
3456.05095541401,901.910828025478
3415.28662420382,891.71974522293
3405.09554140128,891.71974522293
3394.90445859873,891.71974522293
3384.71337579618,891.71974522293
3374.52229299363,891.71974522293
3364.33121019108,891.71974522293
3354.14012738854,891.71974522293
3343.94904458599,901.910828025478
3333.75796178344,901.910828025478
3323.56687898089,901.910828025478
3313.37579617834,901.910828025478
3303.1847133758,901.910828025478
3292.99363057325,901.910828025478
3292.99363057325,912.101910828025
3282.8025477707,912.101910828025
3272.61146496815,912.101910828025
3252.22929936306,912.101910828025
3242.03821656051,912.101910828025
3231.84713375796,922.292993630574
3221.65605095542,922.292993630574
3211.46496815287,922.292993630574
3191.08280254777,922.292993630574
3180.89171974522,922.292993630574
3170.70063694268,922.292993630574
3160.50955414013,932.484076433121
3150.31847133758,932.484076433121
3140.12738853503,932.484076433121
3129.93630573249,932.484076433121
3119.74522292994,932.484076433121
3109.55414012739,932.484076433121
3099.36305732484,942.675159235669
3089.17197452229,942.675159235669
3078.98089171975,942.675159235669
3068.7898089172,942.675159235669
3058.59872611465,942.675159235669
3048.4076433121,952.866242038216
3038.21656050956,952.866242038216
3028.02547770701,952.866242038216
3017.83439490446,952.866242038216
3007.64331210191,963.057324840764
2997.45222929936,963.057324840764
2987.26114649682,963.057324840764
2977.07006369427,963.057324840764
2926.11464968153,983.43949044586
2875.15923566879,993.630573248407
2864.96815286624,993.630573248407
2854.7770700637,1003.82165605096
2763.05732484077,1034.3949044586
2671.33757961784,1064.96815286624
2661.14649681529,1064.96815286624
2650.95541401274,1075.15923566879
2640.76433121019,1075.15923566879
2630.57324840764,1085.35031847134
2620.3821656051,1085.35031847134
2610.19108280255,1085.35031847134
2600,1085.35031847134
2589.80891719745,1085.35031847134
2579.61783439491,1095.54140127389
2569.42675159236,1095.54140127389
2559.23566878981,1095.54140127389
2549.04458598726,1105.73248407643
2538.85350318472,1105.73248407643
2528.66242038217,1105.73248407643
2508.28025477707,1115.92356687898
2498.08917197452,1115.92356687898
2487.89808917198,1126.11464968153
2477.70700636943,1126.11464968153
2467.51592356688,1126.11464968153
2457.32484076433,1136.30573248408
2447.13375796178,1136.30573248408
2426.75159235669,1146.49681528662
2416.56050955414,1146.49681528662
2406.36942675159,1146.49681528662
2396.17834394905,1156.68789808917
2385.9872611465,1156.68789808917
2375.79617834395,1156.68789808917
2365.6050955414,1156.68789808917
2355.41401273885,1166.87898089172
2345.22292993631,1166.87898089172
2335.03184713376,1177.07006369427
2324.84076433121,1177.07006369427
2314.64968152866,1177.07006369427
2304.45859872612,1177.07006369427
2294.26751592357,1187.26114649681
2284.07643312102,1187.26114649681
2273.88535031847,1187.26114649681
2273.88535031847,1197.45222929936
2263.69426751592,1197.45222929936
2253.50318471338,1197.45222929936
2243.31210191083,1197.45222929936
2243.31210191083,1207.64331210191
2212.73885350319,1217.83439490446
2202.54777070064,1228.02547770701
2192.35668789809,1228.02547770701
2182.16560509554,1228.02547770701
2171.974522293,1228.02547770701
2131.2101910828,1258.59872611465
2121.01910828026,1258.59872611465
2110.82802547771,1258.59872611465
2110.82802547771,1268.7898089172
2100.63694267516,1268.7898089172
2070.06369426752,1289.17197452229
2059.87261146497,1289.17197452229
2049.68152866242,1299.36305732484
2029.29936305733,1309.55414012739
2019.10828025478,1319.74522292994
2008.91719745223,1319.74522292994
1998.72611464968,1329.93630573248
1988.53503184713,1340.12738853503
1978.34394904459,1340.12738853503
1968.15286624204,1350.31847133758
1957.96178343949,1350.31847133758
1947.77070063694,1360.50955414013
1937.5796178344,1370.70063694267
1927.38853503185,1370.70063694267
1917.1974522293,1380.89171974522
1907.00636942675,1391.08280254777
1896.81528662421,1391.08280254777
1886.62420382166,1401.27388535032
1876.43312101911,1411.46496815287
1876.43312101911,1421.65605095541
1866.24203821656,1421.65605095541
1856.05095541401,1431.84713375796
1856.05095541401,1442.03821656051
1845.85987261147,1442.03821656051
1845.85987261147,1452.22929936306
1835.66878980892,1452.22929936306
1835.66878980892,1462.4203821656
1825.47770700637,1462.4203821656
1825.47770700637,1472.61146496815
1815.28662420382,1482.8025477707
1805.09554140128,1482.8025477707
1794.90445859873,1492.99363057325
1784.71337579618,1503.1847133758
1774.52229299363,1513.37579617834
1764.33121019108,1513.37579617834
1764.33121019108,1523.56687898089
1754.14012738854,1533.75796178344
1743.94904458599,1533.75796178344
1743.94904458599,1543.94904458599
1733.75796178344,1543.94904458599
1733.75796178344,1554.14012738853
1723.56687898089,1564.33121019108
1713.37579617834,1564.33121019108
1713.37579617834,1574.52229299363
1703.1847133758,1584.71337579618
1692.99363057325,1594.90445859873
1692.99363057325,1605.09554140127
1682.8025477707,1605.09554140127
1682.8025477707,1615.28662420382
1672.61146496815,1615.28662420382
1672.61146496815,1625.47770700637
1662.42038216561,1625.47770700637
1662.42038216561,1635.66878980892
1652.22929936306,1635.66878980892
1652.22929936306,1645.85987261147
1642.03821656051,1656.05095541401
1642.03821656051,1666.24203821656
1631.84713375796,1666.24203821656
1631.84713375796,1676.43312101911
1621.65605095542,1686.62420382166
1621.65605095542,1696.8152866242
1611.46496815287,1696.8152866242
1611.46496815287,1707.00636942675
1601.27388535032,1717.1974522293
1601.27388535032,1727.38853503185
1591.08280254777,1737.5796178344
1591.08280254777,1747.77070063694
1580.89171974522,1747.77070063694
1580.89171974522,1757.96178343949
1570.70063694268,1768.15286624204
1570.70063694268,1778.34394904459
1560.50955414013,1788.53503184713
1560.50955414013,1798.72611464968
1560.50955414013,1808.91719745223
1550.31847133758,1819.10828025478
1550.31847133758,1829.29936305732
1540.12738853503,1829.29936305732
1540.12738853503,1839.49044585987
1529.93630573249,1839.49044585987
1529.93630573249,1859.87261146497
1519.74522292994,1859.87261146497
1509.55414012739,1880.25477707006
1509.55414012739,1890.44585987261
1499.36305732484,1900.63694267516
1499.36305732484,1910.82802547771
1489.17197452229,1921.01910828025
1478.98089171975,1931.2101910828
1478.98089171975,1941.40127388535
1468.7898089172,1951.5923566879
1468.7898089172,1961.78343949045
1468.7898089172,1971.97452229299
1458.59872611465,1982.16560509554
1458.59872611465,1992.35668789809
1448.4076433121,2002.54777070064
1438.21656050956,2012.73885350318
1438.21656050956,2022.92993630573
1428.02547770701,2033.12101910828
1428.02547770701,2043.31210191083
1428.02547770701,2053.50318471338
1417.83439490446,2053.50318471338
1417.83439490446,2063.69426751592
1417.83439490446,2073.88535031847
1407.64331210191,2084.07643312102
1407.64331210191,2094.26751592357
1397.45222929936,2104.45859872611
1397.45222929936,2114.64968152866
1397.45222929936,2124.84076433121
1387.26114649682,2135.03184713376
1387.26114649682,2145.22292993631
1387.26114649682,2155.41401273885
1387.26114649682,2165.6050955414
1377.07006369427,2175.79617834395
1377.07006369427,2185.9872611465
1366.87898089172,2196.17834394904
1366.87898089172,2206.36942675159
1366.87898089172,2216.56050955414
1366.87898089172,2226.75159235669
1356.68789808917,2236.94267515924
1356.68789808917,2247.13375796178
1346.49681528662,2257.32484076433
1346.49681528662,2267.51592356688
1336.30573248408,2267.51592356688
1336.30573248408,2277.70700636943
1336.30573248408,2287.89808917197
1326.11464968153,2298.08917197452
1326.11464968153,2308.28025477707
1315.92356687898,2318.47133757962
1315.92356687898,2328.66242038217
1315.92356687898,2338.85350318471
1315.92356687898,2349.04458598726
1305.73248407643,2359.23566878981
1305.73248407643,2369.42675159236
1305.73248407643,2379.61783439491
1305.73248407643,2389.80891719745
1305.73248407643,2400
1305.73248407643,2410.19108280255
1295.54140127389,2410.19108280255
1295.54140127389,2420.38216560509
1295.54140127389,2430.57324840764
1285.35031847134,2430.57324840764
1285.35031847134,2440.76433121019
1285.35031847134,2450.95541401274
1285.35031847134,2461.14649681529
1275.15923566879,2461.14649681529
1275.15923566879,2471.33757961783
1275.15923566879,2481.52866242038
1275.15923566879,2491.71974522293
1264.96815286624,2501.91082802548
1264.96815286624,2512.10191082803
1264.96815286624,2522.29299363057
1264.96815286624,2532.48407643312
1264.96815286624,2542.67515923567
1264.96815286624,2563.05732484076
1264.96815286624,2573.24840764331
1264.96815286624,2583.43949044586
1264.96815286624,2593.63057324841
1264.96815286624,2603.82165605096
1264.96815286624,2614.0127388535
1264.96815286624,2624.20382165605
1264.96815286624,2644.58598726115
1264.96815286624,2654.77707006369
1264.96815286624,2664.96815286624
1264.96815286624,2675.15923566879
1264.96815286624,2685.35031847134
1264.96815286624,2695.54140127389
1264.96815286624,2705.73248407643
1264.96815286624,2726.11464968153
1264.96815286624,2736.30573248408
1264.96815286624,2746.49681528662
1264.96815286624,2756.68789808917
1264.96815286624,2766.87898089172
1264.96815286624,2777.07006369427
1264.96815286624,2787.26114649682
1264.96815286624,2797.45222929936
1264.96815286624,2807.64331210191
1264.96815286624,2828.02547770701
1264.96815286624,2848.4076433121
1264.96815286624,2858.59872611465
1264.96815286624,2868.7898089172
1264.96815286624,2878.98089171975
1264.96815286624,2889.17197452229
1264.96815286624,2899.36305732484
1264.96815286624,2909.55414012739
1264.96815286624,2919.74522292994
1254.7770700637,2929.93630573248
1254.7770700637,2940.12738853503
1254.7770700637,2950.31847133758
1254.7770700637,2960.50955414013
1254.7770700637,2970.70063694268
1254.7770700637,2991.08280254777
1244.58598726115,3031.84713375796
1244.58598726115,3042.03821656051
1244.58598726115,3052.22929936306
1254.7770700637,3062.4203821656
1244.58598726115,3072.61146496815
1234.3949044586,3072.61146496815
1234.3949044586,3092.99363057325
1224.20382165605,3103.1847133758
1214.0127388535,3113.37579617834
1214.0127388535,3123.56687898089
1214.0127388535,3133.75796178344
1203.82165605096,3133.75796178344
1203.82165605096,3143.94904458599
1203.82165605096,3154.14012738853
1203.82165605096,3164.33121019108
1193.63057324841,3174.52229299363
1193.63057324841,3184.71337579618
1193.63057324841,3194.90445859873
1193.63057324841,3205.09554140127
1193.63057324841,3215.28662420382
1193.63057324841,3225.47770700637
1193.63057324841,3245.85987261147
1193.63057324841,3256.05095541401
1193.63057324841,3266.24203821656
1193.63057324841,3276.43312101911
1193.63057324841,3286.62420382166
1193.63057324841,3307.00636942675
1193.63057324841,3317.1974522293
1193.63057324841,3327.38853503185
1193.63057324841,3347.77070063694
1193.63057324841,3357.96178343949
1183.43949044586,3368.15286624204
1183.43949044586,3378.34394904459
1183.43949044586,3388.53503184713
1183.43949044586,3398.72611464968
1183.43949044586,3419.10828025478
1183.43949044586,3429.29936305732
1183.43949044586,3439.49044585987
1183.43949044586,3449.68152866242
1183.43949044586,3459.87261146497
1183.43949044586,3470.06369426752
1183.43949044586,3480.25477707006
1183.43949044586,3490.44585987261
1183.43949044586,3500.63694267516
1183.43949044586,3510.82802547771
1183.43949044586,3521.01910828025
1183.43949044586,3531.2101910828
1183.43949044586,3541.40127388535
1183.43949044586,3551.5923566879
1183.43949044586,3561.78343949045
1183.43949044586,3582.16560509554
1183.43949044586,3592.35668789809
1183.43949044586,3602.54777070064
1183.43949044586,3622.92993630573
1183.43949044586,3633.12101910828
1183.43949044586,3643.31210191083
1183.43949044586,3653.50318471338
1183.43949044586,3663.69426751592
1183.43949044586,3673.88535031847
1183.43949044586,3684.07643312102
1183.43949044586,3684.07643312102
1182.6468212889,3685.3531787111
1182.05448868455,3686.05448868455
1181.59738005311,3687
1181.45710863144,3688
1181.29869002655,3689
1181.40766739565,3690
1181.94551131545,3691
1182.29364257779,3692
1182,3693
1181.59738005311,3694
1181.51159731599,3695
1181.54289136856,3696
1181.70130997345,3697
1181.6468212889,3698
1181.3531787111,3699
1181.3531787111,3700
1181.6468212889,3701
1181.70130997345,3702
1181.59738005311,3703
1181.81028734255,3704
1182.244201342,3705
1182.755798658,3706
1183.29869002655,3707
1184,3708
1184.59233260435,3709
1184.59233260435,3710
1183.94551131545,3711
1183.1089773691,3712
1182.7063574222,3713
1183.1089773691,3714
1183.94551131545,3715
1184.70130997345,3716
1185.29869002655,3717
1186.05448868455,3718
1186.94551131545,3719
1187.6468212889,3720
1187.94551131545,3721
1188.05448868455,3722
1188.29869002655,3723
1188.755798658,3724
1189.29869002655,3725
1189.94551131545,3726
1190.34813126234,3727
1190.244201342,3728
1190.05448868455,3729
1190.05448868455,3730
1190.3531787111,3731
1191.05448868455,3731.94551131545
1192,3732.70130997345
1193,3733.29869002655
1194,3734.05448868455
1194.8910226309,3735
1195.40261994689,3736
1195.59738005311,3736.94551131545
1196.1089773691,3737.70130997345
1197,3738.29869002655
1198,3739.05448868455
1199,3740
1200,3741
1200.94551131545,3742
1201.70130997345,3743
1202.244201342,3744
1202.755798658,3744.94551131545
1203.29869002655,3745.70130997345
1204,3746.29869002655
1204.6468212889,3747.05448868455
1204.94551131545,3748
1205,3749
1205.05448868455,3750
1205.3531787111,3751
1206.05448868455,3752
1206.8910226309,3753
1207.34813126234,3754
1207.29869002655,3755
1207.40766739565,3756
1208.05448868455,3757
1208.8910226309,3758
1209.40261994689,3759
1209.54289136856,3760
1209.81028734255,3761
1210.29869002655,3762
1211.05448868455,3763
1212,3764
1212.94551131545,3765
1213.70130997345,3766
1214.18971265745,3767
1214.45710863144,3768
1214.59738005311,3768.94551131545
1215.1089773691,3769.70130997345
1215.8910226309,3770.29869002655
1216.40261994689,3771.05448868455
1216.48840268401,3772
1216.40261994689,3773
1215.94551131545,3774
1215.3531787111,3775
1215.1089773691,3776
1215.3531787111,3777
1216,3778
1216.6468212889,3779
1217,3780
1217.244201342,3781
1217.45710863144,3782
1217.59738005311,3783
1218.1089773691,3784
1218.94551131545,3785
1219.70130997345,3786
1220.244201342,3787
1220.755798658,3788
1221.29869002655,3789
1222,3790
1222.70130997345,3791
1223.29869002655,3792
1224,3793
1224.59233260435,3794
1224.70130997345,3795
1224.59738005311,3796
1224.81028734255,3797
1225.244201342,3798
1225.70130997345,3799
1225.8910226309,3800
1225.70130997345,3801
1225.3531787111,3802
1225.3531787111,3803
1225.70130997345,3804
1225.8910226309,3805
1225.755798658,3806
1225.54289136856,3807
1225.45710863144,3808
1225.244201342,3809
1225.1089773691,3810
1225.29869002655,3811
1225.70130997345,3812
1225.94551131545,3813
1226.05448868455,3814
1226.29869002655,3815
1226.755798658,3816
1227.244201342,3817
1227.755798658,3818
1228.29869002655,3819
1229.05448868455,3820
1230,3821
1230.94551131545,3822
1231.59233260435,3823
1231.6468212889,3824
1231.3531787111,3825
1231.40766739565,3826
1232,3827
1232.6468212889,3828
1233,3829
1233.29869002655,3830
1233.6468212889,3831
1233.6468212889,3832
1233.244201342,3833
1232.81028734255,3834
1232.54289136856,3835
1232.51159731599,3836
1232.48840268401,3837
1232.51159731599,3838
1232.48840268401,3839
1232.45710863144,3840
1232.18971265745,3841
1231.70130997345,3842
1231.05448868455,3843
1230.65186873766,3844
1230.81028734255,3845
1231.18971265745,3846
1231.34813126234,3847
1230.8910226309,3848
1230.1089773691,3849
1229.59738005311,3850
1229.45710863144,3851
1229.18971265745,3852
1228.755798658,3853
1228.244201342,3854
1227.70130997345,3854.94551131545
1226.94551131545,3855.70130997345
1226,3856.29869002655
1225,3857.05448868455
1224.1089773691,3858
1223.59738005311,3859
1223.40261994689,3860
1222.8910226309,3861
1222.1089773691,3862
1221.7063574222,3863
1222,3864
1222.2936425778,3865
1221.8910226309,3866
1221.05448868455,3867
1220.40766739565,3868
1220.3531787111,3869
1220.70130997345,3870
1220.8910226309,3871
1220.6468212889,3872
1219.94551131545,3873
1219,3874
1218.05448868455,3875
1217.29869002655,3876
1216.70130997345,3877
1216,3878
1215.40766739565,3879
1215.3531787111,3880
1215.70130997345,3881
1215.8910226309,3882
1215.70130997345,3883
1215.244201342,3884
1214.755798658,3885
1214.29869002655,3886
1214.05448868455,3887
1214.05448868455,3888
1214.29869002655,3889
1214.6468212889,3890
1214.70130997345,3891
1214.65186873766,3892
1215,3893
1215.40261994689,3894
1215.48840268401,3895
1215.40261994689,3896
1214.94551131545,3896.94551131545
1214.3531787111,3897.6468212889
1214.0127388535,3908.28025477707
1214.0127388535,3928.66242038217
1214.0127388535,3938.85350318471
1214.0127388535,3949.04458598726
1214.0127388535,3959.23566878981
1214.0127388535,3969.42675159236
1214.0127388535,3979.61783439491
1214.0127388535,3989.80891719745
1214.0127388535,4000
1214.0127388535,4010.19108280255
1214.0127388535,4020.3821656051
1224.20382165605,4030.57324840764
1224.20382165605,4040.76433121019
1224.20382165605,4050.95541401274
1224.20382165605,4061.14649681529
1224.20382165605,4071.33757961783
1224.20382165605,4081.52866242038
1224.20382165605,4091.71974522293
1224.20382165605,4101.91082802548
1224.20382165605,4112.10191082803
1224.20382165605,4132.48407643312
1224.20382165605,4142.67515923567
1224.20382165605,4152.86624203822
1224.20382165605,4163.05732484076
1224.20382165605,4183.43949044586
1224.20382165605,4193.63057324841
1224.20382165605,4203.82165605096
1224.20382165605,4214.0127388535
1224.20382165605,4224.20382165605
1224.20382165605,4234.3949044586
1224.20382165605,4244.58598726115
1224.20382165605,4254.77707006369
1224.20382165605,4264.96815286624
1224.20382165605,4275.15923566879
1224.20382165605,4285.35031847134
1224.20382165605,4295.54140127389
1224.20382165605,4305.73248407643
1224.20382165605,4315.92356687898
1224.20382165605,4326.11464968153
1224.20382165605,4336.30573248408
1224.20382165605,4346.49681528662
1224.20382165605,4356.68789808917
1224.20382165605,4366.87898089172
1224.20382165605,4377.07006369427
1224.20382165605,4387.26114649682
1224.20382165605,4397.45222929936
1224.20382165605,4407.64331210191
1224.20382165605,4417.83439490446
1234.3949044586,4428.02547770701
1234.3949044586,4438.21656050955
1234.3949044586,4448.4076433121
1234.3949044586,4458.59872611465
1244.58598726115,4458.59872611465
1244.58598726115,4468.7898089172
1244.58598726115,4489.17197452229
1244.58598726115,4499.36305732484
1244.58598726115,4509.55414012739
1244.58598726115,4519.74522292994
1244.58598726115,4529.93630573248
1254.7770700637,4540.12738853503
1254.7770700637,4550.31847133758
1254.7770700637,4560.50955414013
1254.7770700637,4570.70063694268
1254.7770700637,4580.89171974522
1254.7770700637,4591.08280254777
1254.7770700637,4601.27388535032
1254.7770700637,4611.46496815287
1254.7770700637,4621.65605095541
1254.7770700637,4631.84713375796
1254.7770700637,4642.03821656051
1264.96815286624,4652.22929936306
1264.96815286624,4662.42038216561
1264.96815286624,4672.61146496815
1264.96815286624,4682.8025477707
1264.96815286624,4692.99363057325
1264.96815286624,4703.1847133758
1275.15923566879,4713.37579617834
1275.15923566879,4723.56687898089
1275.15923566879,4733.75796178344
1285.35031847134,4743.94904458599
1295.54140127389,4754.14012738853
1295.54140127389,4764.33121019108
1305.73248407643,4774.52229299363
1305.73248407643,4784.71337579618
1305.73248407643,4805.09554140127
1315.92356687898,4805.09554140127
1315.92356687898,4815.28662420382
1336.30573248408,4876.43312101911
1356.68789808917,4927.38853503185
1366.87898089172,4937.5796178344
1366.87898089172,4957.96178343949
1377.07006369427,4968.15286624204
1377.07006369427,4978.34394904459
1387.26114649682,4988.53503184713
1387.26114649682,4998.72611464968
1387.26114649682,5008.91719745223
1397.45222929936,5019.10828025478
1397.45222929936,5029.29936305733
1397.45222929936,5039.49044585987
1407.64331210191,5049.68152866242
1407.64331210191,5059.87261146497
1417.83439490446,5070.06369426752
1417.83439490446,5080.25477707006
1417.83439490446,5090.44585987261
1428.02547770701,5090.44585987261
1428.02547770701,5100.63694267516
1428.02547770701,5110.82802547771
1428.02547770701,5121.01910828025
1438.21656050956,5131.2101910828
1438.21656050956,5141.40127388535
1448.4076433121,5151.5923566879
1448.4076433121,5161.78343949045
1458.59872611465,5171.97452229299
1458.59872611465,5182.16560509554
1468.7898089172,5192.35668789809
1468.7898089172,5202.54777070064
1468.7898089172,5212.73885350319
1468.7898089172,5212.73885350319
1470.244201342,5214.3531787111
1470.45710863144,5215.05448868455
1470.59738005311,5216
1471.1089773691,5217
1472,5217.94551131545
1473,5218.70130997345
1474,5219.29869002655
1475,5220.05448868455
1476,5221
1476.94551131545,5222
1477.70130997345,5223
1478.29869002655,5224
1479,5225
1479.70130997345,5226
1480.29869002655,5227
1481,5228
1481.70130997345,5229
1482.244201342,5230
1482.70130997345,5231
1482.94551131545,5232
1483.05448868455,5233
1483.29869002655,5234
1483.755798658,5235
1484.29869002655,5236
1485,5237
1485.70130997345,5238
1486.244201342,5239
1486.755798658,5240
1487.29869002655,5241
1488.05448868455,5242
1488.94551131545,5243
1489.70130997345,5244
1490.29869002655,5244.94551131545
1491.05448868455,5245.70130997345
1492,5246.29869002655
1492.94551131545,5247.05448868455
1493.59233260435,5248
1493.59233260435,5249
1493.05448868455,5250
1492.59738005311,5251
1492.45710863144,5252
1492.29869002655,5253
1492.29869002655,5254
1492.45710863144,5255
1492.48840268401,5256
1492.51159731599,5257
1492.48840268401,5258
1492.45710863144,5259
1492.29869002655,5260
1492.40766739565,5261
1493.05448868455,5262
1493.94551131545,5263
1494.59233260435,5264
1494.6468212889,5265
1494.244201342,5266
1493.70130997345,5267
1493.05448868455,5268
1492.7063574222,5269
1493,5270
1493.34813126234,5271
1493.18971265745,5272
1492.81028734255,5273
1492.59738005311,5274
1492.81028734255,5275
1493.29869002655,5276
1494.05448868455,5277
1495,5278
1496,5279
1496.8910226309,5280
1497.2936425778,5281
1497,5282
1496.7063574222,5283
1497,5284
1497.40261994689,5285
1497.59738005311,5286
1498.1089773691,5287
1498.8910226309,5288
1499.34813126234,5289
1499.29869002655,5290
1499.3531787111,5291
1499.70130997345,5292
1499.94551131545,5293
1500,5294
1500.05448868455,5295
1500.3531787111,5296
1501.05448868455,5297
1502,5298
1503,5299
1504,5300
1505,5301
1506,5302
1506.94551131545,5303
1507.70130997345,5304
1508.29869002655,5305
1509.05448868455,5306
1510,5306.94551131545
1511,5307.70130997345
1512,5308.29869002655
1513,5309.05448868455
1514,5310
1515,5311
1515.94551131545,5312
1516.70130997345,5313
1517.29869002655,5314
1518,5315
1518.70130997345,5316
1519.29869002655,5317
1520.05448868455,5318
1520.94551131545,5319
1521.70130997345,5320
1522.29869002655,5320.94551131545
1523.05448868455,5321.70130997345
1524,5322.29869002655
1524.94551131545,5323.05448868455
1525.59233260435,5324
1525.70130997345,5325
1525.65186873766,5325.94551131545
1526.05448868455,5326.70130997345
1526.6468212889,5327.29869002655
1527,5328.05448868455
1527.3531787111,5329
1528,5330
1528.70130997345,5331
1529.29869002655,5332
1529.94551131545,5333
1530.34813126234,5333.94551131545
1530.244201342,5334.6468212889
1529.93630573249,5345.22292993631
1529.93630573249,5355.41401273885
1540.12738853503,5365.6050955414
1540.12738853503,5375.79617834395
1540.12738853503,5385.9872611465
1550.31847133758,5385.9872611465
1550.31847133758,5396.17834394904
1560.50955414013,5406.36942675159
1560.50955414013,5416.56050955414
1570.70063694268,5416.56050955414
1570.70063694268,5426.75159235669
1580.89171974522,5426.75159235669
1580.89171974522,5436.94267515924
1591.08280254777,5436.94267515924
1591.08280254777,5447.13375796178
1601.27388535032,5457.32484076433
1611.46496815287,5457.32484076433
1611.46496815287,5467.51592356688
1621.65605095542,5467.51592356688
1621.65605095542,5477.70700636943
1631.84713375796,5487.89808917197
1642.03821656051,5498.08917197452
1642.03821656051,5508.28025477707
1652.22929936306,5508.28025477707
1652.22929936306,5518.47133757962
1662.42038216561,5518.47133757962
1672.61146496815,5528.66242038217
1682.8025477707,5538.85350318471
1682.8025477707,5549.04458598726
1692.99363057325,5559.23566878981
1692.99363057325,5569.42675159236
1713.37579617834,5600
1733.75796178344,5630.57324840764
1764.33121019108,5691.71974522293
1794.90445859873,5742.67515923567
1805.09554140128,5752.86624203822
1815.28662420382,5773.24840764331
1825.47770700637,5793.63057324841
1825.47770700637,5803.82165605096
1856.05095541401,5854.77707006369
1876.43312101911,5895.54140127389
1876.43312101911,5905.73248407643
1886.62420382166,5915.92356687898
1896.81528662421,5926.11464968153
1896.81528662421,5936.30573248408
1907.00636942675,5936.30573248408
1907.00636942675,5946.49681528662
1917.1974522293,5956.68789808917
1917.1974522293,5966.87898089172
1927.38853503185,5977.07006369427
1937.5796178344,5977.07006369427
1937.5796178344,5987.26114649682
1947.77070063694,5997.45222929936
1957.96178343949,6007.64331210191
1968.15286624204,6017.83439490446
1978.34394904459,6028.02547770701
1988.53503184713,6038.21656050955
1998.72611464968,6048.4076433121
1998.72611464968,6058.59872611465
2008.91719745223,6068.7898089172
2019.10828025478,6078.98089171975
2019.10828025478,6089.17197452229
2029.29936305733,6099.36305732484
2039.49044585987,6109.55414012739
2039.49044585987,6119.74522292994
2049.68152866242,6129.93630573248
2059.87261146497,6129.93630573248
2059.87261146497,6140.12738853503
2070.06369426752,6140.12738853503
2080.25477707006,6150.31847133758
2090.44585987261,6150.31847133758
2100.63694267516,6160.50955414013
2100.63694267516,6170.70063694268
2110.82802547771,6170.70063694268
2110.82802547771,6180.89171974522
2121.01910828026,6180.89171974522
2121.01910828026,6191.08280254777
2131.2101910828,6201.27388535032
2131.2101910828,6211.46496815287
2141.40127388535,6211.46496815287
2141.40127388535,6221.65605095541
2151.5923566879,6221.65605095541
2151.5923566879,6231.84713375796
2161.78343949045,6231.84713375796
2161.78343949045,6242.03821656051
2171.974522293,6242.03821656051
2182.16560509554,6242.03821656051
2192.35668789809,6252.22929936306
2202.54777070064,6252.22929936306
2212.73885350319,6252.22929936306
2212.73885350319,6262.42038216561
2222.92993630573,6262.42038216561
2233.12101910828,6262.42038216561
2243.31210191083,6272.61146496815
2253.50318471338,6282.8025477707
2263.69426751592,6292.99363057325
2273.88535031847,6292.99363057325
2273.88535031847,6303.1847133758
2284.07643312102,6303.1847133758
2294.26751592357,6313.37579617834
2304.45859872612,6313.37579617834
2314.64968152866,6323.56687898089
2324.84076433121,6323.56687898089
2335.03184713376,6333.75796178344
2345.22292993631,6333.75796178344
2345.22292993631,6343.94904458599
2355.41401273885,6343.94904458599
2365.6050955414,6343.94904458599
2365.6050955414,6354.14012738854
2375.79617834395,6354.14012738854
2385.9872611465,6364.33121019108
2396.17834394905,6364.33121019108
2406.36942675159,6374.52229299363
2416.56050955414,6374.52229299363
2426.75159235669,6384.71337579618
2436.94267515924,6384.71337579618
2447.13375796178,6384.71337579618
2457.32484076433,6394.90445859873
2467.51592356688,6394.90445859873
2477.70700636943,6394.90445859873
2487.89808917198,6394.90445859873
2498.08917197452,6394.90445859873
2508.28025477707,6394.90445859873
2518.47133757962,6394.90445859873
2528.66242038217,6394.90445859873
2538.85350318472,6394.90445859873
2549.04458598726,6394.90445859873
2559.23566878981,6394.90445859873
2569.42675159236,6394.90445859873
2579.61783439491,6394.90445859873
2589.80891719745,6394.90445859873
2600,6394.90445859873
2610.19108280255,6394.90445859873
2620.3821656051,6394.90445859873
2630.57324840764,6405.09554140127
2640.76433121019,6405.09554140127
2650.95541401274,6405.09554140127
2661.14649681529,6405.09554140127
2671.33757961784,6405.09554140127
2681.52866242038,6405.09554140127
2691.71974522293,6405.09554140127
2701.91082802548,6405.09554140127
2722.29299363057,6405.09554140127
2732.48407643312,6405.09554140127
2742.67515923567,6405.09554140127
2752.86624203822,6405.09554140127
2763.05732484077,6405.09554140127
2773.24840764331,6405.09554140127
2773.24840764331,6394.90445859873
2783.43949044586,6394.90445859873
2793.63057324841,6394.90445859873
2803.82165605096,6394.90445859873
2814.0127388535,6394.90445859873
2824.20382165605,6394.90445859873
2834.3949044586,6394.90445859873
2844.58598726115,6394.90445859873
2854.7770700637,6394.90445859873
2864.96815286624,6394.90445859873
2875.15923566879,6394.90445859873
2885.35031847134,6394.90445859873
2895.54140127389,6394.90445859873
2926.11464968153,6394.90445859873
2936.30573248408,6394.90445859873
2946.49681528663,6394.90445859873
2956.68789808917,6394.90445859873
2966.87898089172,6394.90445859873
2977.07006369427,6394.90445859873
2987.26114649682,6394.90445859873
2997.45222929936,6394.90445859873
3007.64331210191,6394.90445859873
3017.83439490446,6394.90445859873
3028.02547770701,6394.90445859873
3038.21656050956,6394.90445859873
3038.21656050956,6384.71337579618
3048.4076433121,6384.71337579618
3058.59872611465,6384.71337579618
3068.7898089172,6384.71337579618
3078.98089171975,6384.71337579618
3089.17197452229,6384.71337579618
3099.36305732484,6384.71337579618
3109.55414012739,6384.71337579618
3119.74522292994,6384.71337579618
3129.93630573249,6384.71337579618
3140.12738853503,6374.52229299363
3150.31847133758,6374.52229299363
3160.50955414013,6374.52229299363
3170.70063694268,6364.33121019108
3180.89171974522,6364.33121019108
3191.08280254777,6354.14012738854
3201.27388535032,6354.14012738854
3211.46496815287,6343.94904458599
3221.65605095542,6343.94904458599
3231.84713375796,6343.94904458599
3242.03821656051,6333.75796178344
3252.22929936306,6333.75796178344
3262.42038216561,6333.75796178344
3262.42038216561,6323.56687898089
3272.61146496815,6323.56687898089
3282.8025477707,6313.37579617834
3292.99363057325,6313.37579617834
3303.1847133758,6313.37579617834
3313.37579617834,6313.37579617834
3313.37579617834,6303.1847133758
3323.56687898089,6303.1847133758
3333.75796178344,6303.1847133758
3343.94904458599,6303.1847133758
3354.14012738854,6292.99363057325
3364.33121019108,6292.99363057325
3374.52229299363,6292.99363057325
3384.71337579618,6292.99363057325
3384.71337579618,6282.8025477707
3394.90445859873,6282.8025477707
3405.09554140128,6282.8025477707
3415.28662420382,6272.61146496815
3425.47770700637,6272.61146496815
3435.66878980892,6272.61146496815
3445.85987261147,6262.42038216561
3456.05095541401,6262.42038216561
3466.24203821656,6252.22929936306
3476.43312101911,6252.22929936306
3486.62420382166,6252.22929936306
3496.8152866242,6242.03821656051
3517.1974522293,6242.03821656051
3527.38853503185,6231.84713375796
3537.5796178344,6231.84713375796
3547.77070063694,6221.65605095541
3557.96178343949,6221.65605095541
3568.15286624204,6221.65605095541
3578.34394904459,6211.46496815287
3588.53503184713,6211.46496815287
3598.72611464968,6211.46496815287
3608.91719745223,6211.46496815287
3619.10828025478,6201.27388535032
3629.29936305733,6201.27388535032
3639.49044585987,6201.27388535032
3639.49044585987,6191.08280254777
3659.87261146497,6191.08280254777
3670.06369426752,6191.08280254777
3680.25477707006,6180.89171974522
3690.44585987261,6180.89171974522
3700.63694267516,6180.89171974522
3700.63694267516,6170.70063694268
3710.82802547771,6170.70063694268
3721.01910828026,6170.70063694268
3731.2101910828,6170.70063694268
3741.40127388535,6160.50955414013
3751.5923566879,6160.50955414013
3761.78343949045,6160.50955414013
3771.974522293,6160.50955414013
3782.16560509554,6150.31847133758
3792.35668789809,6150.31847133758
3802.54777070064,6150.31847133758
3812.73885350319,6140.12738853503
3822.92993630573,6140.12738853503
3833.12101910828,6140.12738853503
3843.31210191083,6129.93630573248
3853.50318471338,6129.93630573248
3863.69426751593,6119.74522292994
3873.88535031847,6119.74522292994
3884.07643312102,6119.74522292994
3894.26751592357,6109.55414012739
3904.45859872612,6109.55414012739
3914.64968152866,6099.36305732484
3924.84076433121,6099.36305732484
3935.03184713376,6099.36305732484
3945.22292993631,6089.17197452229
3955.41401273886,6089.17197452229
3955.41401273886,6078.98089171975
3965.6050955414,6078.98089171975
3975.79617834395,6078.98089171975
3975.79617834395,6068.7898089172
3985.9872611465,6068.7898089172
3996.17834394905,6058.59872611465
4006.36942675159,6058.59872611465
4016.56050955414,6048.4076433121
4026.75159235669,6048.4076433121
4036.94267515924,6038.21656050955
4047.13375796179,6038.21656050955
4057.32484076433,6038.21656050955
4067.51592356688,6028.02547770701
4077.70700636943,6028.02547770701
4087.89808917198,6017.83439490446
4098.08917197452,6017.83439490446
4108.28025477707,6017.83439490446
4118.47133757962,6007.64331210191
4128.66242038217,6007.64331210191
4138.85350318471,5997.45222929936
4149.04458598726,5997.45222929936
4159.23566878981,5997.45222929936
4159.23566878981,5987.26114649682
4169.42675159236,5987.26114649682
4179.61783439491,5987.26114649682
4179.61783439491,5977.07006369427
4189.80891719745,5977.07006369427
4200,5977.07006369427
4210.19108280255,5966.87898089172
4220.3821656051,5966.87898089172
4230.57324840764,5966.87898089172
4240.76433121019,5966.87898089172
4250.95541401274,5956.68789808917
4261.14649681529,5956.68789808917
4271.33757961784,5956.68789808917
4281.52866242038,5956.68789808917
4291.71974522293,5956.68789808917
4291.71974522293,5946.49681528662
4301.91082802548,5946.49681528662
4312.10191082803,5946.49681528662
4322.29299363057,5946.49681528662
4332.48407643312,5946.49681528662
4342.67515923567,5936.30573248408
4352.86624203822,5936.30573248408
4363.05732484077,5936.30573248408
4373.24840764331,5926.11464968153
4383.43949044586,5926.11464968153
4393.63057324841,5926.11464968153
4403.82165605096,5915.92356687898
4414.0127388535,5915.92356687898
4424.20382165605,5915.92356687898
4434.3949044586,5915.92356687898
4444.58598726115,5915.92356687898
4454.7770700637,5905.73248407643
4464.96815286624,5905.73248407643
4475.15923566879,5905.73248407643
4485.35031847134,5905.73248407643
4495.54140127389,5905.73248407643
4495.54140127389,5895.54140127389
4505.73248407643,5895.54140127389
4515.92356687898,5895.54140127389
4526.11464968153,5895.54140127389
4536.30573248408,5895.54140127389
4546.49681528662,5885.35031847134
4556.68789808917,5885.35031847134
4566.87898089172,5885.35031847134
4577.07006369427,5885.35031847134
4587.26114649682,5885.35031847134
4597.45222929937,5875.15923566879
4607.64331210191,5875.15923566879
4617.83439490446,5875.15923566879
4628.02547770701,5875.15923566879
4638.21656050956,5875.15923566879
4648.4076433121,5875.15923566879
4658.59872611465,5875.15923566879
4668.7898089172,5875.15923566879
4678.98089171975,5875.15923566879
4699.36305732484,5875.15923566879
4709.55414012739,5875.15923566879
4719.74522292994,5875.15923566879
4729.93630573249,5875.15923566879
4740.12738853503,5875.15923566879
4750.31847133758,5864.96815286624
4760.50955414013,5864.96815286624
4770.70063694268,5864.96815286624
4801.27388535032,5864.96815286624
4811.46496815287,5864.96815286624
4821.65605095542,5864.96815286624
4831.84713375796,5864.96815286624
4842.03821656051,5864.96815286624
4852.22929936306,5864.96815286624
4862.42038216561,5864.96815286624
4862.42038216561,5854.77707006369
4872.61146496815,5854.77707006369
4882.8025477707,5854.77707006369
4892.99363057325,5854.77707006369
4903.1847133758,5854.77707006369
4913.37579617835,5854.77707006369
4923.56687898089,5854.77707006369
4933.75796178344,5854.77707006369
4943.94904458599,5854.77707006369
4954.14012738854,5854.77707006369
4964.33121019108,5844.58598726115
4974.52229299363,5844.58598726115
4984.71337579618,5844.58598726115
4984.71337579618,5834.3949044586
4994.90445859873,5834.3949044586
5005.09554140128,5834.3949044586
5005.09554140128,5824.20382165605
5015.28662420382,5824.20382165605
5025.47770700637,5824.20382165605
5035.66878980892,5814.0127388535
5045.85987261147,5803.82165605096
5056.05095541401,5803.82165605096
5056.05095541401,5793.63057324841
5066.24203821656,5793.63057324841
5066.24203821656,5783.43949044586
5066.24203821656,5783.43949044586
5067.05448868455,5781.6468212889
5067.3531787111,5780.94551131545
5068,5780
5068.59233260435,5779
5068.6468212889,5778
5068.29869002655,5777
5068.1089773691,5776
5068.3531787111,5775.05448868455
5069.05448868455,5774.29869002655
5069.8910226309,5773.70130997345
5070.34813126234,5772.94551131545
5070.29869002655,5772
5070.40766739565,5771
5071,5770
5071.70130997345,5769
5072.29869002655,5768
5072.94551131545,5767
5073.40261994689,5766
5073.48840268401,5765
5073.45710863144,5764
5073.18971265745,5763
5072.81028734255,5762
5072.54289136856,5761
5072.40261994689,5760
5072,5759
5071.59738005311,5758
5071.51159731599,5757
5071.59738005311,5756
5072,5755
5072.40261994689,5754
5072.59738005311,5753
5073,5752
5073.40261994689,5751
5073.59738005311,5750
5074,5749
5074.34813126234,5748
5074.244201342,5747
5074.1089773691,5746
5074.244201342,5745
5074.34813126234,5744
5074,5743
5073.7063574222,5742.05448868455
5074.1089773691,5741.29869002655
5075,5740.70130997345
5076,5739.94551131545
5076.94551131545,5739
5077.70130997345,5738
5078.29869002655,5737
5079.05448868455,5736
5080,5735
5081,5734
5081.94551131545,5733
5082.59233260435,5732
5082.6468212889,5731
5082.3531787111,5730
5082.40766739565,5729
5083.05448868455,5728
5084,5727
5085,5726
5086,5725.05448868455
5087,5724.29869002655
5087.94551131545,5723.70130997345
5088.6468212889,5722.94551131545
5088.8910226309,5722
5088.70130997345,5721
5088.244201342,5720
5087.755798658,5719
5087.3531787111,5718
5087.29869002655,5717
5087.45710863144,5716
5087.5973800531,5715
5088,5714
5088.40261994689,5713
5088.54289136856,5712
5088.755798658,5711
5089,5710
5089.244201342,5709
5089.40261994689,5708
5089.29869002655,5707
5089.40766739565,5706
5090.05448868455,5705
5091,5704.05448868455
5092,5703.29869002655
5093,5702.70130997345
5094,5701.94551131545
5095,5701
5095.8910226309,5700
5096.29364257779,5699
5095.8910226309,5698
5095.1089773691,5697
5094.7063574222,5696
5095.1089773691,5695
5096,5694
5097,5693
5097.8910226309,5692
5098.29364257779,5691
5098,5690
5097.7063574222,5689
5098.1089773691,5688
5098.8910226309,5687
5099.40261994689,5686
5099.54289136856,5685
5099.755798658,5684
5099.8910226309,5683
5099.755798658,5682
5099.65186873766,5681
5100,5680
5100.29364257779,5679
5100,5678
5099.7063574222,5677
5100,5676
5100.40261994689,5675
5100.54289136856,5674
5100.81028734255,5673
5101.244201342,5672
5101.6468212889,5671
5101.70130997345,5670
5101.65186873766,5669
5102.1089773691,5668
5102.8910226309,5667
5103.2936425778,5666
5103,5665
5102.7063574222,5664
5103.1089773691,5663
5103.94551131545,5662
5104.59233260435,5661
5104.59233260435,5660
5104.05448868455,5659
5103.65186873765,5658
5103.70130997345,5657
5103.70130997345,5656
5103.54289136856,5655
5103.40261994689,5654
5102.8910226309,5653
5102.1089773691,5652
5101.59738005311,5651
5101.40261994689,5650
5101,5649
5100.59738005311,5648
5100.40261994689,5647
5099.8910226309,5646
5099,5645
5098.1089773691,5644
5097.5973800531,5643
5097.45710863144,5642
5097.29869002655,5641
5097.3531787111,5640
5097.6468212889,5639
5097.70130997345,5638
5097.65186873765,5637
5098.05448868455,5636
5098.59233260435,5635
5098.6468212889,5634
5098.3531787111,5633
5098.3531787111,5632
5098.6468212889,5631
5098.6468212889,5630
5098.3531787111,5629
5098.40766739565,5628
5098.94551131545,5627
5099.29364257779,5626
5098.8910226309,5625
5098.1089773691,5624
5097.7063574222,5623
5098.1089773691,5622
5099,5621
5099.94551131545,5620
5100.59233260435,5619
5100.59233260435,5618
5099.94551131545,5617
5099.05448868455,5616
5098.3531787111,5615
5098.05448868455,5614
5098,5613
5098,5612
5098,5611
5098.05448868455,5610
5098.29869002655,5609
5098.70130997345,5608
5098.94551131545,5607
5099,5606
5098.94551131545,5605
5098.6468212889,5604
5097.94551131545,5603
5097.1089773691,5602
5096.65186873765,5601.05448868455
5096.755798658,5600.3531787111
5096.81528662421,4733.75796178344
4994.90445859873,3979.61783439491
4984.71337579618,3979.61783439491
4984.71337579618,3969.42675159236
4984.71337579618,3959.23566878981
4974.52229299363,3949.04458598726
4964.33121019108,3949.04458598726
4954.14012738854,3949.04458598726
4938.8910226309,3035.94551131545
4939.40261994689,3035
4939.48840268401,3034
4939.51159731599,3033
4939.54289136856,3032
4939.755798658,3031
4940,3030
4940.3531787111,3029
4941.05448868455,3028
4941.8910226309,3027
4942.34813126234,3026
4942.29869002655,3025
4942.40766739565,3024
4943.05448868455,3023
4944,3022
4945,3021
4946,3020
4947,3019
4948,3018
4949,3017
4950,3016
4951,3015
4952,3014
4952.94551131545,3013
4953.6468212889,3012.05448868455
4953.94551131545,3011.3531787111
4954.14012738854,3001.27388535032
4943.94904458599,2970.70063694268
4943.94904458599,2960.50955414013
4943.94904458599,2950.31847133758
4943.94904458599,2940.12738853503
4943.94904458599,2929.93630573248
4933.75796178344,2919.74522292994
4933.75796178344,2909.55414012739
4933.75796178344,2899.36305732484
4933.75796178344,2889.17197452229
4933.75796178344,2878.98089171975
4933.75796178344,2868.7898089172
4933.75796178344,2858.59872611465
4933.75796178344,2848.4076433121
4933.75796178344,2838.21656050955
4933.75796178344,2828.02547770701
4933.75796178344,2807.64331210191
4933.75796178344,2797.45222929936
4933.75796178344,2787.26114649682
4933.75796178344,2777.07006369427
4933.75796178344,2766.87898089172
4933.75796178344,2756.68789808917
4923.56687898089,2756.68789808917
4923.56687898089,2746.49681528662
4923.56687898089,2736.30573248408
4913.37579617835,2726.11464968153
4913.37579617835,2715.92356687898
4913.37579617835,2705.73248407643
4903.1847133758,2695.54140127389
4903.1847133758,2685.35031847134
4903.1847133758,2675.15923566879
4903.1847133758,2664.96815286624
4892.99363057325,2654.77707006369
4892.99363057325,2644.58598726115
4892.99363057325,2624.20382165605
4892.99363057325,2614.0127388535
4892.99363057325,2603.82165605096
4892.99363057325,2593.63057324841
4892.99363057325,2573.24840764331
4892.99363057325,2563.05732484076
4892.99363057325,2552.86624203822
4882.8025477707,2542.67515923567
4882.8025477707,2532.48407643312
4882.8025477707,2522.29299363057
4882.8025477707,2512.10191082803
4872.61146496815,2512.10191082803
4872.61146496815,2501.91082802548
4872.61146496815,2491.71974522293
4862.42038216561,2481.52866242038
4862.42038216561,2471.33757961783
4852.22929936306,2461.14649681529
4852.22929936306,2450.95541401274
4852.22929936306,2440.76433121019
4842.03821656051,2440.76433121019
4842.03821656051,2430.57324840764
4842.03821656051,2420.38216560509
4831.84713375796,2410.19108280255
4831.84713375796,2400
4831.84713375796,2389.80891719745
4821.65605095542,2379.61783439491
4821.65605095542,2369.42675159236
4821.65605095542,2359.23566878981
4811.46496815287,2349.04458598726
4811.46496815287,2338.85350318471
4811.46496815287,2328.66242038217
4801.27388535032,2318.47133757962
4801.27388535032,2308.28025477707
4791.08280254777,2298.08917197452
4791.08280254777,2287.89808917197
4791.08280254777,2277.70700636943
4791.08280254777,2267.51592356688
4780.89171974522,2257.32484076433
4770.70063694268,2206.36942675159
4750.31847133758,2165.6050955414
4750.31847133758,2155.41401273885
4750.31847133758,2135.03184713376
4750.31847133758,2124.84076433121
4740.12738853503,2114.64968152866
4740.12738853503,2104.45859872611
4740.12738853503,2094.26751592357
4729.93630573249,2084.07643312102
4729.93630573249,2073.88535031847
4719.74522292994,2063.69426751592
4719.74522292994,2053.50318471338
4719.74522292994,2043.31210191083
4709.55414012739,2033.12101910828
4709.55414012739,2022.92993630573
4709.55414012739,2012.73885350318
4699.36305732484,2012.73885350318
4699.36305732484,2002.54777070064
4699.36305732484,1992.35668789809
4699.36305732484,1982.16560509554
4689.1719745223,1971.97452229299
4689.1719745223,1961.78343949045
4678.98089171975,1951.5923566879
4678.98089171975,1941.40127388535
4668.7898089172,1941.40127388535
4668.7898089172,1931.2101910828
4668.7898089172,1921.01910828025
4668.7898089172,1910.82802547771
4668.7898089172,1900.63694267516
4658.59872611465,1900.63694267516
4658.59872611465,1880.25477707006
4658.59872611465,1870.06369426752
4658.59872611465,1849.68152866242
4648.4076433121,1839.49044585987
4648.4076433121,1829.29936305732
4648.4076433121,1819.10828025478
4648.4076433121,1808.91719745223
4648.4076433121,1798.72611464968
4638.21656050956,1798.72611464968
4638.21656050956,1788.53503184713
4638.21656050956,1778.34394904459
4628.02547770701,1768.15286624204
4628.02547770701,1757.96178343949
4617.83439490446,1747.77070063694
4617.83439490446,1737.5796178344
4617.83439490446,1727.38853503185
4607.64331210191,1717.1974522293
4607.64331210191,1707.00636942675
4607.64331210191,1696.8152866242
4607.64331210191,1686.62420382166
4607.64331210191,1676.43312101911
4597.45222929937,1676.43312101911
4597.45222929937,1666.24203821656
4597.45222929937,1656.05095541401
4587.26114649682,1645.85987261147
4587.26114649682,1625.47770700637
4587.26114649682,1615.28662420382
4577.07006369427,1605.09554140127
4577.07006369427,1594.90445859873
4566.87898089172,1594.90445859873
4566.87898089172,1584.71337579618
4566.87898089172,1574.52229299363
4566.87898089172,1564.33121019108
4556.68789808917,1543.94904458599
4556.68789808917,1533.75796178344
4556.68789808917,1523.56687898089
4546.49681528662,1513.37579617834
4546.49681528662,1503.1847133758
4546.49681528662,1492.99363057325
4546.49681528662,1482.8025477707
4546.49681528662,1472.61146496815
4536.30573248408,1462.4203821656
4536.30573248408,1452.22929936306
4536.30573248408,1442.03821656051
4526.11464968153,1431.84713375796
4526.11464968153,1421.65605095541
4526.11464968153,1411.46496815287
4526.11464968153,1401.27388535032
4495.54140127389,1340.12738853503
4454.7770700637,1197.45222929936
4424.20382165605,1115.92356687898
4424.20382165605,1105.73248407643
4424.20382165605,1095.54140127389
4414.0127388535,1085.35031847134
4414.0127388535,1075.15923566879
4403.82165605096,1064.96815286624
4403.82165605096,1054.77707006369
4393.63057324841,1054.77707006369
4393.63057324841,1054.77707006369
4395.05448868455,1053.6468212889
4395.29869002655,1052.94551131545
4395.755798658,1052
4396.29869002655,1051.05448868455
4397.05448868455,1050.29869002655
4398,1049.70130997345
4399,1049.05448868455
4399.94551131545,1048.59738005311
4400.70130997345,1048.40261994689
4401.244201342,1047.8910226309
4401.755798658,1047
4402.29869002655,1046.05448868455
4403,1045.3531787111
4403.6468212889,1045.05448868455
