5229.29936305732,4452.22929936306
4847.13375796178,579.617834394901
4847.13375796178,579.617834394901
4834.3949044586,579.617834394901
4821.65605095541,579.617834394901
4808.91719745223,579.617834394901
4796.17834394904,579.617834394901
4783.43949044586,579.617834394901
4770.70063694267,579.617834394901
4757.96178343949,579.617834394901
4745.22292993631,579.617834394901
4732.48407643312,579.617834394901
4732.48407643312,566.878980891717
4719.74522292994,566.878980891717
4707.00636942675,566.878980891717
4694.26751592357,566.878980891717
4681.52866242038,566.878980891717
4668.7898089172,566.878980891717
4656.05095541401,566.878980891717
4643.31210191083,566.878980891717
4630.57324840764,566.878980891717
4617.83439490446,566.878980891717
4605.09554140127,566.878980891717
4592.35668789809,566.878980891717
4579.6178343949,566.878980891717
4566.87898089172,566.878980891717
4554.14012738853,566.878980891717
4541.40127388535,566.878980891717
4528.66242038216,566.878980891717
4503.1847133758,566.878980891717
4464.96815286624,566.878980891717
4426.75159235669,566.878980891717
4401.27388535032,566.878980891717
4388.53503184713,566.878980891717
4375.79617834395,566.878980891717
4363.05732484076,566.878980891717
4350.31847133758,566.878980891717
4337.5796178344,566.878980891717
4324.84076433121,566.878980891717
4312.10191082803,566.878980891717
4299.36305732484,566.878980891717
4286.62420382166,566.878980891717
4261.14649681529,579.617834394901
4235.66878980892,579.617834394901
4197.45222929936,579.617834394901
4184.71337579618,579.617834394901
4159.23566878981,579.617834394901
4146.49681528662,592.356687898087
4133.75796178344,592.356687898087
4070.06369426752,605.095541401271
4057.32484076433,605.095541401271
4044.58598726115,605.095541401271
4044.58598726115,617.834394904456
4031.84713375796,617.834394904456
4019.10828025478,617.834394904456
4006.36942675159,617.834394904456
3993.63057324841,617.834394904456
3980.89171974522,630.573248407642
3968.15286624204,630.573248407642
3955.41401273885,630.573248407642
3942.67515923567,630.573248407642
3929.93630573248,630.573248407642
3917.1974522293,643.312101910826
3904.45859872611,643.312101910826
3891.71974522293,643.312101910826
3878.98089171974,643.312101910826
3866.24203821656,643.312101910826
3853.50318471338,643.312101910826
3853.50318471338,656.05095541401
3828.02547770701,656.05095541401
3802.54777070064,656.05095541401
3789.80891719745,656.05095541401
3777.07006369427,668.789808917194
3764.33121019108,668.789808917194
3751.5923566879,668.789808917194
3738.85350318471,668.789808917194
3726.11464968153,681.52866242038
3713.37579617834,681.52866242038
3700.63694267516,681.52866242038
3687.89808917198,694.267515923564
3675.15923566879,694.267515923564
3662.42038216561,694.267515923564
3662.42038216561,707.006369426748
3636.94267515924,707.006369426748
3624.20382165605,719.745222929934
3611.46496815287,719.745222929934
3598.72611464968,732.484076433118
3585.9872611465,732.484076433118
3573.24840764331,745.222929936303
3547.77070063694,757.961783439488
3535.03184713376,757.961783439488
3509.55414012739,770.700636942673
3496.8152866242,770.700636942673
3484.07643312102,770.700636942673
3484.07643312102,783.439490445857
3471.33757961783,783.439490445857
3458.59872611465,783.439490445857
3445.85987261146,796.178343949043
3433.12101910828,796.178343949043
3420.38216560509,808.917197452227
3407.64331210191,808.917197452227
3394.90445859872,821.656050955411
3369.42675159236,821.656050955411
3356.68789808917,834.394904458597
3343.94904458599,834.394904458597
3331.2101910828,847.133757961781
3305.73248407643,859.872611464965
3292.99363057325,859.872611464965
3292.99363057325,872.611464968151
3280.25477707006,872.611464968151
3267.51592356688,885.350318471335
3254.77707006369,885.350318471335
3242.03821656051,898.08917197452
3229.29936305732,898.08917197452
3229.29936305732,910.828025477706
3216.56050955414,910.828025477706
3203.82165605096,923.56687898089
3191.08280254777,923.56687898089
3191.08280254777,936.305732484074
3178.34394904459,949.044585987258
3165.6050955414,961.783439490444
3152.86624203822,961.783439490444
3152.86624203822,974.522292993628
3140.12738853503,987.261146496812
3127.38853503185,999.999999999998
3114.64968152866,999.999999999998
3101.91082802548,1012.73885350318
3101.91082802548,1025.47770700637
3089.17197452229,1025.47770700637
3076.43312101911,1038.21656050955
3063.69426751592,1050.95541401274
3050.95541401274,1050.95541401274
3050.95541401274,1063.69426751592
3038.21656050955,1076.4331210191
3038.21656050955,1089.17197452229
3025.47770700637,1089.17197452229
3025.47770700637,1101.91082802547
3012.73885350318,1101.91082802547
3000,1114.64968152866
3000,1127.38853503185
2987.26114649681,1127.38853503185
2987.26114649681,1140.12738853503
2974.52229299363,1140.12738853503
2974.52229299363,1152.86624203821
2961.78343949045,1165.6050955414
2949.04458598726,1178.34394904458
2949.04458598726,1191.08280254777
2936.30573248408,1191.08280254777
2936.30573248408,1203.82165605095
2936.30573248408,1216.56050955414
2923.56687898089,1216.56050955414
2923.56687898089,1229.29936305732
2910.82802547771,1242.03821656051
2910.82802547771,1254.77707006369
2898.08917197452,1254.77707006369
2898.08917197452,1267.51592356688
2885.35031847134,1267.51592356688
2872.61146496815,1280.25477707006
2872.61146496815,1292.99363057325
2859.87261146497,1305.73248407643
2847.13375796178,1318.47133757962
2847.13375796178,1331.2101910828
2834.3949044586,1331.2101910828
2834.3949044586,1343.94904458598
2834.3949044586,1356.68789808917
2821.65605095541,1356.68789808917
2821.65605095541,1369.42675159235
2808.91719745223,1382.16560509554
2808.91719745223,1394.90445859872
2796.17834394904,1394.90445859872
2796.17834394904,1407.64331210191
2783.43949044586,1420.38216560509
2783.43949044586,1433.12101910828
2770.70063694267,1445.85987261146
2770.70063694267,1458.59872611465
2757.96178343949,1471.33757961783
2745.2229299363,1484.07643312102
2732.48407643312,1509.55414012739
2719.74522292994,1522.29299363057
2707.00636942675,1522.29299363057
2707.00636942675,1535.03184713376
2694.26751592357,1535.03184713376
2681.52866242038,1547.77070063694
2681.52866242038,1560.50955414012
2668.7898089172,1560.50955414012
2668.7898089172,1573.24840764331
2656.05095541401,1573.24840764331
2656.05095541401,1585.98726114649
2643.31210191083,1585.98726114649
2643.31210191083,1598.72611464968
2630.57324840764,1598.72611464968
2630.57324840764,1611.46496815286
2617.83439490446,1624.20382165605
2617.83439490446,1636.94267515923
2605.09554140127,1636.94267515923
2605.09554140127,1649.68152866242
2592.35668789809,1662.4203821656
2579.6178343949,1675.15923566879
2579.6178343949,1687.89808917197
2554.14012738853,1713.37579617834
2554.14012738853,1726.11464968153
2541.40127388535,1726.11464968153
2541.40127388535,1738.85350318471
2528.66242038216,1751.5923566879
2515.92356687898,1764.33121019108
2515.92356687898,1777.07006369427
2503.18471337579,1777.07006369427
2503.18471337579,1789.80891719745
2490.44585987261,1802.54777070064
2490.44585987261,1815.28662420382
2477.70700636943,1815.28662420382
2477.70700636943,1828.025477707
2464.96815286624,1840.76433121019
2464.96815286624,1853.50318471337
2452.22929936306,1853.50318471337
2439.49044585987,1853.50318471337
2426.75159235669,1866.24203821656
2426.75159235669,1878.98089171974
2414.0127388535,1878.98089171974
2401.27388535032,1891.71974522293
2388.53503184713,1891.71974522293
2375.79617834395,1891.71974522293
2363.05732484076,1904.45859872611
2324.84076433121,1904.45859872611
2312.10191082803,1904.45859872611
2299.36305732484,1904.45859872611
2286.62420382166,1904.45859872611
2273.88535031847,1904.45859872611
2261.14649681528,1904.45859872611
2248.4076433121,1904.45859872611
2235.66878980892,1904.45859872611
2222.92993630573,1904.45859872611
2210.19108280255,1904.45859872611
2197.45222929936,1904.45859872611
2184.71337579618,1904.45859872611
2171.97452229299,1904.45859872611
2159.23566878981,1904.45859872611
2146.49681528662,1904.45859872611
2133.75796178344,1904.45859872611
2121.01910828025,1904.45859872611
2108.28025477707,1904.45859872611
2095.54140127388,1904.45859872611
2082.8025477707,1904.45859872611
2082.8025477707,1917.1974522293
2070.06369426752,1917.1974522293
2057.32484076433,1917.1974522293
2044.58598726115,1917.1974522293
2031.84713375796,1917.1974522293
2019.10828025478,1917.1974522293
2019.10828025478,1929.93630573248
2006.36942675159,1929.93630573248
1993.63057324841,1929.93630573248
1980.89171974522,1929.93630573248
1968.15286624204,1929.93630573248
1955.41401273885,1929.93630573248
1942.67515923567,1942.67515923567
1929.93630573248,1942.67515923567
1917.1974522293,1955.41401273885
1904.45859872611,1955.41401273885
1878.98089171974,1968.15286624204
1866.24203821656,1968.15286624204
1853.50318471338,1968.15286624204
1840.76433121019,1968.15286624204
1840.76433121019,1980.89171974522
1828.02547770701,1980.89171974522
1815.28662420382,1980.89171974522
1802.54777070064,1980.89171974522
1802.54777070064,1993.63057324841
1789.80891719745,1993.63057324841
1789.80891719745,2006.36942675159
1777.07006369427,2006.36942675159
1764.33121019108,2019.10828025478
1751.5923566879,2019.10828025478
1738.85350318471,2031.84713375796
1738.85350318471,2044.58598726114
1726.11464968153,2044.58598726114
1713.37579617834,2057.32484076433
1700.63694267516,2057.32484076433
1700.63694267516,2070.06369426751
1687.89808917197,2082.8025477707
1675.15923566879,2082.8025477707
1675.15923566879,2095.54140127388
1662.4203821656,2095.54140127388
1649.68152866242,2108.28025477707
1636.94267515923,2108.28025477707
1636.94267515923,2121.01910828025
1624.20382165605,2121.01910828025
1624.20382165605,2133.75796178344
1611.46496815287,2146.49681528662
1598.72611464968,2146.49681528662
1598.72611464968,2159.23566878981
1585.9872611465,2171.97452229299
1585.9872611465,2184.71337579618
1573.24840764331,2197.45222929936
1573.24840764331,2210.19108280255
1560.50955414013,2210.19108280255
1560.50955414013,2222.92993630573
1547.77070063694,2222.92993630573
1547.77070063694,2235.66878980891
1535.03184713376,2248.4076433121
1535.03184713376,2261.14649681528
1522.29299363057,2273.88535031847
1522.29299363057,2286.62420382165
1522.29299363057,2299.36305732484
1509.55414012739,2312.10191082802
1509.55414012739,2324.84076433121
1496.8152866242,2337.57961783439
1496.8152866242,2350.31847133758
1484.07643312102,2363.05732484076
1484.07643312102,2375.79617834395
1484.07643312102,2388.53503184713
1471.33757961783,2414.0127388535
1471.33757961783,2426.75159235669
1458.59872611465,2439.49044585987
1433.12101910828,2528.66242038216
1433.12101910828,2528.66242038216
1431.94551131545,2530.3531787111
1431.70130997345,2531.05448868455
1431.3531787111,2532
1431.40766739565,2533
1431.94551131545,2534
1432.29364257779,2535
1431.8910226309,2536
1431,2537
1430,2538
1429,2539
1428.05448868455,2540
1427.29869002655,2541
1426.755798658,2542
1426.3531787111,2543
1426.29869002655,2544
1426.45710863144,2545
1426.48840268401,2546
1426.40261994689,2547
1425.94551131545,2548
1425.29869002655,2549
1424.81028734255,2550
1424.54289136856,2551
1424.40261994689,2552
1423.8910226309,2553
1423.1089773691,2554
1422.7063574222,2555
1423.05448868455,2556
1423.70130997345,2557
1424.29869002655,2558
1424.94551131545,2559
1425.34813126234,2560
1425.18971265745,2561
1424.70130997345,2562
1423.94551131545,2563
1423.1089773691,2564
1422.59738005311,2565
1422.40261994689,2566
1421.8910226309,2567
1421.05448868455,2568
1420.29869002655,2569
1419.81028734255,2570
1419.54289136856,2571
1419.45710863144,2572
1419.29869002655,2573
1419.40766739565,2574
1419.94551131545,2575
1420.34813126234,2576
1420.29869002655,2577
1420.29869002655,2578
1420.34813126234,2579
1419.8910226309,2580
1419.1089773691,2581
1418.7063574222,2582
1419.1089773691,2583
1419.8910226309,2584
1420.29364257779,2585
1419.94551131545,2586
1419.29869002655,2587
1418.755798658,2588
1418.244201342,2589
1417.755798658,2590
1417.244201342,2591
1416.70130997345,2592
1416.05448868455,2593
1415.59738005311,2594
1415.51159731599,2595
1415.54289136856,2596
1415.755798658,2597
1415.94551131545,2598
1415.94551131545,2599
1415.70130997345,2600
1415.3531787111,2601
1415.29869002655,2602
1415.34813126234,2603
1414.94551131545,2604
1414.29869002655,2605
1413.755798658,2606
1413.244201342,2607
1412.70130997345,2608
1412.05448868455,2609
1411.59738005311,2610
1411.51159731599,2611
1411.54289136856,2612
1411.70130997345,2613
1411.6468212889,2614
1411.244201342,2615
1410.755798658,2616
1410.244201342,2617
1409.70130997345,2618
1409.05448868455,2619
1408.65186873766,2620
1408.81028734255,2621
1409.18971265745,2622
1409.34813126234,2623
1409,2624
1408.59738005311,2625
1408.51159731599,2626
1408.48840268401,2627
1408.40261994689,2628
1407.8910226309,2629
1407,2630
1406,2631
1405.05448868455,2632
1404.40766739565,2633
1404.3531787111,2634
1404.6468212889,2635
1404.6468212889,2636
1404.244201342,2637
1403.755798658,2638
1403.244201342,2639
1402.70130997345,2640
1401.94551131545,2641
1401,2642
1400,2643
1399,2644
1398,2645
1397.1089773691,2646
1396.59738005311,2646.94551131545
1396.40261994689,2647.70130997345
1396,2648.29869002655
1395.59738005311,2649.05448868455
1395.40261994689,2650
1394.8910226309,2651
1394.05448868455,2652
1393.29869002655,2653
1392.70130997345,2654
1392.05448868455,2655
1391.59738005311,2656
1391.45710863144,2657
1391.18971265745,2658
1390.70130997345,2658.94551131545
1389.94551131545,2659.70130997345
1389,2660.29869002655
1388,2661.05448868455
1387,2662
1386,2663
1385,2664
1384,2665
1383,2666
1382,2667
1381.05448868455,2668
1380.40766739565,2669
1380.29869002655,2670
1380.34813126234,2671
1379.8910226309,2672
1379.05448868455,2673
1378.29869002655,2674
1377.70130997345,2675
1376.94551131545,2676
1376.05448868455,2677
1375.29869002655,2678
1374.70130997345,2678.94551131545
1373.94551131545,2679.70130997345
1373.05448868455,2680.29869002655
1372.29869002655,2681.05448868455
1371.70130997345,2681.94551131545
1370.94551131545,2682.70130997345
1370.05448868455,2683.29869002655
1369.29869002655,2684.05448868455
1368.70130997345,2685
1367.94551131545,2686
1367,2687
1366,2688
1365,2689
1364,2690
1363,2691
1362,2692
1361,2693
1360,2694
1359.1089773691,2695
1358.7063574222,2696
1359,2697
1359.34813126234,2698
1359.18971265745,2699
1358.755798658,2700
1358.3531787111,2701
1358.3531787111,2702
1358.755798658,2703
1359.18971265745,2704
1359.45710863144,2705
1359.54289136856,2706
1359.70130997345,2707
1359.6468212889,2708
1359.244201342,2709
1358.755798658,2710
1358.244201342,2711
1357.81028734255,2712
1357.54289136856,2713
1357.40261994689,2713.94551131545
1356.8910226309,2714.70130997345
1356,2715.29869002655
1355,2716.05448868455
1354,2717
1353,2718
1352,2719
1351,2720
1350,2721
1349,2722
1348,2723
1347.1089773691,2724
1346.7063574222,2725
1347.05448868455,2726
1347.59233260435,2727
1347.70130997345,2728
1347.54289136856,2729
1347.45710863144,2730
1347.18971265745,2731
1346.81028734255,2732
1346.54289136856,2733
1346.40261994689,2734
1345.8910226309,2735
1345.05448868455,2736
1344.29869002655,2737
1343.81028734255,2738
1343.65186873766,2739
1344.05448868455,2740
1344.70130997345,2741
1345.18971265745,2742
1345.34813126234,2743
1344.94551131545,2743.94551131545
1344.3531787111,2744.6468212889
1331.2101910828,2757.96178343949
1331.2101910828,2770.70063694267
1331.2101910828,2783.43949044586
1318.47133757962,2796.17834394904
1318.47133757962,2808.91719745223
1318.47133757962,2821.65605095541
1305.73248407643,2821.65605095541
1305.73248407643,2834.3949044586
1305.73248407643,2847.13375796178
1292.99363057325,2859.87261146497
1292.99363057325,2872.61146496815
1292.99363057325,2885.35031847134
1292.99363057325,2898.08917197452
1280.25477707006,2910.82802547771
1280.25477707006,2923.56687898089
1280.25477707006,2936.30573248407
1280.25477707006,2949.04458598726
1267.51592356688,2961.78343949044
1267.51592356688,2974.52229299363
1267.51592356688,2987.26114649681
1267.51592356688,3000
1267.51592356688,3012.73885350318
1254.77707006369,3025.47770700637
1254.77707006369,3038.21656050955
1254.77707006369,3050.95541401274
1254.77707006369,3063.69426751592
1242.03821656051,3076.43312101911
1242.03821656051,3089.17197452229
1242.03821656051,3101.91082802548
1229.29936305732,3114.64968152866
1229.29936305732,3127.38853503185
1229.29936305732,3140.12738853503
1216.56050955414,3140.12738853503
1216.56050955414,3152.86624203822
1203.82165605095,3165.6050955414
1203.82165605095,3178.34394904458
1203.82165605095,3191.08280254777
1191.08280254777,3203.82165605095
1191.08280254777,3216.56050955414
1191.08280254777,3229.29936305732
1178.34394904459,3242.03821656051
1178.34394904459,3254.77707006369
1165.6050955414,3292.99363057325
1165.6050955414,3356.68789808917
1152.86624203822,3369.42675159235
1152.86624203822,3382.16560509554
1152.86624203822,3394.90445859872
1152.86624203822,3407.64331210191
1140.12738853503,3420.38216560509
1140.12738853503,3433.12101910828
1140.12738853503,3445.85987261146
1140.12738853503,3458.59872611465
1140.12738853503,3471.33757961783
1140.12738853503,3484.07643312102
1127.38853503185,3496.8152866242
1127.38853503185,3509.55414012739
1127.38853503185,3522.29299363057
1127.38853503185,3535.03184713376
1127.38853503185,3547.77070063694
1114.64968152866,3547.77070063694
1114.64968152866,3560.50955414013
1101.91082802548,3573.24840764331
1101.91082802548,3585.9872611465
1101.91082802548,3598.72611464968
1089.17197452229,3611.46496815286
1089.17197452229,3624.20382165605
1089.17197452229,3636.94267515923
1089.17197452229,3649.68152866242
1089.17197452229,3662.4203821656
1089.17197452229,3675.15923566879
1089.17197452229,3700.63694267516
1076.43312101911,3700.63694267516
1076.43312101911,3713.37579617834
1076.43312101911,3726.11464968153
1063.69426751592,3738.85350318471
1063.69426751592,3751.5923566879
1050.95541401274,3751.5923566879
1050.95541401274,3764.33121019108
1038.21656050955,3777.07006369427
1038.21656050955,3789.80891719745
1025.47770700637,3802.54777070063
1025.47770700637,3815.28662420382
1012.73885350318,3828.025477707
1012.73885350318,3840.76433121019
1012.73885350318,3853.50318471337
999.999999999999,3866.24203821656
999.999999999999,3878.98089171974
987.261146496814,3891.71974522293
987.261146496814,3904.45859872611
987.261146496814,3917.1974522293
974.52229299363,3929.93630573248
974.52229299363,3942.67515923567
961.783439490445,3955.41401273885
961.783439490445,3968.15286624204
949.04458598726,3980.89171974522
949.04458598726,3993.63057324841
936.305732484076,4006.36942675159
936.305732484076,4019.10828025477
923.56687898089,4031.84713375796
923.56687898089,4044.58598726114
923.56687898089,4057.32484076433
910.828025477706,4070.06369426751
898.089171974521,4082.8025477707
898.089171974521,4095.54140127388
898.089171974521,4108.28025477707
885.350318471336,4108.28025477707
885.350318471336,4121.01910828025
885.350318471336,4133.75796178344
872.611464968152,4146.49681528662
872.611464968152,4171.97452229299
859.872611464967,4184.71337579618
859.872611464967,4197.45222929936
859.872611464967,4210.19108280255
847.133757961782,4210.19108280255
847.133757961782,4222.92993630573
847.133757961782,4235.66878980892
834.394904458598,4235.66878980892
834.394904458598,4248.4076433121
834.394904458598,4261.14649681528
834.394904458598,4273.88535031847
821.656050955413,4286.62420382165
821.656050955413,4299.36305732484
821.656050955413,4312.10191082802
821.656050955413,4324.84076433121
821.656050955413,4337.57961783439
808.917197452228,4350.31847133758
808.917197452228,4375.79617834395
808.917197452228,4388.53503184713
808.917197452228,4401.27388535032
808.917197452228,4414.0127388535
808.917197452228,4426.75159235669
808.917197452228,4439.49044585987
796.178343949044,4452.22929936306
796.178343949044,4464.96815286624
796.178343949044,4490.44585987261
796.178343949044,4503.18471337579
796.178343949044,4515.92356687898
783.439490445858,4528.66242038216
783.439490445858,4541.40127388535
783.439490445858,4554.14012738853
783.439490445858,4566.87898089172
783.439490445858,4579.6178343949
783.439490445858,4592.35668789809
783.439490445858,4605.09554140127
783.439490445858,4630.57324840764
770.700636942674,4643.31210191083
770.700636942674,4656.05095541401
770.700636942674,4668.7898089172
770.700636942674,4681.52866242038
770.700636942674,4694.26751592357
770.700636942674,4707.00636942675
770.700636942674,4719.74522292993
770.700636942674,4732.48407643312
770.700636942674,4745.2229299363
770.700636942674,4757.96178343949
783.439490445858,4783.43949044586
783.439490445858,4783.43949044586
784.054488684549,4784.3531787111
784.353178711102,4785.05448868455
785.054488684549,4786
785.891022630901,4787
786.293642577795,4788
785.891022630901,4789
785,4790
784.05448868455,4791
783.353178711102,4792
783.05448868455,4793
782.94551131545,4794
782.646821288897,4795
781.94551131545,4796
781.108977369099,4797
780.706357422205,4798
781,4799
781.348131262345,4800
781.298690026553,4801
781.407667395652,4802
782.05448868455,4803
782.891022630901,4804
783.402619946894,4805
783.542891368556,4806
783.810287342546,4807
784.298690026553,4808
784.94551131545,4809
785.402619946894,4810
785.488402684006,4811
785.402619946894,4812
784.891022630901,4813
784.05448868455,4814
783.407667395652,4815
783.298690026553,4816
783.348131262345,4817
783,4818
782.706357422205,4819
783.05448868455,4820
783.701309973447,4821
784.189712657453,4822
784.457108631444,4823
784.597380053106,4824
785,4825
785.293642577795,4826
785,4827
784.706357422205,4828
785.108977369099,4829
785.94551131545,4830
786.592332604348,4831
786.701309973447,4832
786.651868737655,4833
787.108977369099,4834
787.94551131545,4835
788.701309973447,4836
789.189712657454,4837
789.348131262345,4838
788.891022630901,4839
788,4840
787.054488684549,4841
786.298690026553,4842
785.755798657997,4843
785.353178711102,4844
785.298690026553,4845
785.457108631444,4846
785.597380053106,4847
786,4848
786.348131262345,4849
786.189712657454,4850
785.701309973447,4851
784.94551131545,4852
784,4853
783,4854
782.108977369099,4855
781.706357422205,4856
782,4857
782.402619946894,4858
782.488402684006,4859
782.511597315994,4860
782.542891368556,4861
782.810287342546,4862
783.244201342003,4863
783.646821288897,4864
783.592332604348,4865
782.94551131545,4866
782,4867
781,4868
780,4869
779,4870
778,4871
777,4872
776,4873
775,4874
774,4875
773.108977369099,4876
772.651868737655,4877
772.701309973447,4878
772.592332604348,4878.94551131545
771.94551131545,4879.70130997345
771,4880.29869002655
770.054488684549,4881.05448868455
769.298690026553,4882
768.701309973447,4883
768.054488684549,4884
767.597380053106,4885
767.511597315993,4886
767.542891368556,4887
767.701309973447,4888
767.701309973447,4889
767.542891368556,4890
767.402619946894,4891
767,4892
766.597380053106,4893
766.402619946894,4894
765.891022630901,4895
765.108977369099,4896
764.597380053106,4897
764.511597315993,4898
764.488402684006,4899
764.511597315993,4900
764.488402684006,4901
764.457108631444,4902
764.189712657454,4903
763.755798657997,4904
763.244201342003,4905
762.755798657997,4906
762.353178711103,4907
762.407667395652,4908
763.05448868455,4909
763.891022630901,4910
764.402619946894,4911
764.542891368556,4912
764.810287342546,4913
765.298690026553,4914
766.05448868455,4915
766.891022630901,4916
767.348131262345,4917
767.298690026553,4918
767.407667395652,4919
768,4920
768.592332604348,4921
768.646821288897,4922
768.244201342003,4923
767.755798657997,4924
767.244201342003,4925
766.810287342546,4926
766.651868737655,4927
767,4928
767.402619946894,4929
767.542891368556,4930
767.701309973447,4931
767.592332604348,4932
766.94551131545,4933
766,4934
765,4935
764,4936
763,4937
762,4938
761,4939
760,4940
759,4941
758,4942
757.108977369099,4943
756.706357422205,4944
757.054488684549,4945
757.646821288898,4946
757.94551131545,4947
758,4947.94551131545
758,4948.6468212889
757.961783439489,4961.78343949044
757.961783439489,4974.52229299363
757.961783439489,5000
757.961783439489,5012.73885350318
757.961783439489,5025.47770700637
757.961783439489,5038.21656050955
757.961783439489,5050.95541401274
757.961783439489,5063.69426751592
757.961783439489,5076.43312101911
757.961783439489,5089.17197452229
745.222929936304,5140.12738853503
745.222929936304,5203.82165605095
732.48407643312,5216.56050955414
732.48407643312,5229.29936305732
732.48407643312,5242.03821656051
732.48407643312,5254.77707006369
732.48407643312,5267.51592356688
732.48407643312,5280.25477707006
745.222929936304,5292.99363057325
745.222929936304,5305.73248407643
745.222929936304,5318.47133757962
757.961783439489,5318.47133757962
757.961783439489,5331.2101910828
770.700636942674,5356.68789808917
770.700636942674,5369.42675159235
770.700636942674,5382.16560509554
783.439490445858,5382.16560509554
783.439490445858,5394.90445859872
783.439490445858,5407.64331210191
783.439490445858,5420.38216560509
783.439490445858,5433.12101910828
783.439490445858,5445.85987261146
783.439490445858,5458.59872611465
783.439490445858,5471.33757961783
796.178343949044,5471.33757961783
796.178343949044,5484.07643312102
796.178343949044,5496.8152866242
796.178343949044,5509.55414012739
808.917197452228,5522.29299363057
808.917197452228,5535.03184713376
821.656050955413,5547.77070063694
821.656050955413,5560.50955414013
821.656050955413,5573.24840764331
834.394904458598,5573.24840764331
834.394904458598,5585.9872611465
834.394904458598,5598.72611464968
847.133757961782,5611.46496815287
847.133757961782,5624.20382165605
847.133757961782,5636.94267515923
859.872611464967,5649.68152866242
859.872611464967,5662.4203821656
872.611464968152,5675.15923566879
872.611464968152,5687.89808917197
885.350318471336,5700.63694267516
885.350318471336,5713.37579617834
898.089171974521,5726.11464968153
898.089171974521,5738.85350318471
898.089171974521,5751.5923566879
910.828025477706,5751.5923566879
910.828025477706,5764.33121019108
910.828025477706,5777.07006369426
923.56687898089,5789.80891719745
923.56687898089,5802.54777070064
936.305732484076,5802.54777070064
936.305732484076,5815.28662420382
949.04458598726,5828.025477707
949.04458598726,5840.76433121019
949.04458598726,5853.50318471337
949.04458598726,5866.24203821656
961.783439490445,5866.24203821656
961.783439490445,5878.98089171974
961.783439490445,5891.71974522293
974.52229299363,5891.71974522293
974.52229299363,5904.45859872611
974.52229299363,5917.1974522293
987.261146496814,5929.93630573248
987.261146496814,5942.67515923567
999.999999999999,5942.67515923567
999.999999999999,5955.41401273885
1012.73885350318,5955.41401273885
1012.73885350318,5968.15286624204
1025.47770700637,5980.89171974522
1038.21656050955,5980.89171974522
1038.21656050955,5993.63057324841
1038.21656050955,6006.36942675159
1050.95541401274,6019.10828025478
1050.95541401274,6031.84713375796
1063.69426751592,6031.84713375796
1063.69426751592,6044.58598726115
1063.69426751592,6057.32484076433
1076.43312101911,6057.32484076433
1076.43312101911,6070.06369426751
1076.43312101911,6082.8025477707
1089.17197452229,6082.8025477707
1089.17197452229,6095.54140127388
1089.17197452229,6108.28025477707
1101.91082802548,6121.01910828025
1101.91082802548,6133.75796178344
1114.64968152866,6146.49681528662
1114.64968152866,6159.23566878981
1127.38853503185,6171.97452229299
1127.38853503185,6184.71337579618
1140.12738853503,6197.45222929936
1140.12738853503,6210.19108280255
1152.86624203822,6222.92993630573
1152.86624203822,6235.66878980892
1165.6050955414,6235.66878980892
1165.6050955414,6248.4076433121
1165.6050955414,6261.14649681528
1178.34394904459,6273.88535031847
1178.34394904459,6286.62420382166
1191.08280254777,6299.36305732484
1191.08280254777,6312.10191082802
1203.82165605095,6312.10191082802
1203.82165605095,6324.84076433121
1203.82165605095,6337.57961783439
1216.56050955414,6350.31847133758
1216.56050955414,6363.05732484076
1216.56050955414,6375.79617834395
1216.56050955414,6388.53503184713
1229.29936305732,6401.27388535032
1242.03821656051,6414.0127388535
1254.77707006369,6426.75159235669
1267.51592356688,6439.49044585987
1280.25477707006,6452.22929936306
1292.99363057325,6452.22929936306
1292.99363057325,6464.96815286624
1305.73248407643,6464.96815286624
1305.73248407643,6477.70700636943
1318.47133757962,6477.70700636943
1331.2101910828,6490.44585987261
1343.94904458599,6490.44585987261
1343.94904458599,6503.18471337579
1356.68789808917,6503.18471337579
1369.42675159236,6515.92356687898
1382.16560509554,6515.92356687898
1394.90445859872,6528.66242038216
1407.64331210191,6528.66242038216
1407.64331210191,6541.40127388535
1420.38216560509,6541.40127388535
1433.12101910828,6541.40127388535
1445.85987261146,6554.14012738853
1458.59872611465,6554.14012738853
1471.33757961783,6566.87898089172
1484.07643312102,6579.6178343949
1496.8152866242,6592.35668789809
1509.55414012739,6605.09554140127
1509.55414012739,6617.83439490446
1522.29299363057,6617.83439490446
1535.03184713376,6630.57324840764
1535.03184713376,6643.31210191083
1547.77070063694,6656.05095541401
1547.77070063694,6668.7898089172
1560.50955414013,6668.7898089172
1573.24840764331,6681.52866242038
1573.24840764331,6694.26751592357
1585.9872611465,6707.00636942675
1585.9872611465,6719.74522292994
1598.72611464968,6732.48407643312
1598.72611464968,6745.2229299363
1611.46496815287,6745.2229299363
1624.20382165605,6757.96178343949
1624.20382165605,6770.70063694267
1636.94267515923,6783.43949044586
1636.94267515923,6796.17834394904
1649.68152866242,6796.17834394904
1649.68152866242,6808.91719745223
1649.68152866242,6821.65605095541
1662.4203821656,6821.65605095541
1662.4203821656,6834.3949044586
1675.15923566879,6847.13375796178
1675.15923566879,6859.87261146497
1687.89808917197,6872.61146496815
1687.89808917197,6885.35031847134
1700.63694267516,6898.08917197452
1700.63694267516,6910.82802547771
1700.63694267516,6923.56687898089
1713.37579617834,6923.56687898089
1713.37579617834,6936.30573248408
1713.37579617834,6949.04458598726
1726.11464968153,6949.04458598726
1726.11464968153,6961.78343949044
1726.11464968153,6974.52229299363
1738.85350318471,6987.26114649681
1738.85350318471,7000
1751.5923566879,7000
1751.5923566879,7012.73885350318
1751.5923566879,7025.47770700637
1764.33121019108,7025.47770700637
1764.33121019108,7038.21656050955
1764.33121019108,7050.95541401274
1777.07006369427,7063.69426751592
1777.07006369427,7076.43312101911
1777.07006369427,7089.17197452229
1777.07006369427,7101.91082802548
1789.80891719745,7101.91082802548
1789.80891719745,7114.64968152866
1789.80891719745,7127.38853503185
1802.54777070064,7140.12738853503
1802.54777070064,7152.86624203822
1802.54777070064,7165.6050955414
1815.28662420382,7165.6050955414
1815.28662420382,7178.34394904458
1815.28662420382,7191.08280254777
1815.28662420382,7203.82165605095
1828.02547770701,7203.82165605095
1828.02547770701,7216.56050955414
1828.02547770701,7229.29936305732
1840.76433121019,7229.29936305732
1840.76433121019,7242.03821656051
1853.50318471338,7242.03821656051
1853.50318471338,7254.77707006369
1853.50318471338,7267.51592356688
1866.24203821656,7280.25477707006
1866.24203821656,7292.99363057325
1866.24203821656,7305.73248407643
1866.24203821656,7318.47133757962
1878.98089171974,7318.47133757962
1878.98089171974,7331.2101910828
1866.24203821656,7331.2101910828
1866.24203821656,7331.2101910828
2006.36942675159,7726.11464968153
2006.36942675159,7738.85350318471
2019.10828025478,7751.5923566879
2019.10828025478,7764.33121019108
2019.10828025478,7777.07006369427
2031.84713375796,7789.80891719745
2031.84713375796,7802.54777070063
2044.58598726115,7802.54777070063
2044.58598726115,7815.28662420382
2057.32484076433,7815.28662420382
2057.32484076433,7828.02547770701
2070.06369426752,7840.76433121019
2082.8025477707,7840.76433121019
2082.8025477707,7853.50318471337
2095.54140127388,7853.50318471337
2095.54140127388,7866.24203821656
2108.28025477707,7878.98089171974
2121.01910828025,7878.98089171974
2121.01910828025,7891.71974522293
2133.75796178344,7891.71974522293
2146.49681528662,7904.45859872611
2159.23566878981,7917.1974522293
2171.97452229299,7917.1974522293
2171.97452229299,7929.93630573248
2184.71337579618,7929.93630573248
2197.45222929936,7942.67515923567
2210.19108280255,7942.67515923567
2222.92993630573,7955.41401273885
2235.66878980892,7968.15286624204
2248.4076433121,7968.15286624204
2261.14649681528,7980.89171974522
2273.88535031847,7980.89171974522
2273.88535031847,7993.63057324841
2286.62420382166,7993.63057324841
2299.36305732484,8006.36942675159
2312.10191082803,8006.36942675159
2312.10191082803,8019.10828025478
2324.84076433121,8019.10828025478
2337.57961783439,8019.10828025478
2337.57961783439,8031.84713375796
2350.31847133758,8031.84713375796
2363.05732484076,8031.84713375796
2375.79617834395,8044.58598726115
2375.79617834395,8057.32484076433
2388.53503184713,8057.32484076433
2388.53503184713,8070.06369426752
2401.27388535032,8070.06369426752
2401.27388535032,8082.8025477707
2414.0127388535,8082.8025477707
2426.75159235669,8082.8025477707
2426.75159235669,8095.54140127388
2439.49044585987,8095.54140127388
2452.22929936306,8108.28025477707
2464.96815286624,8108.28025477707
2464.96815286624,8108.28025477707
2464.96815286624,8108.28025477707
2694.26751592357,8414.0127388535
2707.00636942675,8414.0127388535
2719.74522292994,8414.0127388535
2732.48407643312,8414.0127388535
2745.2229299363,8414.0127388535
2757.96178343949,8426.75159235669
2770.70063694267,8439.49044585987
2783.43949044586,8452.22929936306
2783.43949044586,8464.96815286624
2796.17834394904,8464.96815286624
2808.91719745223,8477.70700636943
2821.65605095541,8490.44585987261
2834.3949044586,8490.44585987261
2834.3949044586,8503.18471337579
2847.13375796178,8503.18471337579
2859.87261146497,8515.92356687898
2872.61146496815,8528.66242038216
2872.61146496815,8541.40127388535
2885.35031847134,8541.40127388535
2885.35031847134,8554.14012738853
2898.08917197452,8566.87898089172
2898.08917197452,8579.6178343949
2910.82802547771,8579.6178343949
2923.56687898089,8592.35668789809
2936.30573248408,8592.35668789809
2949.04458598726,8592.35668789809
2949.04458598726,8605.09554140127
2961.78343949045,8605.09554140127
2974.52229299363,8617.83439490446
2987.26114649681,8617.83439490446
2987.26114649681,8630.57324840764
3000,8630.57324840764
3012.73885350318,8643.31210191083
3025.47770700637,8643.31210191083
3038.21656050955,8643.31210191083
3050.95541401274,8643.31210191083
3063.69426751592,8643.31210191083
3063.69426751592,8656.05095541401
3076.43312101911,8656.05095541401
3089.17197452229,8656.05095541401
3101.91082802548,8668.7898089172
3114.64968152866,8668.7898089172
3140.12738853503,8668.7898089172
3165.6050955414,8681.52866242038
3191.08280254777,8681.52866242038
3203.82165605096,8681.52866242038
3216.56050955414,8681.52866242038
3242.03821656051,8694.26751592357
3254.77707006369,8694.26751592357
3267.51592356688,8694.26751592357
3280.25477707006,8694.26751592357
3305.73248407643,8694.26751592357
3318.47133757962,8694.26751592357
3343.94904458599,8707.00636942675
3356.68789808917,8707.00636942675
3369.42675159236,8707.00636942675
3382.16560509554,8707.00636942675
3394.90445859872,8707.00636942675
3407.64331210191,8707.00636942675
3420.38216560509,8707.00636942675
3433.12101910828,8707.00636942675
3445.85987261146,8707.00636942675
3458.59872611465,8707.00636942675
3471.33757961783,8719.74522292994
3484.07643312102,8719.74522292994
3496.8152866242,8719.74522292994
3509.55414012739,8719.74522292994
3522.29299363057,8719.74522292994
3535.03184713376,8719.74522292994
3560.50955414013,8719.74522292994
3585.9872611465,8719.74522292994
3598.72611464968,8719.74522292994
3624.20382165605,8719.74522292994
3636.94267515924,8719.74522292994
3649.68152866242,8719.74522292994
3662.42038216561,8719.74522292994
3687.89808917198,8719.74522292994
3700.63694267516,8719.74522292994
3726.11464968153,8719.74522292994
3738.85350318471,8719.74522292994
3751.5923566879,8719.74522292994
3764.33121019108,8719.74522292994
3777.07006369427,8719.74522292994
3777.07006369427,8707.00636942675
3789.80891719745,8707.00636942675
3802.54777070064,8707.00636942675
3828.02547770701,8707.00636942675
3840.76433121019,8707.00636942675
3853.50318471338,8707.00636942675
3878.98089171974,8707.00636942675
3891.71974522293,8694.26751592357
3904.45859872611,8694.26751592357
3929.93630573248,8694.26751592357
3942.67515923567,8694.26751592357
3955.41401273885,8694.26751592357
3968.15286624204,8694.26751592357
3980.89171974522,8694.26751592357
3993.63057324841,8694.26751592357
4006.36942675159,8694.26751592357
4006.36942675159,8694.26751592357
4273.88535031847,8617.83439490446
4286.62420382166,8617.83439490446
4299.36305732484,8617.83439490446
4312.10191082803,8617.83439490446
4324.84076433121,8617.83439490446
4337.5796178344,8617.83439490446
4350.31847133758,8605.09554140127
4363.05732484076,8605.09554140127
4375.79617834395,8605.09554140127
4388.53503184713,8605.09554140127
4401.27388535032,8605.09554140127
4414.0127388535,8605.09554140127
4426.75159235669,8605.09554140127
4439.49044585987,8605.09554140127
4452.22929936306,8592.35668789809
4464.96815286624,8592.35668789809
4477.70700636943,8592.35668789809
4503.1847133758,8579.6178343949
4515.92356687898,8566.87898089172
4541.40127388535,8566.87898089172
4554.14012738853,8554.14012738853
4566.87898089172,8554.14012738853
4579.6178343949,8554.14012738853
4592.35668789809,8541.40127388535
4605.09554140127,8541.40127388535
4605.09554140127,8528.66242038216
4617.83439490446,8528.66242038216
4630.57324840764,8528.66242038216
4643.31210191083,8515.92356687898
4656.05095541401,8515.92356687898
4656.05095541401,8503.18471337579
4668.7898089172,8503.18471337579
4681.52866242038,8490.44585987261
4694.26751592357,8490.44585987261
4707.00636942675,8477.70700636943
4719.74522292994,8477.70700636943
4732.48407643312,8464.96815286624
4745.22292993631,8452.22929936306
4757.96178343949,8452.22929936306
4770.70063694267,8439.49044585987
4783.43949044586,8426.75159235669
4796.17834394904,8426.75159235669
4796.17834394904,8414.0127388535
4808.91719745223,8414.0127388535
4808.91719745223,8401.27388535032
4821.65605095541,8401.27388535032
4834.3949044586,8388.53503184713
4847.13375796178,8375.79617834395
4859.87261146497,8375.79617834395
4859.87261146497,8363.05732484076
4872.61146496815,8363.05732484076
4885.35031847134,8350.31847133758
4898.08917197452,8350.31847133758
4898.08917197452,8337.57961783439
4910.82802547771,8337.57961783439
4923.56687898089,8324.84076433121
4936.30573248408,8312.10191082803
4949.04458598726,8312.10191082803
4961.78343949045,8312.10191082803
4961.78343949045,8299.36305732484
4987.26114649682,8286.62420382166
5000,8286.62420382166
5000,8273.88535031847
5012.73885350318,8273.88535031847
5025.47770700637,8273.88535031847
5025.47770700637,8261.14649681528
5038.21656050955,8261.14649681528
5050.95541401274,8248.4076433121
5063.69426751592,8248.4076433121
5076.43312101911,8248.4076433121
5076.43312101911,8235.66878980892
5089.17197452229,8235.66878980892
5101.91082802548,8235.66878980892
5101.91082802548,8222.92993630573
5114.64968152866,8222.92993630573
5127.38853503185,8222.92993630573
5127.38853503185,8210.19108280255
5140.12738853503,8210.19108280255
5152.86624203822,8210.19108280255
5165.6050955414,8210.19108280255
5165.6050955414,8197.45222929936
5178.34394904459,8197.45222929936
5191.08280254777,8197.45222929936
5203.82165605096,8184.71337579618
5216.56050955414,8184.71337579618
5229.29936305732,8184.71337579618
5254.77707006369,8171.97452229299
5267.51592356688,8171.97452229299
5280.25477707006,8171.97452229299
5292.99363057325,8171.97452229299
5305.73248407643,8159.23566878981
5318.47133757962,8159.23566878981
5331.2101910828,8146.49681528662
5343.94904458599,8146.49681528662
5356.68789808917,8146.49681528662
5369.42675159236,8146.49681528662
5369.42675159236,8133.75796178344
5382.16560509554,8133.75796178344
5394.90445859873,8133.75796178344
5407.64331210191,8133.75796178344
5407.64331210191,8121.01910828025
5420.38216560509,8121.01910828025
5433.12101910828,8108.28025477707
5445.85987261147,8108.28025477707
5458.59872611465,8095.54140127388
5471.33757961783,8095.54140127388
5471.33757961783,8082.8025477707
5484.07643312102,8082.8025477707
5484.07643312102,8070.06369426752
5496.8152866242,8070.06369426752
5496.8152866242,8057.32484076433
5509.55414012739,8044.58598726115
5509.55414012739,8031.84713375796
5509.55414012739,8019.10828025478
5509.55414012739,8006.36942675159
5509.55414012739,7993.63057324841
5509.55414012739,7980.89171974522
5522.29299363057,7968.15286624204
5522.29299363057,7955.41401273885
5535.03184713376,7942.67515923567
5547.77070063694,7929.93630573248
5547.77070063694,7917.1974522293
5560.50955414013,7917.1974522293
5560.50955414013,7904.45859872611
5624.20382165605,7853.50318471337
5675.15923566879,7802.54777070063
5687.89808917197,7789.80891719745
5713.37579617834,7777.07006369427
5726.11464968153,7764.33121019108
5738.85350318471,7751.5923566879
5738.85350318471,7738.85350318471
5738.85350318471,7726.11464968153
5738.85350318471,7713.37579617834
5738.85350318471,7700.63694267516
5738.85350318471,7687.89808917197
5738.85350318471,7675.15923566879
5738.85350318471,7662.4203821656
5738.85350318471,7649.68152866242
5751.5923566879,7649.68152866242
5751.5923566879,7636.94267515924
5751.5923566879,7624.20382165605
5751.5923566879,7611.46496815286
5751.5923566879,7598.72611464968
5751.5923566879,7585.9872611465
5751.5923566879,7573.24840764331
5751.5923566879,7573.24840764331
5334.91013834233,5124.13485334091
5240.6468212889,4429.3531787111
