5993.63057324841,4503.18471337579
6579.61783439491,541.401273885347
6566.87898089172,541.401273885347
6554.14012738853,541.401273885347
6541.40127388535,541.401273885347
6528.66242038216,541.401273885347
6515.92356687898,541.401273885347
6503.1847133758,541.401273885347
6490.44585987261,528.662420382163
6464.96815286624,528.662420382163
6452.22929936306,528.662420382163
6439.49044585987,528.662420382163
6439.49044585987,515.923566878979
6426.75159235669,515.923566878979
6414.0127388535,515.923566878979
6401.27388535032,515.923566878979
6388.53503184713,515.923566878979
6375.79617834395,515.923566878979
6363.05732484076,515.923566878979
6350.31847133758,515.923566878979
6324.84076433121,515.923566878979
6312.10191082802,515.923566878979
6299.36305732484,515.923566878979
6286.62420382166,515.923566878979
6235.66878980892,541.401273885347
6184.71337579618,554.140127388533
6171.97452229299,554.140127388533
6159.23566878981,566.878980891717
6146.49681528662,566.878980891717
6133.75796178344,579.617834394901
6121.01910828025,579.617834394901
6108.28025477707,579.617834394901
6082.8025477707,579.617834394901
6031.84713375796,579.617834394901
5980.89171974522,592.356687898087
5942.67515923567,592.356687898087
5929.93630573248,592.356687898087
5917.1974522293,592.356687898087
5904.45859872611,592.356687898087
5878.98089171974,579.617834394901
5853.50318471338,579.617834394901
5840.76433121019,579.617834394901
5840.76433121019,566.878980891717
5828.02547770701,566.878980891717
5815.28662420382,566.878980891717
5802.54777070064,554.140127388533
5789.80891719745,554.140127388533
5777.07006369427,554.140127388533
5764.33121019108,554.140127388533
5751.5923566879,541.401273885347
5649.68152866242,541.401273885347
5560.50955414013,528.662420382163
5547.77070063694,528.662420382163
5522.29299363057,515.923566878979
5509.55414012739,515.923566878979
5496.8152866242,515.923566878979
5484.07643312102,515.923566878979
5471.33757961783,515.923566878979
5458.59872611465,503.184713375795
5445.85987261147,503.184713375795
5433.12101910828,503.184713375795
5420.38216560509,503.184713375795
5407.64331210191,503.184713375795
5394.90445859873,503.184713375795
5382.16560509554,503.184713375795
5369.42675159236,503.184713375795
5356.68789808917,503.184713375795
5343.94904458599,503.184713375795
5331.2101910828,503.184713375795
5318.47133757962,503.184713375795
5305.73248407643,503.184713375795
5292.99363057325,503.184713375795
5280.25477707006,503.184713375795
5267.51592356688,503.184713375795
5254.77707006369,503.184713375795
5242.03821656051,503.184713375795
5229.29936305732,515.923566878979
5203.82165605096,515.923566878979
5191.08280254777,515.923566878979
5178.34394904459,515.923566878979
5165.6050955414,515.923566878979
5152.86624203822,515.923566878979
5140.12738853503,528.662420382163
5114.64968152866,528.662420382163
5101.91082802548,528.662420382163
5063.69426751592,528.662420382163
5025.47770700637,541.401273885347
4987.26114649682,541.401273885347
4961.78343949045,554.140127388533
4949.04458598726,554.140127388533
4936.30573248408,554.140127388533
4923.56687898089,554.140127388533
4923.56687898089,566.878980891717
4910.82802547771,566.878980891717
4898.08917197452,566.878980891717
4885.35031847134,579.617834394901
4872.61146496815,592.356687898087
4859.87261146497,592.356687898087
4847.13375796178,592.356687898087
4834.3949044586,592.356687898087
4821.65605095541,605.095541401271
4808.91719745223,605.095541401271
4796.17834394904,605.095541401271
4783.43949044586,617.834394904456
4770.70063694267,617.834394904456
4770.70063694267,630.573248407642
4757.96178343949,630.573248407642
4745.22292993631,643.312101910826
4732.48407643312,643.312101910826
4719.74522292994,656.05095541401
4707.00636942675,656.05095541401
4707.00636942675,668.789808917194
4694.26751592357,668.789808917194
4681.52866242038,668.789808917194
4681.52866242038,681.52866242038
4668.7898089172,681.52866242038
4656.05095541401,694.267515923564
4643.31210191083,694.267515923564
4643.31210191083,707.006369426748
4617.83439490446,719.745222929934
4605.09554140127,719.745222929934
4605.09554140127,732.484076433118
4592.35668789809,732.484076433118
4579.6178343949,732.484076433118
4579.6178343949,745.222929936303
4566.87898089172,745.222929936303
4554.14012738853,757.961783439488
4541.40127388535,757.961783439488
4528.66242038216,770.700636942673
4515.92356687898,770.700636942673
4503.1847133758,783.439490445857
4477.70700636943,783.439490445857
4477.70700636943,796.178343949043
4464.96815286624,796.178343949043
4464.96815286624,808.917197452227
4452.22929936306,808.917197452227
4439.49044585987,821.656050955411
4426.75159235669,821.656050955411
4414.0127388535,834.394904458597
4388.53503184713,847.133757961781
4375.79617834395,859.872611464965
4363.05732484076,859.872611464965
4350.31847133758,859.872611464965
4350.31847133758,872.611464968151
4324.84076433121,872.611464968151
4312.10191082803,885.350318471335
4299.36305732484,898.08917197452
4286.62420382166,898.08917197452
4273.88535031847,910.828025477706
4261.14649681529,910.828025477706
4261.14649681529,923.56687898089
4248.4076433121,923.56687898089
4235.66878980892,936.305732484074
4222.92993630573,949.044585987258
4210.19108280255,961.783439490444
4197.45222929936,961.783439490444
4184.71337579618,974.522292993628
4171.97452229299,987.261146496812
4159.23566878981,987.261146496812
4159.23566878981,999.999999999998
4146.49681528662,999.999999999998
4146.49681528662,1012.73885350318
4133.75796178344,1012.73885350318
4121.01910828025,1025.47770700637
4108.28025477707,1025.47770700637
4095.54140127389,1025.47770700637
4095.54140127389,1038.21656050955
4082.8025477707,1038.21656050955
4070.06369426752,1038.21656050955
4070.06369426752,1050.95541401274
4057.32484076433,1063.69426751592
4044.58598726115,1063.69426751592
4031.84713375796,1076.4331210191
4019.10828025478,1076.4331210191
3993.63057324841,1089.17197452229
3980.89171974522,1101.91082802547
3968.15286624204,1101.91082802547
3942.67515923567,1114.64968152866
3929.93630573248,1127.38853503185
3917.1974522293,1127.38853503185
3904.45859872611,1140.12738853503
3891.71974522293,1152.86624203821
3866.24203821656,1165.6050955414
3840.76433121019,1178.34394904458
3815.28662420382,1191.08280254777
3802.54777070064,1191.08280254777
3789.80891719745,1203.82165605095
3777.07006369427,1216.56050955414
3764.33121019108,1229.29936305732
3738.85350318471,1242.03821656051
3726.11464968153,1254.77707006369
3713.37579617834,1254.77707006369
3700.63694267516,1267.51592356688
3687.89808917198,1267.51592356688
3662.42038216561,1280.25477707006
3649.68152866242,1292.99363057325
3624.20382165605,1292.99363057325
3611.46496815287,1305.73248407643
3598.72611464968,1305.73248407643
3598.72611464968,1318.47133757962
3585.9872611465,1318.47133757962
3573.24840764331,1331.2101910828
3547.77070063694,1331.2101910828
3535.03184713376,1343.94904458598
3509.55414012739,1343.94904458598
3496.8152866242,1356.68789808917
3484.07643312102,1356.68789808917
3445.85987261146,1382.16560509554
3394.90445859872,1407.64331210191
3318.47133757962,1433.12101910828
3242.03821656051,1445.85987261146
3152.86624203822,1471.33757961783
3089.17197452229,1484.07643312102
3063.69426751592,1496.8152866242
3050.95541401274,1509.55414012739
3038.21656050955,1509.55414012739
3025.47770700637,1522.29299363057
3025.47770700637,1535.03184713376
3012.73885350318,1547.77070063694
3000,1547.77070063694
2987.26114649681,1560.50955414012
2987.26114649681,1573.24840764331
2974.52229299363,1573.24840764331
2961.78343949045,1585.98726114649
2949.04458598726,1598.72611464968
2923.56687898089,1611.46496815286
2910.82802547771,1624.20382165605
2821.65605095541,1687.89808917197
2719.74522292994,1751.5923566879
2681.52866242038,1777.07006369427
2630.57324840764,1815.28662420382
2605.09554140127,1828.025477707
2592.35668789809,1840.76433121019
2579.6178343949,1853.50318471337
2566.87898089172,1866.24203821656
2554.14012738853,1878.98089171974
2541.40127388535,1891.71974522293
2528.66242038216,1904.45859872611
2528.66242038216,1917.1974522293
2515.92356687898,1917.1974522293
2515.92356687898,1929.93630573248
2503.18471337579,1942.67515923567
2490.44585987261,1942.67515923567
2490.44585987261,1942.67515923567
2488.94551131545,1944.3531787111
2488.6468212889,1945.05448868455
2487.94551131545,1946
2487,1947
2486.1089773691,1948
2485.65186873766,1949
2485.70130997345,1950
2485.59233260435,1950.94551131545
2484.94551131545,1951.70130997345
2484.1089773691,1952.29869002655
2483.59738005311,1953.05448868455
2483.40261994689,1954
2482.8910226309,1955
2482,1956
2481,1957
2480,1958
2479.1089773691,1959
2478.59738005311,1960
2478.40261994689,1961
2477.8910226309,1962
2477,1962.94551131545
2476,1963.70130997345
2475.05448868455,1964.29869002655
2474.29869002655,1965.05448868455
2473.70130997345,1966
2472.94551131545,1967
2472.05448868455,1968
2471.29869002655,1969
2470.755798658,1970
2470.244201342,1971
2469.70130997345,1972
2468.94551131545,1973
2468,1974
2467,1975
2466,1976
2465.1089773691,1977
2464.59738005311,1978
2464.40261994689,1979
2463.8910226309,1980
2463,1981
2462,1982
2461,1982.94551131545
2460,1983.70130997345
2459,1984.29869002655
2458,1985.05448868455
2457,1986
2456,1987
2455,1987.94551131545
2454,1988.70130997345
2453,1989.29869002655
2452,1990
2451,1990.70130997345
2450,1991.244201342
2449,1991.755798658
2448,1992.29869002655
2447,1993.05448868455
2446,1994
2445,1994.94551131545
2444,1995.70130997345
2443,1996.29869002655
2442,1997.05448868455
2441,1998
2440,1999
2439,1999.94551131545
2438.05448868455,2000.70130997345
2437.29869002655,2001.29869002655
2436.70130997345,2002.05448868455
2435.94551131545,2002.94551131545
2435,2003.70130997345
2434,2004.29869002655
2433,2005.05448868455
2432,2006
2431,2007
2430,2008
2429,2009
2428,2009.94551131545
2427,2010.70130997345
2426,2011.29869002655
2425,2012.05448868455
2424,2013
2423.05448868455,2014
2422.29869002655,2015
2421.70130997345,2016
2420.94551131545,2017
2420.05448868455,2018
2419.29869002655,2019
2418.70130997345,2020
2417.94551131545,2021
2417,2022
2416,2023
2415,2024
2414.05448868455,2025
2413.29869002655,2026
2412.755798658,2027
2412.244201342,2028
2411.70130997345,2028.94551131545
2410.94551131545,2029.70130997345
2410,2030.29869002655
2409,2031.05448868455
2408,2032
2407,2033
2406,2033.94551131545
2405,2034.70130997345
2404,2035.29869002655
2403,2036.05448868455
2402,2037
2401,2038
2400,2039
2399,2039.8910226309
2398,2040.40261994689
2397,2040.59738005311
2396,2041.1089773691
2395,2041.8910226309
2394,2042.40261994689
2393,2042.59738005311
2392,2043.1089773691
2391,2044
2390,2045
2389,2046
2388.1089773691,2047
2387.59738005311,2048
2387.40261994689,2049
2386.94551131545,2050
2386.29869002655,2051
2385.70130997345,2052
2385.05448868455,2053
2384.59738005311,2054
2384.40261994689,2054.94551131545
2383.8910226309,2055.70130997345
2383,2056.29869002655
2382,2057.05448868455
2381.05448868455,2058
2380.29869002655,2059
2379.81028734255,2060
2379.54289136856,2061
2379.45710863144,2062
2379.18971265745,2063
2378.70130997345,2064
2377.94551131545,2065
2377,2066
2376,2067
2375,2068
2374.05448868455,2069
2373.3531787111,2070
2373,2071
2372.755798658,2072
2372.65186873766,2073
2373,2074
2373.34813126234,2075
2373.18971265745,2076
2372.70130997345,2077
2371.94551131545,2078
2371.05448868455,2079
2370.29869002655,2080
2369.70130997345,2081
2368.94551131545,2082
2368.05448868455,2083
2367.29869002655,2084
2366.70130997345,2085
2365.94551131545,2086
2365.05448868455,2087
2364.29869002655,2088
2363.70130997345,2089
2363,2090
2362.29869002655,2091
2361.70130997345,2092
2360.94551131545,2093
2360,2094
2359.1089773691,2094.94551131545
2358.65186873766,2095.70130997345
2358.70130997345,2096.29869002655
2358.59233260435,2097.05448868455
2357.94551131545,2098
2357.05448868455,2099
2356.29869002655,2100
2355.70130997345,2101
2354.94551131545,2102
2354,2103
2353,2104
2352,2105
2351,2106
2350,2107
2349,2108
2348,2109
2347,2110
2346,2111
2345,2111.94551131545
2344,2112.70130997345
2343,2113.29869002655
2342,2114
2341,2114.70130997345
2340,2115.244201342
2339,2115.755798658
2338,2116.29869002655
2337,2117.05448868455
2336,2118
2335,2119
2334,2120
2333,2121
2332,2122
2331.05448868455,2123
2330.29869002655,2124
2329.70130997345,2124.94551131545
2328.94551131545,2125.70130997345
2328.05448868455,2126.29869002655
2327.29869002655,2127.05448868455
2326.755798658,2128
2326.244201342,2129
2325.70130997345,2130
2324.94551131545,2130.94551131545
2324,2131.70130997345
2323,2132.244201342
2322.05448868455,2132.755798658
2321.29869002655,2133.29869002655
2320.755798658,2134.05448868455
2320.244201342,2135
2319.755798658,2136
2319.244201342,2137
2318.70130997345,2138
2318.05448868455,2139
2317.59738005311,2140
2317.40261994689,2141
2316.8910226309,2142
2316,2142.94551131545
2315,2143.70130997345
2314,2144.29869002655
2313,2144.94551131545
2312,2145.40261994689
2311,2145.59738005311
2310,2146.05448868455
2309,2146.70130997345
2308,2147.29869002655
2307,2148
2306,2148.70130997345
2305,2149.244201342
2304,2149.755798658
2303,2150.29869002655
2302,2151.05448868455
2301,2152
2300.05448868455,2153
2299.29869002655,2154
2298.70130997345,2154.94551131545
2297.94551131545,2155.70130997345
2297,2156.29869002655
2296,2157
2295,2157.70130997345
2294,2158.244201342
2293,2158.755798658
2292,2159.29869002655
2291,2160.05448868455
2290,2161
2289.05448868455,2162
2288.29869002655,2163
2287.755798658,2164
2287.244201342,2165
2286.755798658,2166
2286.244201342,2167
2285.755798658,2168
2285.244201342,2169
2284.755798658,2170
2284.244201342,2171
2283.70130997345,2172
2282.94551131545,2172.94551131545
2282.1089773691,2173.70130997345
2281.59738005311,2174.29869002655
2281.40261994689,2175.05448868455
2280.8910226309,2176
2280,2177
2279,2178
2278,2179
2277,2180
2276,2181
2275,2182
2274,2183
2273,2184
2272,2185
2271,2186
2270,2187
2269,2188
2268,2189
2267,2189.94551131545
2266,2190.70130997345
2265.1089773691,2191.29869002655
2264.59738005311,2192.05448868455
2264.40261994689,2193
2263.8910226309,2194
2263,2195
2262.05448868455,2195.94551131545
2261.3531787111,2196.6468212889
2248.4076433121,2197.45222929936
2248.4076433121,2210.19108280255
2184.71337579618,2248.4076433121
2133.75796178344,2286.62420382165
2133.75796178344,2299.36305732484
2095.54140127388,2324.84076433121
2082.8025477707,2350.31847133758
2070.06369426752,2350.31847133758
2057.32484076433,2363.05732484076
2057.32484076433,2375.79617834395
2044.58598726115,2375.79617834395
2044.58598726115,2388.53503184713
2031.84713375796,2388.53503184713
2031.84713375796,2401.27388535032
2031.84713375796,2414.0127388535
2031.84713375796,2426.75159235669
2019.10828025478,2426.75159235669
2019.10828025478,2439.49044585987
2019.10828025478,2452.22929936306
2006.36942675159,2477.70700636942
2006.36942675159,2503.18471337579
1993.63057324841,2503.18471337579
1993.63057324841,2515.92356687898
1993.63057324841,2528.66242038216
1980.89171974522,2541.40127388535
1980.89171974522,2554.14012738853
1968.15286624204,2566.87898089172
1968.15286624204,2579.6178343949
1968.15286624204,2592.35668789809
1955.41401273885,2592.35668789809
1955.41401273885,2605.09554140127
1942.67515923567,2617.83439490446
1942.67515923567,2630.57324840764
1942.67515923567,2643.31210191083
1929.93630573248,2656.05095541401
1929.93630573248,2668.7898089172
1917.1974522293,2681.52866242038
1917.1974522293,2694.26751592356
1904.45859872611,2707.00636942675
1904.45859872611,2719.74522292993
1891.71974522293,2719.74522292993
1891.71974522293,2732.48407643312
1891.71974522293,2745.2229299363
1878.98089171974,2745.2229299363
1878.98089171974,2757.96178343949
1840.76433121019,2808.91719745223
1815.28662420382,2847.13375796178
1815.28662420382,2859.87261146497
1802.54777070064,2872.61146496815
1802.54777070064,2885.35031847134
1789.80891719745,2885.35031847134
1789.80891719745,2898.08917197452
1777.07006369427,2910.82802547771
1777.07006369427,2923.56687898089
1764.33121019108,2936.30573248407
1764.33121019108,2949.04458598726
1751.5923566879,2961.78343949044
1751.5923566879,2974.52229299363
1738.85350318471,2987.26114649681
1738.85350318471,3000
1726.11464968153,3012.73885350318
1726.11464968153,3025.47770700637
1726.11464968153,3038.21656050955
1713.37579617834,3050.95541401274
1713.37579617834,3063.69426751592
1700.63694267516,3076.43312101911
1700.63694267516,3089.17197452229
1687.89808917197,3101.91082802548
1687.89808917197,3114.64968152866
1675.15923566879,3127.38853503185
1675.15923566879,3140.12738853503
1662.4203821656,3152.86624203822
1662.4203821656,3165.6050955414
1649.68152866242,3178.34394904458
1649.68152866242,3191.08280254777
1649.68152866242,3203.82165605095
1636.94267515923,3216.56050955414
1636.94267515923,3229.29936305732
1624.20382165605,3242.03821656051
1624.20382165605,3254.77707006369
1624.20382165605,3267.51592356688
1611.46496815287,3280.25477707006
1611.46496815287,3305.73248407643
1598.72611464968,3318.47133757962
1598.72611464968,3331.2101910828
1598.72611464968,3343.94904458599
1598.72611464968,3356.68789808917
1598.72611464968,3369.42675159235
1585.9872611465,3382.16560509554
1585.9872611465,3394.90445859872
1585.9872611465,3420.38216560509
1585.9872611465,3433.12101910828
1585.9872611465,3445.85987261146
1585.9872611465,3458.59872611465
1585.9872611465,3471.33757961783
1573.24840764331,3484.07643312102
1573.24840764331,3496.8152866242
1573.24840764331,3509.55414012739
1573.24840764331,3522.29299363057
1573.24840764331,3535.03184713376
1560.50955414013,3547.77070063694
1560.50955414013,3560.50955414013
1560.50955414013,3573.24840764331
1560.50955414013,3585.9872611465
1547.77070063694,3598.72611464968
1547.77070063694,3611.46496815286
1547.77070063694,3636.94267515923
1535.03184713376,3649.68152866242
1535.03184713376,3662.4203821656
1535.03184713376,3675.15923566879
1535.03184713376,3687.89808917197
1522.29299363057,3700.63694267516
1522.29299363057,3713.37579617834
1522.29299363057,3726.11464968153
1509.55414012739,3738.85350318471
1509.55414012739,3764.33121019108
1509.55414012739,3777.07006369427
1509.55414012739,3789.80891719745
1496.8152866242,3789.80891719745
1496.8152866242,3802.54777070063
1496.8152866242,3815.28662420382
1484.07643312102,3828.025477707
1484.07643312102,3840.76433121019
1484.07643312102,3853.50318471337
1471.33757961783,3866.24203821656
1471.33757961783,3878.98089171974
1471.33757961783,3891.71974522293
1458.59872611465,3904.45859872611
1458.59872611465,3917.1974522293
1445.85987261146,3929.93630573248
1433.12101910828,3942.67515923567
1433.12101910828,3955.41401273885
1433.12101910828,3968.15286624204
1420.38216560509,3980.89171974522
1420.38216560509,3993.63057324841
1407.64331210191,4006.36942675159
1394.90445859872,4031.84713375796
1394.90445859872,4044.58598726114
1382.16560509554,4057.32484076433
1382.16560509554,4070.06369426751
1369.42675159236,4095.54140127388
1356.68789808917,4108.28025477707
1343.94904458599,4121.01910828025
1331.2101910828,4146.49681528662
1331.2101910828,4159.23566878981
1318.47133757962,4184.71337579618
1305.73248407643,4197.45222929936
1305.73248407643,4210.19108280255
1305.73248407643,4222.92993630573
1292.99363057325,4235.66878980892
1292.99363057325,4248.4076433121
1280.25477707006,4273.88535031847
1267.51592356688,4299.36305732484
1254.77707006369,4312.10191082802
1254.77707006369,4324.84076433121
1242.03821656051,4350.31847133758
1242.03821656051,4363.05732484076
1229.29936305732,4388.53503184713
1229.29936305732,4401.27388535032
1216.56050955414,4401.27388535032
1216.56050955414,4414.0127388535
1203.82165605095,4439.49044585987
1191.08280254777,4452.22929936306
1191.08280254777,4464.96815286624
1178.34394904459,4477.70700636943
1178.34394904459,4490.44585987261
1178.34394904459,4503.18471337579
1178.34394904459,4515.92356687898
1165.6050955414,4528.66242038216
1165.6050955414,4541.40127388535
1165.6050955414,4554.14012738853
1165.6050955414,4566.87898089172
1165.6050955414,4579.6178343949
1165.6050955414,4605.09554140127
1152.86624203822,4605.09554140127
1152.86624203822,4617.83439490446
1152.86624203822,4630.57324840764
1152.86624203822,4643.31210191083
1152.86624203822,4656.05095541401
1140.12738853503,4668.7898089172
1140.12738853503,4681.52866242038
1140.12738853503,4694.26751592357
1127.38853503185,4707.00636942675
1127.38853503185,4719.74522292993
1127.38853503185,4732.48407643312
1114.64968152866,4745.2229299363
1114.64968152866,4757.96178343949
1114.64968152866,4770.70063694267
1114.64968152866,4783.43949044586
1114.64968152866,4796.17834394904
1114.64968152866,4808.91719745223
1114.64968152866,4821.65605095541
1101.91082802548,4821.65605095541
1101.91082802548,4821.65605095541
1114.64968152866,5305.73248407643
1116.29869002655,5307.3531787111
1116.70130997345,5308.05448868455
1116.94551131545,5309
1117.05448868455,5310
1117.3531787111,5311
1118.05448868455,5312
1118.8910226309,5313
1119.40261994689,5314
1119.48840268401,5315
1119.45710863144,5316
1119.29869002655,5317
1119.29869002655,5318
1119.45710863144,5319
1119.48840268401,5320
1119.45710863144,5321
1119.18971265745,5322
1118.755798658,5323
1118.3531787111,5324
1118.3531787111,5325
1118.6468212889,5326
1118.70130997345,5327
1118.65186873766,5328
1119.05448868455,5329
1119.70130997345,5330
1120.29869002655,5331
1120.94551131545,5332
1121.34813126234,5333
1121.18971265745,5334
1120.81028734255,5334.94551131545
1120.54289136856,5335.70130997345
1120.40261994689,5336.29869002655
1119.8910226309,5337.05448868455
1119.1089773691,5338
1118.59738005311,5339
1118.40261994689,5340
1118,5341
1117.59738005311,5342
1117.51159731599,5343
1117.48840268401,5344
1117.45710863144,5345
1117.18971265745,5346
1116.70130997345,5347
1116.05448868455,5348
1115.65186873766,5349
1115.70130997345,5350
1115.6468212889,5351
1115.3531787111,5352
1115.29869002655,5353
1115.34813126234,5354
1114.94551131545,5355
1114.40766739565,5356
1114.3531787111,5357
1114.755798658,5358
1115.29869002655,5359
1115.94551131545,5360
1116.29364257779,5361
1115.8910226309,5362
1115,5363
1114,5364
1113,5365
1112.1089773691,5366
1111.7063574222,5367
1112.1089773691,5368
1113,5369
1114,5370
1114.94551131545,5371
1115.70130997345,5372
1116.244201342,5373
1116.6468212889,5374
1116.59233260435,5375
1116.05448868455,5376
1115.59738005311,5377
1115.51159731599,5378
1115.54289136856,5379
1115.70130997345,5380
1115.6468212889,5381
1115.244201342,5382
1114.70130997345,5383
1113.94551131545,5384
1113,5385
1112.05448868455,5386
1111.3531787111,5387
1111.05448868455,5388
1110.94551131545,5389
1110.755798658,5390
1110.54289136856,5391
1110.51159731599,5392
1110.59738005311,5393
1111.05448868455,5394
1111.70130997345,5395
1112.244201342,5396
1112.755798658,5397
1113.18971265745,5398
1113.45710863144,5399
1113.59738005311,5400
1114,5401
1114.2936425778,5402
1114,5403
1113.65186873766,5404
1113.70130997345,5405
1113.59233260435,5406
1113,5407
1112.3531787111,5408
1112,5409
1111.70130997345,5410
1111.3531787111,5411
1111.40766739565,5412
1112,5413
1112.6468212889,5414
1112.8910226309,5415
1112.70130997345,5416
1112.3531787111,5417
1112.29869002655,5418
1112.45710863144,5419
1112.54289136856,5420
1112.81028734255,5421
1113.29869002655,5422
1113.94551131545,5423
1114.34813126234,5424
1114.29869002655,5425
1114.3531787111,5426
1114.755798658,5427
1115.244201342,5428
1115.755798658,5429
1116.244201342,5430
1116.755798658,5431
1117.29869002655,5432
1118.05448868455,5433
1118.8910226309,5434
1119.40261994689,5435
1119.54289136856,5436
1119.70130997345,5437
1119.70130997345,5438
1119.65186873766,5439
1120.05448868455,5440
1120.59233260435,5441
1120.6468212889,5442
1120.244201342,5443
1119.81028734255,5444
1119.65186873766,5445
1120.05448868455,5446
1120.59233260435,5447
1120.70130997345,5448
1120.54289136856,5449
1120.51159731599,5450
1120.59738005311,5451
1121,5452
1121.29364257779,5453
1121,5454
1120.59738005311,5455
1120.51159731599,5456
1120.48840268401,5457
1120.51159731599,5458
1120.54289136856,5459
1120.81028734255,5460
1121.244201342,5461
1121.755798658,5462
1122.244201342,5463
1122.6468212889,5464
1122.70130997345,5465
1122.65186873766,5466
1123.1089773691,5467
1123.8910226309,5468
1124.2936425778,5469
1123.94551131545,5470
1123.3531787111,5471
1123.05448868455,5472
1123.05448868455,5473
1123.3531787111,5474
1124.05448868455,5475
1125,5476
1126,5477
1126.94551131545,5478
1127.70130997345,5479
1128.29869002655,5480
1129.05448868455,5481
1129.94551131545,5482
1130.70130997345,5483
1131.29869002655,5484
1131.94551131545,5485
1132.40261994689,5486
1132.48840268401,5487
1132.45710863144,5488
1132.18971265745,5489
1131.755798658,5490
1131.244201342,5491
1130.81028734255,5492
1130.54289136856,5493
1130.51159731599,5494
1130.48840268401,5495
1130.40261994689,5496
1129.8910226309,5497
1129,5498
1128,5499
1127,5500
1126,5501
1125.1089773691,5502
1124.7063574222,5503
1125.1089773691,5504
1126,5505
1126.8910226309,5506
1127.34813126234,5507
1127.244201342,5508
1127.05448868455,5508.94551131545
1127,5509.6468212889
1127.38853503185,5522.29299363057
1127.38853503185,5547.77070063694
1127.38853503185,5560.50955414013
1127.38853503185,5573.24840764331
1127.38853503185,5585.9872611465
1127.38853503185,5598.72611464968
1127.38853503185,5611.46496815287
1127.38853503185,5624.20382165605
1127.38853503185,5636.94267515923
1127.38853503185,5649.68152866242
1127.38853503185,5662.4203821656
1127.38853503185,5675.15923566879
1127.38853503185,5687.89808917197
1127.38853503185,5700.63694267516
1127.38853503185,5713.37579617834
1114.64968152866,5713.37579617834
1114.64968152866,5726.11464968153
1114.64968152866,5738.85350318471
1114.64968152866,5751.5923566879
1114.64968152866,5764.33121019108
1114.64968152866,5777.07006369426
1114.64968152866,5789.80891719745
1101.91082802548,5802.54777070064
1101.91082802548,5815.28662420382
1101.91082802548,5828.025477707
1101.91082802548,5840.76433121019
1101.91082802548,5853.50318471337
1101.91082802548,5866.24203821656
1101.91082802548,5878.98089171974
1101.91082802548,5891.71974522293
1101.91082802548,5904.45859872611
1101.91082802548,5917.1974522293
1101.91082802548,5929.93630573248
1114.64968152866,5942.67515923567
1114.64968152866,5955.41401273885
1127.38853503185,6006.36942675159
1152.86624203822,6070.06369426751
1152.86624203822,6095.54140127388
1152.86624203822,6108.28025477707
1152.86624203822,6121.01910828025
1152.86624203822,6133.75796178344
1165.6050955414,6133.75796178344
1165.6050955414,6159.23566878981
1165.6050955414,6171.97452229299
1165.6050955414,6184.71337579618
1165.6050955414,6197.45222929936
1178.34394904459,6210.19108280255
1178.34394904459,6222.92993630573
1178.34394904459,6235.66878980892
1178.34394904459,6248.4076433121
1178.34394904459,6261.14649681528
1203.82165605095,6299.36305732484
1216.56050955414,6337.57961783439
1216.56050955414,6350.31847133758
1216.56050955414,6375.79617834395
1229.29936305732,6388.53503184713
1229.29936305732,6401.27388535032
1229.29936305732,6414.0127388535
1242.03821656051,6414.0127388535
1242.03821656051,6426.75159235669
1242.03821656051,6439.49044585987
1254.77707006369,6464.96815286624
1267.51592356688,6541.40127388535
1292.99363057325,6605.09554140127
1292.99363057325,6617.83439490446
1292.99363057325,6643.31210191083
1305.73248407643,6656.05095541401
1305.73248407643,6668.7898089172
1305.73248407643,6681.52866242038
1305.73248407643,6694.26751592357
1318.47133757962,6707.00636942675
1318.47133757962,6719.74522292994
1318.47133757962,6732.48407643312
1331.2101910828,6745.2229299363
1343.94904458599,6757.96178343949
1369.42675159236,6783.43949044586
1407.64331210191,6834.3949044586
1420.38216560509,6847.13375796178
1433.12101910828,6847.13375796178
1433.12101910828,6859.87261146497
1433.12101910828,6872.61146496815
1445.85987261146,6885.35031847134
1445.85987261146,6898.08917197452
1458.59872611465,6910.82802547771
1458.59872611465,6923.56687898089
1458.59872611465,6936.30573248408
1471.33757961783,6949.04458598726
1471.33757961783,6961.78343949044
1471.33757961783,6974.52229299363
1484.07643312102,6974.52229299363
1484.07643312102,6987.26114649681
1484.07643312102,7000
1484.07643312102,7012.73885350318
1496.8152866242,7025.47770700637
1496.8152866242,7038.21656050955
1496.8152866242,7050.95541401274
1509.55414012739,7063.69426751592
1509.55414012739,7076.43312101911
1522.29299363057,7089.17197452229
1522.29299363057,7101.91082802548
1535.03184713376,7114.64968152866
1535.03184713376,7127.38853503185
1547.77070063694,7140.12738853503
1547.77070063694,7152.86624203822
1560.50955414013,7165.6050955414
1560.50955414013,7178.34394904458
1560.50955414013,7191.08280254777
1573.24840764331,7203.82165605095
1573.24840764331,7216.56050955414
1573.24840764331,7229.29936305732
1585.9872611465,7242.03821656051
1585.9872611465,7254.77707006369
1598.72611464968,7267.51592356688
1598.72611464968,7280.25477707006
1611.46496815287,7280.25477707006
1611.46496815287,7292.99363057325
1624.20382165605,7305.73248407643
1636.94267515923,7318.47133757962
1636.94267515923,7331.2101910828
1649.68152866242,7331.2101910828
1662.4203821656,7343.94904458599
1662.4203821656,7356.68789808917
1700.63694267516,7394.90445859872
1726.11464968153,7433.12101910828
1738.85350318471,7433.12101910828
1738.85350318471,7445.85987261146
1751.5923566879,7458.59872611465
1751.5923566879,7471.33757961783
1751.5923566879,7484.07643312102
1764.33121019108,7484.07643312102
1764.33121019108,7496.8152866242
1777.07006369427,7496.8152866242
1789.80891719745,7522.29299363057
1840.76433121019,7598.72611464968
1891.71974522293,7662.4203821656
1891.71974522293,7675.15923566879
1904.45859872611,7687.89808917197
1917.1974522293,7687.89808917197
1917.1974522293,7700.63694267516
1980.89171974522,7764.33121019108
2044.58598726115,7815.28662420382
2044.58598726115,7815.28662420382
2046.3531787111,7814.3531787111
2047.05448868455,7815.05448868455
2048,7815.94551131545
2049,7816.70130997345
2050,7817.29869002655
2051,7818
2052,7818.70130997345
2052.94551131545,7819.29869002655
2053.70130997345,7820.05448868455
2054.29869002655,7821
2055.05448868455,7822
2056,7822.94551131545
2057,7823.6468212889
2058,7824
2059,7824.29869002655
2060,7824.755798658
2060.8910226309,7825.29869002655
2061.40261994689,7826.05448868455
2061.59738005311,7827
2062.1089773691,7828
2062.94551131545,7829
2063.6468212889,7830
2064,7831
2064.29869002655,7832
2064.755798658,7833
2065.29869002655,7834
2066,7835
2066.70130997345,7836
2067.29869002655,7837
2068.05448868455,7838
2068.94551131545,7839
2069.70130997345,7840
2070.29869002655,7841
2071.05448868455,7842
2072,7843
2073,7844
2073.94551131545,7845
2074.70130997345,7845.94551131545
2075.29869002655,7846.70130997345
2076,7847.29869002655
2076.59233260435,7848.05448868455
2076.70130997345,7849
2076.65186873766,7850
2077.1089773691,7851
2078,7852
2079,7853
2080,7853.94551131545
2081,7854.70130997345
2081.94551131545,7855.29869002655
2082.6468212889,7856.05448868455
2083,7857
2083.244201342,7858
2083.45710863144,7859
2083.54289136856,7860
2083.81028734255,7861
2084.29869002655,7862
2085.05448868455,7863
2085.94551131545,7864
2086.70130997345,7865
2087.29869002655,7866
2088.05448868455,7867
2089,7868
2090,7868.94551131545
2091,7869.70130997345
2092,7870.29869002655
2093,7871.05448868455
2093.94551131545,7872
2094.70130997345,7873
2095.29869002655,7874
2096.05448868455,7875
2097,7876
2097.94551131545,7877
2098.59233260435,7878
2098.70130997345,7879
2098.59738005311,7880
2098.81028734255,7881
2099.244201342,7882
2099.755798658,7883
2100.29869002655,7883.94551131545
2101.05448868455,7884.70130997345
2102,7885.29869002655
2103,7886
2104,7886.70130997345
2104.94551131545,7887.29869002655
2105.70130997345,7888.05448868455
2106.29869002655,7889
2107.05448868455,7890
2107.94551131545,7891
2108.70130997345,7892
2109.29869002655,7892.94551131545
2110.05448868455,7893.70130997345
2111,7894.29869002655
2112,7895
2113,7895.70130997345
2114,7896.29869002655
2115,7897.05448868455
2116,7897.94551131545
2117,7898.70130997345
2117.8910226309,7899.29869002655
2118.40261994689,7900.05448868455
2118.59738005311,7901
2119.1089773691,7902
2120,7902.94551131545
2121,7903.70130997345
2122,7904.29869002655
2122.94551131545,7905.05448868455
2123.70130997345,7906
2124.29869002655,7907
2125.05448868455,7908
2126,7909
2127,7910
2127.94551131545,7911
2128.70130997345,7912
2129.29869002655,7913
2130.05448868455,7914
2131,7915
2132,7916
2132.94551131545,7917
2133.70130997345,7918
2134.29869002655,7919
2135.05448868455,7920
2135.94551131545,7921
2136.70130997345,7922
2137.244201342,7923
2137.70130997345,7924
2138,7925
2138.29869002655,7926
2138.755798658,7927
2139.244201342,7928
2139.755798658,7929
2140.29869002655,7930
2141.05448868455,7930.94551131545
2142,7931.70130997345
2142.94551131545,7932.29869002655
2143.70130997345,7933.05448868455
2144.244201342,7934
2144.755798658,7935
2145.29869002655,7936
2146.05448868455,7937
2147,7938
2147.94551131545,7939
2148.70130997345,7940
2149.244201342,7941
2149.755798658,7942
2150.244201342,7943
2150.755798658,7944
2151.244201342,7945
2151.755798658,7946
2152.244201342,7947
2152.70130997345,7948
2153,7949
2153.3531787111,7950
2154.05448868455,7951
2155,7952
2156,7953
2156.94551131545,7954
2157.6468212889,7955
2157.94551131545,7956
2158.05448868455,7957
2158.3531787111,7958
2159.05448868455,7958.94551131545
2160,7959.70130997345
2160.94551131545,7960.29869002655
2161.70130997345,7961.05448868455
2162.244201342,7962
2162.755798658,7963
2163.29869002655,7964
2164.05448868455,7965
2165,7966
2166,7967
2167,7968
2168,7969
2169,7970
2169.94551131545,7971
2170.70130997345,7972
2171.29869002655,7973
2172.05448868455,7974
2172.94551131545,7975
2173.70130997345,7976
2174.29869002655,7977
2175,7978
2175.70130997345,7978.94551131545
2176.29869002655,7979.70130997345
2177.05448868455,7980.29869002655
2178,7980.94551131545
2179,7981.40261994689
2180,7981.59738005311
2181,7982.1089773691
2181.94551131545,7983
2182.70130997345,7984
2183.244201342,7985
2183.755798658,7986
2184.29869002655,7987
2185.05448868455,7988
2186,7989
2186.94551131545,7990
2187.70130997345,7991
2188.29869002655,7991.94551131545
2189.05448868455,7992.70130997345
2190,7993.29869002655
2190.94551131545,7994.05448868455
2191.70130997345,7995
2192.29869002655,7996
2193,7997
2193.70130997345,7998
2194.244201342,7999
2194.755798658,8000
2195.29869002655,8001
2196.05448868455,8002
2196.94551131545,8003
2197.70130997345,8004
2198.29869002655,8005
2199.05448868455,8005.94551131545
2200,8006.70130997345
2200.8910226309,8007.29869002655
2201.40261994689,8008.05448868455
2201.59738005311,8009
2202.1089773691,8010
2203,8011
2204,8011.94551131545
2205,8012.70130997345
2205.94551131545,8013.29869002655
2206.70130997345,8014.05448868455
2207.29869002655,8015
2207.94551131545,8016
2208.40261994689,8017
2208.54289136856,8018
2208.81028734255,8019
2209.29869002655,8020
2210.05448868455,8021
2211,8021.94551131545
2212,8022.70130997345
2212.94551131545,8023.29869002655
2213.70130997345,8024.05448868455
2214.29869002655,8025
2215.05448868455,8026
2216,8027
2217,8028
2217.94551131545,8029
2218.70130997345,8030
2219.29869002655,8031
2220.05448868455,8032
2220.94551131545,8033
2221.6468212889,8034
2222,8035
2222.3531787111,8036
2223,8037
2223.6468212889,8038
2224,8039
2224.3531787111,8040
2225.05448868455,8041
2226,8042
2226.94551131545,8043
2227.6468212889,8044
2227.94551131545,8045
2228,8046
2227.94551131545,8047
2227.70130997345,8048
2227.3531787111,8049
2227.3531787111,8049.94551131545
2227.70130997345,8050.6468212889
2232.99442298395,8051.33766010383
2238.25284828544,8051.33766010383
2243.51127358694,8051.33766010383
2248.76969888843,8051.33766010383
2254.02812418992,8051.33766010383
2259.28654949142,8051.33766010383
2264.54497479291,8051.33766010383
2269.8034000944,8051.33766010383
2275.0618253959,8051.33766010383
2280.32025069739,8051.33766010383
2285.57867599889,8056.59608540532
2285.57867599889,8061.85451070682
2290.83710130038,8061.85451070682
2290.83710130038,8067.11293600831
2306.61237720486,8077.6297866113
2317.12922780785,8088.14663721428
2317.12922780785,8093.40506251578
2322.38765310934,8093.40506251578
2327.64607841083,8098.66348781727
2332.90450371233,8103.92191311876
2338.16292901382,8109.18033842026
2343.42135431531,8109.18033842026
2348.67977961681,8114.43876372175
2374.97190612428,8135.47246492773
2406.52245793324,8151.24774083221
2411.78088323473,8156.5061661337
2417.03930853622,8156.5061661337
2427.55615913921,8161.76459143519
2432.81458444071,8161.76459143519
2438.0730097422,8167.02301673669
2443.33143504369,8167.02301673669
2448.58986034519,8172.28144203818
2453.84828564668,8172.28144203818
2453.84828564668,8177.53986733967
2459.10671094817,8177.53986733967
2464.36513624967,8177.53986733967
2469.62356155116,8177.53986733967
2474.88198685265,8177.53986733967
2480.14041215415,8182.79829264117
2495.91568805863,8182.79829264117
2511.69096396311,8188.05671794266
2532.72466516908,8193.31514324416
2548.49994107356,8198.57356854565
2553.75836637506,8198.57356854565
2564.27521697805,8203.83199384714
2595.82576878701,8209.09041914864
2622.11789529448,8214.34884445013
2627.37632059597,8214.34884445013
2632.63474589746,8214.34884445013
2637.89317119896,8214.34884445013
2648.41002180194,8219.60726975162
2653.66844710344,8219.60726975162
2658.92687240493,8219.60726975162
2664.18529770642,8219.60726975162
2669.44372300792,8219.60726975162
2674.70214830941,8219.60726975162
2679.96057361091,8219.60726975162
2685.2189989124,8219.60726975162
2695.73584951539,8224.86569505312
2706.25270011837,8224.86569505312
2722.02797602285,8224.86569505312
2737.80325192733,8224.86569505312
2743.06167722883,8224.86569505312
2753.57852783182,8224.86569505312
2758.83695313331,8224.86569505312
2779.87065433928,8224.86569505312
2790.38750494227,8224.86569505312
2795.64593024376,8224.86569505312
2800.90435554526,8219.60726975162
2806.16278084675,8219.60726975162
2874.52230976617,8209.09041914864
2937.62341338409,8198.57356854565
2958.65711459007,8198.57356854565
2984.94924109753,8193.31514324416
3000.72451700201,8188.05671794266
3016.4997929065,8188.05671794266
3027.01664350948,8182.79829264117
3032.27506881098,8182.79829264117
3037.53349411247,8182.79829264117
3042.79191941396,8182.79829264117
3048.05034471546,8182.79829264117
3058.56719531844,8177.53986733967
3063.82562061994,8177.53986733967
3074.34247122293,8177.53986733967
3079.60089652442,8177.53986733967
3084.85932182591,8172.28144203818
3126.92672423786,8167.02301673669
3168.99412664981,8156.5061661337
3179.5109772528,8156.5061661337
3184.76940255429,8156.5061661337
3195.28625315728,8151.24774083221
3200.54467845877,8151.24774083221
3205.80310376027,8151.24774083221
3211.06152906176,8151.24774083221
3216.31995436325,8151.24774083221
3221.57837966475,8151.24774083221
3226.83680496624,8145.98931553071
3232.09523026773,8145.98931553071
3237.35365556923,8145.98931553071
3242.61208087072,8145.98931553071
3253.12893147371,8140.73089022922
3258.3873567752,8140.73089022922
3268.90420737819,8140.73089022922
3274.16263267968,8140.73089022922
3284.67948328267,8135.47246492773
3295.19633388566,8130.21403962623
3305.71318448864,8130.21403962623
3310.97160979014,8124.95561432474
3321.48846039312,8124.95561432474
3326.74688569462,8119.69718902325
3332.00531099611,8119.69718902325
3337.26373629761,8119.69718902325
3347.78058690059,8114.43876372175
3353.03901220209,8114.43876372175
3358.29743750358,8114.43876372175
3368.81428810657,8109.18033842026
3379.33113870955,8109.18033842026
3389.84798931254,8103.92191311876
3395.10641461403,8103.92191311876
3405.62326521702,8103.92191311876
3410.88169051852,8103.92191311876
3416.14011582001,8103.92191311876
3421.3985411215,8098.66348781727
3426.656966423,8098.66348781727
3437.17381702598,8093.40506251578
3442.43224232748,8093.40506251578
3468.72436883494,8082.88821191279
3495.01649534241,8077.6297866113
3500.27492064391,8077.6297866113
3510.79177124689,8072.3713613098
3516.05019654839,8072.3713613098
3521.30862184988,8072.3713613098
3526.56704715137,8067.11293600831
3531.82547245287,8067.11293600831
3610.70185197527,8051.33766010383
3615.96027727677,8051.33766010383
3621.21870257826,8051.33766010383
3626.47712787975,8051.33766010383
3668.5445302917,8046.07923480234
3673.8029555932,8046.07923480234
3684.31980619618,8046.07923480234
3689.57823149768,8046.07923480234
3721.12878330664,8040.82080950084
3726.38720860813,8040.82080950084
3736.90405921112,8035.56238419935
3752.6793351156,8035.56238419935
3757.93776041709,8030.30395889785
3763.19618571859,8030.30395889785
3773.71303632157,8030.30395889785
3778.97146162307,8030.30395889785
3784.22988692456,8030.30395889785
3789.48831222605,8025.04553359636
3794.74673752755,8025.04553359636
3805.26358813054,8025.04553359636
3821.03886403502,8025.04553359636
3836.8141399395,8019.78710829487
3852.58941584398,8019.78710829487
3863.10626644697,8019.78710829487
3878.88154235145,8014.52868299337
3889.39839295443,8014.52868299337
3894.65681825593,8014.52868299337
3905.17366885891,8014.52868299337
3915.6905194619,8009.27025769188
3926.20737006489,8009.27025769188
3931.46579536638,8009.27025769188
3936.72422066788,8004.01183239039
3941.98264596937,8004.01183239039
3952.49949657236,8004.01183239039
3963.01634717534,7998.75340708889
3973.53319777833,7998.75340708889
3984.05004838132,7998.75340708889
3994.5668989843,7998.75340708889
3999.8253242858,7993.4949817874
4005.08374958729,7993.4949817874
4020.85902549177,7993.4949817874
4026.11745079327,7988.23655648591
4036.63430139625,7988.23655648591
4041.89272669775,7988.23655648591
4047.15115199924,7988.23655648591
4052.40957730073,7982.97813118441
4057.66800260223,7982.97813118441
4068.18485320522,7982.97813118441
4073.44327850671,7977.71970588292
4078.7017038082,7977.71970588292
4083.9601291097,7977.71970588292
4089.21855441119,7977.71970588292
4099.73540501418,7977.71970588292
4104.99383031567,7977.71970588292
4115.51068091866,7977.71970588292
4126.02753152165,7977.71970588292
4147.06123272762,7977.71970588292
4157.57808333061,7977.71970588292
4178.61178453658,7972.46128058142
4204.90391104405,7972.46128058142
4215.42076164704,7972.46128058142
4231.19603755152,7972.46128058142
4241.7128881545,7972.46128058142
4257.48816405898,7972.46128058142
4268.00501466197,7972.46128058142
4278.52186526496,7972.46128058142
4283.78029056645,7967.20285527993
4289.03871586795,7967.20285527993
4299.55556647093,7961.94442997844
4310.07241707392,7961.94442997844
4315.33084237542,7956.68600467694
4325.8476929784,7956.68600467694
4331.10611827989,7951.42757937545
4341.62296888288,7951.42757937545
4346.88139418438,7951.42757937545
4352.13981948587,7951.42757937545
4357.39824478736,7946.16915407396
4362.65667008886,7946.16915407396
4367.91509539035,7946.16915407396
4388.94879659633,7940.91072877246
4415.24092310379,7940.91072877246
4431.01619900827,7935.65230347097
4441.53304961126,7935.65230347097
4446.79147491275,7935.65230347097
4452.04990021425,7935.65230347097
4457.30832551574,7935.65230347097
4462.56675081724,7935.65230347097
4467.82517611873,7935.65230347097
4473.08360142022,7930.39387816948
4478.34202672172,7930.39387816948
4494.1173026262,7930.39387816948
4509.89257853068,7925.13545286798
4520.40942913367,7919.87702756649
4525.66785443516,7919.87702756649
4530.92627973665,7919.87702756649
4536.18470503815,7914.61860226499
4551.95998094263,7914.61860226499
4572.9936821486,7914.61860226499
4588.76895805308,7909.3601769635
4604.54423395756,7904.10175166201
4615.06108456055,7904.10175166201
4625.57793516354,7898.84332636051
4630.83636046503,7898.84332636051
4636.09478576653,7898.84332636051
4641.35321106802,7898.84332636051
4646.61163636951,7898.84332636051
4651.870061671,7893.58490105902
4662.38691227399,7893.58490105902
4662.38691227399,7893.58490105902
4663.3531787111,7892.6468212889
4664.05448868455,7892
4665,7891.29869002655
4666,7890.70130997345
4667,7889.94551131545
4668,7889
4669,7888
4670,7887
4671,7886.1089773691
4672,7885.5973800531
4672.94551131545,7885.40261994689
4673.70130997345,7884.8910226309
4674.29869002655,7884
4675.05448868455,7883
4676,7882.1089773691
4677,7881.59738005311
4678,7881.40261994689
4679,7881
4680,7880.5973800531
4680.94551131545,7880.40261994689
4681.70130997345,7879.8910226309
4682.244201342,7879
4682.755798658,7878
4683.29869002655,7877
4684.05448868455,7876
4685,7875
4686,7874
4687,7873
4688,7872
4689,7871.05448868455
4690,7870.29869002655
4691,7869.755798658
4692,7869.244201342
4693,7868.81028734255
4694,7868.65186873765
4695,7869.05448868455
4696,7869.59233260435
4697,7869.70130997345
4698,7869.54289136855
4699,7869.45710863144
4700,7869.18971265745
4701,7868.755798658
4702,7868.244201342
4702.94551131545,7867.70130997345
4703.70130997345,7866.94551131545
4704.29869002655,7866
4705.05448868455,7865
4706,7864
4707,7863.05448868455
4708,7862.3531787111
4709,7862.05448868455
4710,7862
4711,7861.94551131545
4712,7861.6468212889
4713,7861.05448868455
4714,7860.59738005311
4715,7860.51159731599
4716,7860.48840268401
4717,7860.51159731599
4718,7860.48840268401
4718.94551131545,7860.40261994689
4719.70130997345,7859.94551131545
4720.29869002655,7859.29869002655
4721.05448868455,7858.70130997345
4722,7857.94551131545
4723,7857
4723.94551131545,7856
4724.70130997345,7855
4725.29869002655,7854
4726.05448868455,7853
4727,7852
4728,7851
4729,7850.1089773691
4730,7849.5973800531
4731,7849.40261994689
4732,7848.94551131545
4733,7848.40766739565
4734,7848.29869002655
4735,7848.34813126234
4736,7847.94551131545
4737,7847.29869002655
4738,7846.70130997345
4739,7846.05448868455
4740,7845.7063574222
4741,7846.1089773691
4742,7846.8910226309
4743,7847.29364257779
4744,7846.94551131545
4745,7846.29869002655
4746,7845.70130997345
4747,7845.05448868455
4748,7844.5973800531
4748.94551131545,7844.40261994689
4749.6468212889,7843.8910226309
4750,7843
4750.29869002655,7842
4750.755798658,7841
4751.29869002655,7840
4752.05448868455,7839
4753,7838
4754,7837
4755,7836
4756,7835
4757,7834
4758,7833.05448868455
4759,7832.40766739565
4760,7832.40766739565
4761,7832.94551131545
4762,7833.34813126234
4763,7833.18971265745
4764,7832.81028734255
4765,7832.54289136855
4766,7832.40261994689
4767,7831.8910226309
4768,7831
4769,7830.1089773691
4770,7829.65186873765
4771,7829.70130997345
4772,7829.59233260435
4773,7828.94551131545
4774,7828
4775,7827
4776,7826
4777,7825.1089773691
4778,7824.59738005311
4779,7824.40261994689
4780,7823.8910226309
4781,7823.05448868455
4782,7822.40766739565
4783,7822.40766739565
4784,7823.05448868455
4785,7823.94551131545
4786,7824.70130997345
4787,7825.18971265745
4788,7825.34813126234
4789,7824.94551131545
4790,7824.40766739565
4791,7824.29869002655
4792,7824.34813126234
4793,7823.8910226309
4794,7823
4795,7822
4796,7821
4797,7820.05448868455
4798,7819.40766739565
4799,7819.29869002655
4800,7819.34813126234
4801,7818.94551131545
4802,7818.29869002655
4803,7817.755798658
4804,7817.244201342
4805,7816.70130997345
4806,7815.94551131545
4807,7815
4808,7814
4809,7813
4810,7812
4811,7811
4812,7810
4813,7809
4814,7808
4815,7807
4816,7806.1089773691
4817,7805.65186873766
4818,7805.70130997345
4819,7805.6468212889
4820,7805.3531787111
4821,7805.29869002655
4822,7805.34813126234
4823,7804.94551131545
4823.94551131545,7804.3531787111
4824.6468212889,7804.05448868455
4826.3531787111,7805.3531787111
4827.05448868455,7806.05448868455
4828,7807
4829,7807.94551131545
4830,7808.70130997345
4831,7809.244201342
4832,7809.755798658
4833,7810.244201342
4834,7810.6468212889
4835,7810.6468212889
4836,7810.3531787111
4837,7810.29869002655
4838,7810.45710863144
4839,7810.5973800531
4840,7811
4841,7811.40261994689
4842,7811.48840268401
4843,7811.45710863144
4844,7811.18971265745
4845,7810.70130997345
4846,7810.05448868455
4847,7809.7063574222
4848,7810
4849,7810.40261994689
4849.94551131545,7810.5973800531
4850.70130997345,7811.05448868455
4851.29869002655,7811.59233260435
4852.05448868455,7811.6468212889
4853,7811.3531787111
4854,7811.29869002655
4855,7811.40261994689
4856,7811.18971265745
4857,7810.81028734255
4858,7810.54289136856
4859,7810.51159731599
4860,7810.48840268401
4861,7810.51159731599
4862,7810.5973800531
4863,7811
4864,7811.29364257779
4865,7810.8910226309
4866,7810
4867,7809
4868,7808.05448868455
4869,7807.29869002655
4870,7806.755798658
4871,7806.244201342
4872,7805.755798658
4873,7805.29869002655
4874,7805
4875,7804.755798658
4876,7804.59738005311
4877,7804.70130997345
4878,7804.6468212889
4879,7804.244201342
4880,7803.70130997345
4881,7802.94551131545
4882,7802
4883,7801
4884,7800.1089773691
4885,7799.5973800531
4886,7799.45710863144
4887,7799.18971265745
4888,7798.81028734255
4889,7798.65186873765
4890,7799.05448868455
4891,7799.59233260435
4892,7799.70130997345
4893,7799.65186873765
4894,7800
4895,7800.29364257779
4896,7799.8910226309
4897,7799
4898,7798.05448868455
4899,7797.40766739565
4900,7797.29869002655
4901,7797.34813126234
4902,7796.8910226309
4903,7796.1089773691
4904,7795.65186873765
4905,7795.70130997345
4906,7795.59233260435
4906.94551131545,7794.94551131545
4907.70130997345,7794
4908.29869002655,7793
4909.05448868455,7792
4910,7791
4911,7790.05448868455
4912,7789.29869002655
4913,7788.81028734255
4914,7788.65186873766
4915,7789.1089773691
4916,7790
4917,7790.8910226309
4918,7791.29364257779
4919,7790.8910226309
4920,7790
4921,7789
4922,7788.1089773691
4923,7787.59738005311
4924,7787.45710863144
4925,7787.29869002655
4926,7787.29869002655
4927,7787.34813126234
4928,7786.94551131545
4929,7786.29869002655
4930,7785.755798658
4931,7785.3531787111
4932,7785.40766739565
4933,7785.94551131545
4934,7786.29364257779
4935,7786
4936,7785.5973800531
4937,7785.40261994689
4938,7784.94551131545
4939,7784.40766739565
4940,7784.29869002655
4941,7784.34813126234
4942,7783.8910226309
4943,7783
4944,7782.05448868455
4945,7781.29869002655
4946,7780.755798658
4947,7780.244201342
4948,7779.755798658
4949,7779.244201342
4950,7778.81028734255
4951,7778.54289136856
4952,7778.45710863144
4953,7778.29869002655
4954,7778.29869002655
4955,7778.45710863144
4956,7778.48840268401
4957,7778.45710863144
4958,7778.18971265745
4959,7777.70130997345
4960,7777
4961,7776.29869002655
4962,7775.81028734255
4963,7775.54289136856
4964,7775.45710863144
4965,7775.18971265745
4966,7774.81028734255
4967,7774.54289136856
4968,7774.51159731599
4969,7774.48840268401
4970,7774.40261994689
4971,7773.8910226309
4972,7773.05448868455
4973,7772.40766739565
4974,7772.3531787111
4975,7772.6468212889
4976,7772.6468212889
4977,7772.3531787111
4978,7772.3531787111
4979,7772.755798658
4980,7773.244201342
4981,7773.755798658
4982,7774.18971265745
4983,7774.34813126234
4984,7773.8910226309
4985,7773
4986,7772.1089773691
4987,7771.7063574222
4988,7772.05448868455
4989,7772.6468212889
4990,7773
4991,7773.244201342
4992,7773.40261994689
4992.94551131545,7773.244201342
4993.6468212889,7773.05448868455
5014.70140747406,7772.64111912467
5040.99353398153,7767.38269382317
5046.25195928302,7767.38269382317
5051.51038458452,7767.38269382317
5056.76880988601,7767.38269382317
5062.02723518751,7762.12426852168
5067.285660489,7762.12426852168
5067.285660489,7756.86584322019
5072.54408579049,7751.60741791869
5077.80251109199,7746.3489926172
5077.80251109199,7741.09056731571
5083.06093639348,7741.09056731571
5083.06093639348,7735.83214201421
5088.31936169497,7730.57371671272
5093.57778699647,7725.31529141123
5093.57778699647,7720.05686610973
5098.83621229796,7714.79844080824
5104.09463759946,7709.54001550674
5109.35306290095,7704.28159020525
5114.61148820244,7699.02316490376
5125.12833880543,7683.24788899928
5135.64518940842,7667.4726130948
5140.90361470991,7662.2141877933
5146.1620400114,7656.95576249181
5146.1620400114,7651.69733719032
5151.4204653129,7646.43891188882
5151.4204653129,7641.18048658733
5156.67889061439,7635.92206128583
5156.67889061439,7630.66363598434
5156.67889061439,7625.40521068285
5161.93731591588,7625.40521068285
5161.93731591588,7620.14678538135
5161.93731591588,7614.88836007986
5167.19574121738,7609.62993477837
5167.19574121738,7604.37150947687
5167.19574121738,7599.11308417538
5167.19574121738,7588.59623357239
5167.19574121738,7583.3378082709
5167.19574121738,7578.0793829694
5172.45416651887,7572.82095766791
5172.45416651887,7562.30410706492
5172.45416651887,7557.04568176343
5172.45416651887,7551.78725646194
5177.71259182037,7546.52883116044
5177.71259182037,7541.27040585895
5177.71259182037,7536.01198055746
5182.97101712186,7536.01198055746
5182.97101712186,7530.75355525596
5188.22944242335,7525.49512995447
5193.48786772485,7520.23670465297
5193.48786772485,7514.97827935148
5198.74629302634,7504.46142874849
5204.00471832783,7499.203003447
5204.00471832783,7493.94457814551
5204.00471832783,7488.68615284401
5209.26314362933,7488.68615284401
5209.26314362933,7483.42772754252
5214.52156893082,7478.16930224103
5214.52156893082,7472.91087693953
5219.77999423231,7467.65245163804
5219.77999423231,7457.13560103505
5225.03841953381,7451.87717573356
5225.03841953381,7446.61875043206
5230.2968448353,7441.36032513057
5230.2968448353,7436.10189982908
5235.55527013679,7430.84347452758
5235.55527013679,7425.58504922609
5235.55527013679,7420.3266239246
5240.81369543829,7409.80977332161
5240.81369543829,7404.55134802012
5246.07212073978,7394.03449741713
5251.33054604128,7388.77607211564
5251.33054604128,7383.51764681414
5256.58897134277,7378.25922151265
5256.58897134277,7373.00079621115
5256.58897134277,7367.74237090966
5261.84739664426,7367.74237090966
5261.84739664426,7362.48394560817
5261.84739664426,7357.22552030667
5267.10582194576,7351.96709500518
5267.10582194576,7346.70866970369
5272.36424724725,7341.45024440219
5272.36424724725,7336.1918191007
5277.62267254874,7330.93339379921
5277.62267254874,7325.67496849771
5277.62267254874,7320.41654319622
5282.88109785024,7320.41654319622
5282.88109785024,7315.15811789472
5282.88109785024,7304.64126729174
5288.13952315173,7304.64126729174
5288.13952315173,7299.38284199024
5288.13952315173,7294.12441668875
5288.13952315173,7288.86599138726
5293.39794845322,7283.60756608576
5293.39794845322,7278.34914078427
5293.39794845322,7273.09071548278
5298.65637375472,7267.83229018128
5298.65637375472,7262.57386487979
5303.91479905621,7257.31543957829
5303.91479905621,7252.0570142768
5309.17322435771,7246.79858897531
5309.17322435771,7241.54016367381
5309.17322435771,7236.28173837232
5314.4316496592,7231.02331307083
5314.4316496592,7225.76488776933
5314.4316496592,7220.50646246784
5314.4316496592,7215.24803716635
5319.69007496069,7215.24803716635
5319.69007496069,7209.98961186485
5319.69007496069,7204.73118656336
5324.94850026219,7199.47276126187
5330.20692556368,7188.95591065888
5330.20692556368,7183.69748535738
5335.46535086517,7173.1806347544
5335.46535086517,7167.9222094529
5340.72377616667,7162.66378415141
5345.98220146816,7157.40535884992
5345.98220146816,7146.88850824693
5351.24062676965,7141.63008294544
5351.24062676965,7141.63008294544
5487.95967275423,6763.02343741029
5661.48770770352,6047.87759640716
5908.63369687372,4817.40607585766
