806.496815286624,116.815286624204
804.713375796178,116.815286624204
802.929936305732,116.815286624204
801.146496815287,116.815286624204
799.363057324841,116.815286624204
797.579617834395,116.815286624204
795.796178343949,116.815286624204
794.012738853503,116.815286624204
792.229299363057,116.815286624204
790.445859872611,116.815286624204
788.662420382166,118.59872611465
786.87898089172,118.59872611465
785.095541401274,118.59872611465
781.528662420382,120.382165605096
779.745222929936,120.382165605096
777.96178343949,120.382165605096
776.178343949044,122.165605095542
774.394904458599,122.165605095542
772.611464968153,122.165605095542
770.828025477707,122.165605095542
769.044585987261,122.165605095542
765.477707006369,122.165605095542
763.694267515924,122.165605095542
761.910828025478,122.165605095542
760.127388535032,122.165605095542
758.343949044586,122.165605095542
756.56050955414,122.165605095542
754.777070063694,122.165605095542
754.777070063694,123.949044585987
752.993630573248,123.949044585987
751.210191082802,123.949044585987
749.426751592357,123.949044585987
747.643312101911,123.949044585987
745.859872611465,123.949044585987
744.076433121019,123.949044585987
742.292993630573,123.949044585987
740.509554140127,125.732484076433
736.942675159236,125.732484076433
735.15923566879,125.732484076433
733.375796178344,125.732484076433
731.592356687898,125.732484076433
729.808917197452,127.515923566879
728.025477707006,127.515923566879
724.458598726115,127.515923566879
722.675159235669,127.515923566879
720.891719745223,127.515923566879
720.891719745223,129.299363057325
719.108280254777,129.299363057325
717.324840764331,129.299363057325
715.541401273885,129.299363057325
713.75796178344,131.082802547771
711.974522292994,131.082802547771
710.191082802548,131.082802547771
704.84076433121,131.082802547771
701.273885350318,131.082802547771
699.490445859872,132.866242038217
697.707006369427,132.866242038217
695.923566878981,132.866242038217
694.140127388535,132.866242038217
692.356687898089,132.866242038217
690.573248407643,132.866242038217
688.789808917197,134.649681528663
687.006369426752,134.649681528663
685.222929936306,134.649681528663
681.656050955414,134.649681528663
679.872611464968,134.649681528663
678.089171974522,134.649681528663
678.089171974522,136.433121019109
676.305732484076,136.433121019109
674.52229299363,136.433121019109
672.738853503185,136.433121019109
670.955414012739,136.433121019109
669.171974522293,138.216560509554
667.388535031847,138.216560509554
665.605095541401,138.216560509554
663.821656050955,138.216560509554
662.03821656051,138.216560509554
660.254777070064,140
658.471337579618,140
656.687898089172,140
654.904458598726,140
653.12101910828,140
651.337579617834,140
649.554140127388,141.783439490446
647.770700636943,141.783439490446
645.987261146497,141.783439490446
644.203821656051,141.783439490446
642.420382165605,141.783439490446
640.636942675159,141.783439490446
638.853503184713,143.566878980892
637.070063694268,143.566878980892
635.286624203822,143.566878980892
633.503184713376,143.566878980892
631.71974522293,143.566878980892
629.936305732484,143.566878980892
628.152866242038,145.350318471338
626.369426751592,145.350318471338
624.585987261146,145.350318471338
622.802547770701,145.350318471338
621.019108280255,147.133757961784
619.235668789809,147.133757961784
617.452229299363,147.133757961784
615.668789808917,147.133757961784
613.885350318471,148.917197452229
612.101910828026,148.917197452229
610.31847133758,148.917197452229
608.535031847134,148.917197452229
606.751592356688,148.917197452229
604.968152866242,150.700636942675
603.184713375796,150.700636942675
601.40127388535,150.700636942675
599.617834394904,152.484076433121
597.834394904458,152.484076433121
596.050955414013,152.484076433121
594.267515923567,154.267515923567
592.484076433121,154.267515923567
590.700636942675,156.050955414013
588.917197452229,156.050955414013
587.133757961783,157.834394904459
585.350318471338,157.834394904459
585.350318471338,159.617834394905
583.566878980892,159.617834394905
581.783439490446,161.401273885351
580,161.401273885351
578.216560509554,163.184713375796
576.433121019108,163.184713375796
576.433121019108,164.968152866242
574.649681528662,164.968152866242
572.866242038216,166.751592356688
571.082802547771,166.751592356688
571.082802547771,168.535031847134
569.299363057325,168.535031847134
567.515923566879,168.535031847134
567.515923566879,170.31847133758
565.732484076433,170.31847133758
563.949044585987,170.31847133758
563.949044585987,172.101910828026
562.165605095541,172.101910828026
560.382165605096,173.885350318471
558.59872611465,173.885350318471
556.815286624204,175.668789808917
555.031847133758,177.452229299363
553.248407643312,177.452229299363
553.248407643312,179.235668789809
551.464968152866,179.235668789809
549.68152866242,181.019108280255
546.114649681529,182.802547770701
544.331210191083,184.585987261147
540.764331210191,184.585987261147
540.764331210191,186.369426751592
538.980891719745,186.369426751592
537.197452229299,188.152866242038
535.414012738854,188.152866242038
535.414012738854,189.936305732484
533.630573248408,189.936305732484
531.847133757962,189.936305732484
531.847133757962,191.71974522293
530.063694267516,191.71974522293
528.28025477707,193.503184713376
526.496815286624,193.503184713376
526.496815286624,195.286624203822
524.713375796178,195.286624203822
522.929936305732,195.286624203822
521.146496815287,197.070063694268
519.363057324841,198.853503184714
517.579617834395,198.853503184714
515.796178343949,200.636942675159
514.012738853503,202.420382165605
512.229299363057,204.203821656051
510.445859872611,205.987261146497
508.662420382166,205.987261146497
505.095541401274,207.770700636943
503.312101910828,209.554140127389
501.528662420382,211.337579617835
499.745222929936,211.337579617835
497.96178343949,213.121019108281
496.178343949044,214.904458598726
494.394904458599,216.687898089172
492.611464968153,216.687898089172
490.828025477707,218.471337579618
489.044585987261,218.471337579618
487.261146496815,220.254777070064
485.477707006369,222.03821656051
481.910828025478,223.821656050956
481.910828025478,225.605095541401
480.127388535032,225.605095541401
478.343949044586,227.388535031847
476.56050955414,229.171974522293
474.777070063694,229.171974522293
472.993630573248,230.955414012739
471.210191082802,232.738853503185
469.426751592357,234.522292993631
467.643312101911,234.522292993631
465.859872611465,236.305732484077
464.076433121019,236.305732484077
462.292993630573,238.089171974523
460.509554140127,238.089171974523
460.509554140127,239.872611464968
458.726114649682,241.656050955414
456.942675159236,243.43949044586
455.15923566879,243.43949044586
453.375796178344,243.43949044586
451.592356687898,245.222929936306
449.808917197452,247.006369426752
448.025477707006,247.006369426752
446.24203821656,248.789808917198
444.458598726115,250.573248407643
442.675159235669,252.356687898089
440.891719745223,252.356687898089
440.891719745223,254.140127388535
439.108280254777,254.140127388535
437.324840764331,255.923566878981
435.541401273885,257.707006369427
433.75796178344,257.707006369427
431.974522292994,259.490445859873
428.407643312102,261.273885350319
426.624203821656,261.273885350319
424.84076433121,263.057324840765
423.057324840764,264.84076433121
421.273885350318,266.624203821656
419.490445859872,266.624203821656
417.707006369427,268.407643312102
415.923566878981,270.191082802548
414.140127388535,270.191082802548
412.356687898089,271.974522292994
410.573248407643,271.974522292994
408.789808917197,273.75796178344
407.006369426752,273.75796178344
407.006369426752,275.541401273886
405.222929936306,275.541401273886
403.43949044586,275.541401273886
403.43949044586,277.324840764331
401.656050955414,277.324840764331
399.872611464968,277.324840764331
399.872611464968,279.108280254777
398.089171974522,279.108280254777
398.089171974522,280.891719745223
396.305732484076,280.891719745223
394.52229299363,280.891719745223
392.738853503185,282.675159235669
390.955414012739,284.458598726115
389.171974522293,284.458598726115
387.388535031847,286.242038216561
385.605095541401,288.025477707007
383.821656050955,288.025477707007
383.821656050955,289.808917197453
382.03821656051,289.808917197453
380.254777070064,289.808917197453
380.254777070064,291.592356687898
378.471337579618,293.375796178344
376.687898089172,295.15923566879
374.904458598726,295.15923566879
374.904458598726,296.942675159236
373.12101910828,298.726114649682
371.337579617834,300.509554140127
369.554140127388,300.509554140127
369.554140127388,302.292993630573
367.770700636943,302.292993630573
367.770700636943,304.076433121019
365.987261146497,305.859872611465
364.203821656051,305.859872611465
362.420382165605,307.643312101911
360.636942675159,309.426751592357
358.853503184713,309.426751592357
357.070063694268,311.210191082803
355.286624203822,312.993630573249
353.503184713376,314.777070063695
351.71974522293,316.56050955414
349.936305732484,318.343949044586
348.152866242038,320.127388535032
346.369426751592,320.127388535032
344.585987261146,321.910828025478
342.802547770701,323.694267515924
341.019108280255,323.694267515924
339.235668789809,325.47770700637
337.452229299363,325.47770700637
335.668789808917,327.261146496815
333.885350318471,329.044585987261
332.101910828025,329.044585987261
328.535031847134,330.828025477707
326.751592356688,332.611464968153
326.751592356688,334.394904458599
323.184713375796,334.394904458599
321.40127388535,336.178343949045
319.617834394904,336.178343949045
317.834394904458,337.961783439491
316.050955414013,337.961783439491
303.566878980892,345.095541401274
292.866242038217,352.229299363058
289.299363057325,354.012738853503
287.515923566879,354.012738853503
285.732484076433,355.796178343949
285.732484076433,357.579617834395
283.949044585987,357.579617834395
282.165605095541,357.579617834395
273.248407643312,366.496815286624
264.331210191083,373.630573248408
262.547770700637,375.414012738854
260.764331210191,375.414012738854
260.764331210191,377.1974522293
258.980891719745,378.980891719745
257.197452229299,378.980891719745
257.197452229299,380.764331210191
255.414012738853,380.764331210191
253.630573248408,384.331210191083
250.063694267516,387.898089171975
248.28025477707,389.681528662421
248.28025477707,391.464968152866
246.496815286624,391.464968152866
246.496815286624,393.248407643312
244.713375796178,395.031847133758
244.713375796178,396.815286624204
242.929936305732,396.815286624204
242.929936305732,398.59872611465
241.146496815287,398.59872611465
241.146496815287,400.382165605096
239.363057324841,400.382165605096
239.363057324841,402.165605095542
237.579617834395,403.949044585987
235.796178343949,405.732484076433
235.796178343949,407.515923566879
234.012738853503,407.515923566879
234.012738853503,409.299363057325
232.229299363057,411.082802547771
232.229299363057,412.866242038217
230.445859872611,412.866242038217
230.445859872611,414.649681528663
228.662420382166,414.649681528663
228.662420382166,416.433121019108
226.87898089172,418.216560509554
210.828025477707,434.267515923567
192.993630573248,452.101910828026
191.210191082802,453.885350318472
189.426751592357,455.668789808917
187.643312101911,457.452229299363
185.859872611465,461.019108280255
184.076433121019,461.019108280255
182.292993630573,462.802547770701
180.509554140127,464.585987261147
180.509554140127,466.369426751593
178.726114649681,468.152866242038
178.726114649681,469.936305732484
178.726114649681,471.71974522293
176.942675159236,473.503184713376
176.942675159236,475.286624203822
176.942675159236,477.070063694268
175.15923566879,478.853503184713
175.15923566879,480.636942675159
175.15923566879,482.420382165605
173.375796178344,482.420382165605
173.375796178344,484.203821656051
173.375796178344,485.987261146497
173.375796178344,487.770700636943
171.592356687898,489.554140127389
171.592356687898,491.337579617835
171.592356687898,493.12101910828
169.808917197452,494.904458598726
169.808917197452,496.687898089172
168.025477707006,498.471337579618
168.025477707006,500.254777070064
168.025477707006,502.03821656051
166.24203821656,503.821656050956
166.24203821656,505.605095541401
166.24203821656,507.388535031847
166.24203821656,507.388535031847
166.24203821656,509.171974522293
164.458598726115,509.171974522293
164.458598726115,512.738853503185
162.675159235669,516.305732484077
160.891719745223,519.872611464968
160.891719745223,521.656050955414
160.891719745223,523.43949044586
159.108280254777,527.006369426752
159.108280254777,528.789808917198
159.108280254777,530.573248407644
157.324840764331,532.356687898089
157.324840764331,534.140127388535
157.324840764331,535.923566878981
157.324840764331,537.707006369427
155.541401273885,539.490445859873
155.541401273885,541.273885350319
155.541401273885,543.057324840765
155.541401273885,544.84076433121
155.541401273885,546.624203821656
155.541401273885,548.407643312102
153.757961783439,550.191082802548
151.974522292994,553.75796178344
151.974522292994,557.324840764331
150.191082802548,557.324840764331
150.191082802548,559.108280254777
150.191082802548,560.891719745223
150.191082802548,562.675159235669
148.407643312102,564.458598726115
148.407643312102,566.242038216561
148.407643312102,568.025477707007
146.624203821656,569.808917197452
146.624203821656,571.592356687898
144.84076433121,573.375796178344
144.84076433121,575.15923566879
144.84076433121,576.942675159236
143.057324840764,578.726114649682
143.057324840764,580.509554140128
143.057324840764,582.292993630573
143.057324840764,584.076433121019
143.057324840764,585.859872611465
143.057324840764,587.643312101911
143.057324840764,589.426751592357
139.490445859873,601.910828025478
137.707006369427,612.611464968153
135.923566878981,614.394904458599
135.923566878981,617.961783439491
134.140127388535,619.745222929937
134.140127388535,621.528662420382
134.140127388535,623.312101910828
134.140127388535,625.095541401274
134.140127388535,626.87898089172
134.140127388535,628.662420382166
132.356687898089,630.445859872612
132.356687898089,632.229299363058
132.356687898089,634.012738853503
132.356687898089,635.796178343949
132.356687898089,639.363057324841
132.356687898089,641.146496815287
132.356687898089,642.929936305733
132.356687898089,644.713375796179
130.573248407643,646.496815286624
130.573248407643,648.28025477707
130.573248407643,650.063694267516
130.573248407643,651.847133757962
128.789808917197,653.630573248408
128.789808917197,655.414012738854
128.789808917197,657.1974522293
127.006369426752,658.980891719745
127.006369426752,660.764331210191
127.006369426752,662.547770700637
127.006369426752,664.331210191083
127.006369426752,666.114649681529
127.006369426752,667.898089171975
127.006369426752,669.681528662421
127.006369426752,671.464968152866
127.006369426752,673.248407643312
127.006369426752,675.031847133758
127.006369426752,676.815286624204
127.006369426752,678.59872611465
127.006369426752,680.382165605096
127.006369426752,682.165605095542
127.006369426752,683.949044585987
127.006369426752,685.732484076433
127.006369426752,687.515923566879
127.006369426752,689.299363057325
127.006369426752,691.082802547771
127.006369426752,692.866242038217
127.006369426752,694.649681528663
127.006369426752,698.216560509554
127.006369426752,701.783439490446
127.006369426752,703.566878980892
127.006369426752,705.350318471338
127.006369426752,728.535031847134
127.006369426752,748.152866242038
127.006369426752,749.936305732484
127.006369426752,753.503184713376
127.006369426752,755.286624203822
127.006369426752,757.070063694268
127.006369426752,760.636942675159
127.006369426752,762.420382165605
127.006369426752,764.203821656051
127.006369426752,765.987261146497
127.006369426752,767.770700636943
128.789808917197,769.554140127389
128.789808917197,773.12101910828
128.789808917197,774.904458598726
128.789808917197,778.471337579618
128.789808917197,780.254777070064
128.789808917197,782.03821656051
130.573248407643,783.821656050956
130.573248407643,789.171974522293
130.573248407643,794.522292993631
130.573248407643,798.089171974523
128.789808917197,799.872611464968
128.789808917197,801.656050955414
128.789808917197,803.43949044586
128.789808917197,805.222929936306
128.789808917197,805.222929936306
128.353178711103,806.353178711102
129,807.05448868455
129.592332604348,808
129.646821288897,809
129.353178711103,810
129.407667395652,811
130.05448868455,812
131,813
131.891022630901,814
132.402619946894,815
132.597380053106,816
133,817
133.402619946894,818
133.542891368556,819
133.701309973447,820
133.701309973447,821
133.542891368556,822
133.511597315994,823
133.597380053106,824
134.108977369099,825
134.94551131545,826
135.646821288897,827
135.94551131545,828
136.05448868455,829
136.353178711102,830
136.94551131545,831
137.293642577795,832
136.891022630901,833
136.05448868455,834
135.298690026553,835
134.810287342546,836
134.651868737655,837
135.108977369099,838
136,838.94551131545
137,839.701309973447
137.891022630901,840.298690026553
138.348131262345,841.05448868455
138.298690026553,842
138.353178711102,842.94551131545
138.701309973447,843.646821288897
139.490445859873,846.242038216561
139.490445859873,849.808917197452
141.273885350318,853.375796178344
141.273885350318,855.15923566879
143.057324840764,858.726114649682
144.84076433121,860.509554140128
144.84076433121,862.292993630573
144.84076433121,864.076433121019
146.624203821656,865.859872611465
146.624203821656,867.643312101911
146.624203821656,869.426751592357
148.407643312102,872.993630573249
148.407643312102,876.56050955414
150.191082802548,878.343949044586
150.191082802548,880.127388535032
150.191082802548,881.910828025478
150.191082802548,883.694267515924
150.191082802548,885.47770700637
151.974522292994,887.261146496816
151.974522292994,889.044585987261
151.974522292994,890.828025477707
153.757961783439,892.611464968153
153.757961783439,894.394904458599
155.541401273885,894.394904458599
155.541401273885,896.178343949045
157.324840764331,896.178343949045
157.324840764331,897.961783439491
159.108280254777,901.528662420382
162.675159235669,905.095541401274
162.675159235669,906.87898089172
164.458598726115,910.445859872612
164.458598726115,912.229299363057
166.24203821656,914.012738853503
168.025477707006,915.796178343949
168.025477707006,917.579617834395
168.025477707006,919.363057324841
169.808917197452,921.146496815287
169.808917197452,922.929936305733
171.592356687898,924.713375796178
171.592356687898,926.496815286624
173.375796178344,926.496815286624
173.375796178344,930.063694267516
173.375796178344,931.847133757962
175.15923566879,933.630573248408
175.15923566879,935.414012738854
176.942675159236,938.980891719745
176.942675159236,940.764331210191
176.942675159236,942.547770700637
176.942675159236,944.331210191083
176.942675159236,946.114649681529
178.726114649681,946.114649681529
178.726114649681,947.898089171975
178.726114649681,949.681528662421
178.726114649681,951.464968152867
180.509554140127,953.248407643312
180.509554140127,955.031847133758
182.292993630573,956.815286624204
182.292993630573,958.59872611465
184.076433121019,960.382165605096
184.076433121019,962.165605095542
185.859872611465,963.949044585987
185.859872611465,965.732484076433
187.643312101911,967.515923566879
189.426751592357,969.299363057325
191.210191082802,971.082802547771
192.993630573248,972.866242038217
194.777070063694,974.649681528663
196.56050955414,976.433121019109
198.343949044586,978.216560509554
200.127388535032,980
200.127388535032,981.783439490446
201.910828025478,983.566878980892
203.694267515924,983.566878980892
203.694267515924,985.350318471338
205.477707006369,987.133757961784
205.477707006369,988.917197452229
207.261146496815,990.700636942675
209.044585987261,992.484076433121
209.044585987261,994.267515923567
210.828025477707,996.050955414013
212.611464968153,997.834394904459
212.611464968153,999.617834394905
214.394904458599,1001.40127388535
216.178343949045,1003.1847133758
217.96178343949,1004.96815286624
219.745222929936,1006.75159235669
219.745222929936,1008.53503184713
221.528662420382,1008.53503184713
221.528662420382,1010.31847133758
223.312101910828,1012.10191082803
225.095541401274,1012.10191082803
225.095541401274,1013.88535031847
226.87898089172,1013.88535031847
226.87898089172,1015.66878980892
228.662420382166,1015.66878980892
228.662420382166,1017.45222929936
230.445859872611,1017.45222929936
232.229299363057,1019.23566878981
235.796178343949,1022.8025477707
235.796178343949,1024.58598726115
237.579617834395,1024.58598726115
239.363057324841,1024.58598726115
239.363057324841,1026.36942675159
241.146496815287,1026.36942675159
241.146496815287,1028.15286624204
242.929936305732,1029.93630573248
242.929936305732,1031.71974522293
244.713375796178,1031.71974522293
246.496815286624,1033.50318471338
248.28025477707,1035.28662420382
250.063694267516,1037.07006369427
251.847133757962,1037.07006369427
253.630573248408,1037.07006369427
253.630573248408,1038.85350318471
255.414012738853,1038.85350318471
255.414012738853,1040.63694267516
257.197452229299,1042.42038216561
258.980891719745,1044.20382165605
260.764331210191,1044.20382165605
260.764331210191,1045.9872611465
262.547770700637,1047.77070063694
264.331210191083,1047.77070063694
264.331210191083,1049.55414012739
266.114649681529,1051.33757961783
267.898089171974,1053.12101910828
269.68152866242,1053.12101910828
271.464968152866,1054.90445859873
273.248407643312,1056.68789808917
275.031847133758,1056.68789808917
276.815286624204,1058.47133757962
278.59872611465,1058.47133757962
280.382165605095,1060.25477707006
282.165605095541,1060.25477707006
283.949044585987,1062.03821656051
285.732484076433,1062.03821656051
285.732484076433,1063.82165605096
287.515923566879,1063.82165605096
289.299363057325,1063.82165605096
289.299363057325,1065.6050955414
291.082802547771,1067.38853503185
292.866242038217,1067.38853503185
294.649681528662,1069.17197452229
296.433121019108,1069.17197452229
298.216560509554,1070.95541401274
300,1072.73885350318
301.783439490446,1072.73885350318
303.566878980892,1074.52229299363
305.350318471338,1076.30573248408
307.133757961783,1078.08917197452
308.917197452229,1078.08917197452
308.917197452229,1079.87261146497
310.700636942675,1079.87261146497
312.484076433121,1081.65605095541
314.267515923567,1081.65605095541
316.050955414013,1083.43949044586
316.050955414013,1085.22292993631
317.834394904458,1085.22292993631
317.834394904458,1087.00636942675
319.617834394904,1087.00636942675
323.184713375796,1088.7898089172
324.968152866242,1090.57324840764
326.751592356688,1092.35668789809
328.535031847134,1092.35668789809
330.31847133758,1094.14012738854
332.101910828025,1094.14012738854
333.885350318471,1095.92356687898
335.668789808917,1097.70700636943
337.452229299363,1097.70700636943
341.019108280255,1099.49044585987
342.802547770701,1101.27388535032
344.585987261146,1101.27388535032
346.369426751592,1101.27388535032
348.152866242038,1103.05732484076
349.936305732484,1103.05732484076
351.71974522293,1103.05732484076
353.503184713376,1103.05732484076
355.286624203822,1103.05732484076
355.286624203822,1104.84076433121
357.070063694268,1106.62420382166
358.853503184713,1106.62420382166
360.636942675159,1106.62420382166
362.420382165605,1106.62420382166
365.987261146497,1108.4076433121
373.12101910828,1110.19108280255
380.254777070064,1110.19108280255
383.821656050955,1110.19108280255
385.605095541401,1111.97452229299
387.388535031847,1111.97452229299
389.171974522293,1111.97452229299
390.955414012739,1111.97452229299
392.738853503185,1113.75796178344
394.52229299363,1113.75796178344
396.305732484076,1113.75796178344
398.089171974522,1113.75796178344
399.872611464968,1113.75796178344
399.872611464968,1113.75796178344
401.353178711102,1113.05448868455
402.05448868455,1113.3531787111
403,1114.05448868455
404,1114.94551131545
405,1115.70130997345
406,1116.29869002655
407,1117.05448868455
408,1117.8910226309
409,1118.40261994689
410,1118.54289136856
411,1118.755798658
412,1118.94551131545
413,1119.05448868455
414,1119.244201342
415,1119.45710863144
416,1119.59738005311
417,1120.1089773691
418,1121
419,1121.94551131545
420,1122.59233260435
421,1122.6468212889
422,1122.244201342
423,1121.755798658
424,1121.244201342
425,1120.70130997345
426,1120.05448868455
427,1119.7063574222
428,1120.1089773691
429,1121
430,1122
431,1123
432,1123.94551131545
433,1124.6468212889
434,1124.8910226309
435,1124.6468212889
436,1123.94551131545
437,1123.1089773691
438,1122.7063574222
439,1123.1089773691
439.94551131545,1124
440.701309973447,1125
441.298690026553,1126
442.05448868455,1127
443,1127.8910226309
444,1128.29364257779
444.94551131545,1127.8910226309
445.646821288897,1127.05448868455
445.94551131545,1126.3531787111
448.025477707006,1126.24203821656
451.592356687898,1126.24203821656
453.375796178344,1128.02547770701
458.726114649682,1129.80891719745
460.509554140127,1129.80891719745
464.076433121019,1129.80891719745
465.859872611465,1131.5923566879
467.643312101911,1131.5923566879
469.426751592357,1133.37579617834
471.210191082802,1133.37579617834
472.993630573248,1133.37579617834
474.777070063694,1133.37579617834
476.56050955414,1133.37579617834
478.343949044586,1135.15923566879
480.127388535032,1135.15923566879
481.910828025478,1135.15923566879
483.694267515924,1135.15923566879
485.477707006369,1136.94267515924
487.261146496815,1136.94267515924
489.044585987261,1136.94267515924
490.828025477707,1136.94267515924
492.611464968153,1136.94267515924
494.394904458599,1138.72611464968
496.178343949044,1138.72611464968
497.96178343949,1138.72611464968
499.745222929936,1140.50955414013
503.312101910828,1140.50955414013
505.095541401274,1140.50955414013
506.87898089172,1142.29299363057
508.662420382166,1142.29299363057
510.445859872611,1142.29299363057
512.229299363057,1142.29299363057
514.012738853503,1142.29299363057
515.796178343949,1142.29299363057
517.579617834395,1142.29299363057
519.363057324841,1142.29299363057
521.146496815287,1144.07643312102
522.929936305732,1144.07643312102
524.713375796178,1144.07643312102
526.496815286624,1144.07643312102
528.28025477707,1144.07643312102
530.063694267516,1144.07643312102
533.630573248408,1145.85987261147
535.414012738854,1145.85987261147
537.197452229299,1145.85987261147
538.980891719745,1145.85987261147
540.764331210191,1145.85987261147
542.547770700637,1145.85987261147
544.331210191083,1145.85987261147
547.898089171974,1145.85987261147
549.68152866242,1145.85987261147
551.464968152866,1145.85987261147
553.248407643312,1145.85987261147
555.031847133758,1145.85987261147
560.382165605096,1145.85987261147
563.949044585987,1145.85987261147
565.732484076433,1145.85987261147
567.515923566879,1145.85987261147
569.299363057325,1145.85987261147
571.082802547771,1145.85987261147
574.649681528662,1145.85987261147
578.216560509554,1145.85987261147
580,1145.85987261147
581.783439490446,1145.85987261147
583.566878980892,1145.85987261147
587.133757961783,1145.85987261147
590.700636942675,1145.85987261147
592.484076433121,1145.85987261147
594.267515923567,1145.85987261147
596.050955414013,1145.85987261147
597.834394904458,1145.85987261147
599.617834394904,1145.85987261147
601.40127388535,1144.07643312102
603.184713375796,1144.07643312102
606.751592356688,1144.07643312102
608.535031847134,1144.07643312102
610.31847133758,1144.07643312102
612.101910828026,1142.29299363057
613.885350318471,1142.29299363057
615.668789808917,1142.29299363057
619.235668789809,1142.29299363057
622.802547770701,1142.29299363057
631.71974522293,1142.29299363057
638.853503184713,1142.29299363057
644.203821656051,1142.29299363057
647.770700636943,1142.29299363057
649.554140127388,1142.29299363057
653.12101910828,1142.29299363057
654.904458598726,1142.29299363057
656.687898089172,1140.50955414013
658.471337579618,1140.50955414013
660.254777070064,1140.50955414013
662.03821656051,1140.50955414013
663.821656050955,1140.50955414013
665.605095541401,1140.50955414013
667.388535031847,1140.50955414013
669.171974522293,1140.50955414013
670.955414012739,1138.72611464968
672.738853503185,1138.72611464968
676.305732484076,1138.72611464968
678.089171974522,1138.72611464968
679.872611464968,1138.72611464968
681.656050955414,1138.72611464968
683.43949044586,1138.72611464968
683.43949044586,1136.94267515924
685.222929936306,1136.94267515924
687.006369426752,1136.94267515924
688.789808917197,1136.94267515924
690.573248407643,1135.15923566879
692.356687898089,1135.15923566879
694.140127388535,1133.37579617834
695.923566878981,1133.37579617834
697.707006369427,1133.37579617834
699.490445859872,1133.37579617834
701.273885350318,1133.37579617834
701.273885350318,1131.5923566879
703.057324840764,1131.5923566879
704.84076433121,1131.5923566879
706.624203821656,1131.5923566879
708.407643312102,1131.5923566879
710.191082802548,1131.5923566879
711.974522292994,1131.5923566879
713.75796178344,1131.5923566879
715.541401273885,1131.5923566879
717.324840764331,1129.80891719745
719.108280254777,1129.80891719745
720.891719745223,1129.80891719745
722.675159235669,1129.80891719745
724.458598726115,1129.80891719745
728.025477707006,1129.80891719745
729.808917197452,1129.80891719745
731.592356687898,1128.02547770701
733.375796178344,1128.02547770701
735.15923566879,1128.02547770701
736.942675159236,1128.02547770701
740.509554140127,1128.02547770701
742.292993630573,1128.02547770701
744.076433121019,1128.02547770701
745.859872611465,1128.02547770701
747.643312101911,1128.02547770701
749.426751592357,1128.02547770701
749.426751592357,1126.24203821656
751.210191082802,1126.24203821656
754.777070063694,1126.24203821656
758.343949044586,1126.24203821656
760.127388535032,1124.45859872611
761.910828025478,1124.45859872611
763.694267515924,1124.45859872611
765.477707006369,1122.67515923567
767.261146496815,1122.67515923567
769.044585987261,1122.67515923567
770.828025477707,1122.67515923567
772.611464968153,1122.67515923567
774.394904458599,1120.89171974522
776.178343949044,1120.89171974522
777.96178343949,1119.10828025478
779.745222929936,1119.10828025478
781.528662420382,1119.10828025478
783.312101910828,1117.32484076433
785.095541401274,1117.32484076433
786.87898089172,1117.32484076433
788.662420382166,1115.54140127389
790.445859872611,1115.54140127389
792.229299363057,1115.54140127389
794.012738853503,1115.54140127389
794.012738853503,1113.75796178344
795.796178343949,1113.75796178344
797.579617834395,1113.75796178344
799.363057324841,1111.97452229299
801.146496815287,1111.97452229299
802.929936305732,1111.97452229299
804.713375796178,1111.97452229299
806.496815286624,1110.19108280255
808.28025477707,1110.19108280255
810.063694267516,1110.19108280255
811.847133757962,1110.19108280255
813.630573248408,1110.19108280255
815.414012738854,1108.4076433121
817.197452229299,1108.4076433121
817.197452229299,1106.62420382166
818.980891719745,1106.62420382166
820.764331210191,1106.62420382166
822.547770700637,1106.62420382166
824.331210191083,1104.84076433121
826.114649681529,1104.84076433121
827.898089171974,1104.84076433121
829.68152866242,1103.05732484076
831.464968152866,1103.05732484076
833.248407643312,1101.27388535032
835.031847133758,1101.27388535032
836.815286624204,1101.27388535032
838.59872611465,1101.27388535032
838.59872611465,1099.49044585987
840.382165605096,1099.49044585987
842.165605095541,1099.49044585987
843.949044585987,1099.49044585987
845.732484076433,1099.49044585987
847.515923566879,1099.49044585987
849.299363057325,1097.70700636943
851.082802547771,1097.70700636943
852.866242038216,1097.70700636943
854.649681528662,1097.70700636943
856.433121019108,1095.92356687898
858.216560509554,1095.92356687898
860,1095.92356687898
861.783439490446,1095.92356687898
861.783439490446,1094.14012738854
863.566878980892,1094.14012738854
867.133757961783,1094.14012738854
868.917197452229,1094.14012738854
868.917197452229,1092.35668789809
870.700636942675,1092.35668789809
872.484076433121,1092.35668789809
874.267515923567,1090.57324840764
876.050955414013,1090.57324840764
877.834394904458,1090.57324840764
879.617834394904,1088.7898089172
881.40127388535,1088.7898089172
883.184713375796,1088.7898089172
884.968152866242,1087.00636942675
886.751592356688,1087.00636942675
888.535031847134,1087.00636942675
890.31847133758,1085.22292993631
892.101910828026,1085.22292993631
893.885350318471,1083.43949044586
895.668789808917,1083.43949044586
897.452229299363,1081.65605095541
899.235668789809,1081.65605095541
901.019108280255,1081.65605095541
901.019108280255,1079.87261146497
902.802547770701,1079.87261146497
904.585987261146,1078.08917197452
906.369426751592,1078.08917197452
906.369426751592,1076.30573248408
908.152866242038,1076.30573248408
909.936305732484,1076.30573248408
911.71974522293,1074.52229299363
913.503184713376,1074.52229299363
915.286624203822,1072.73885350318
917.070063694268,1072.73885350318
918.853503184713,1072.73885350318
920.636942675159,1070.95541401274
922.420382165605,1069.17197452229
922.420382165605,1067.38853503185
924.203821656051,1067.38853503185
924.203821656051,1065.6050955414
925.987261146497,1063.82165605096
927.770700636943,1062.03821656051
929.554140127388,1060.25477707006
931.337579617834,1060.25477707006
933.12101910828,1060.25477707006
934.904458598726,1060.25477707006
934.904458598726,1058.47133757962
934.904458598726,1058.47133757962
929.554140127388,716.050955414013
928.646821288897,716.94551131545
927.94551131545,716.646821288897
927,715.94551131545
926,715
925,714
924,713.108977369099
923,712.706357422205
922,713.05448868455
921,713.646821288897
920,713.891022630901
919,713.701309973447
918,713.244201342003
917,712.810287342546
916.05448868455,712.542891368556
915.353178711102,712.457108631444
915.05448868455,712.244201342003
913.503184713376,712.484076433121
911.71974522293,712.484076433121
909.936305732484,712.484076433121
908.152866242038,712.484076433121
906.369426751592,712.484076433121
904.585987261146,712.484076433121
902.802547770701,712.484076433121
901.019108280255,714.267515923567
899.235668789809,714.267515923567
897.452229299363,714.267515923567
895.668789808917,716.050955414013
893.885350318471,717.834394904459
892.101910828026,719.617834394905
890.31847133758,721.401273885351
890.31847133758,723.184713375796
888.535031847134,723.184713375796
886.751592356688,724.968152866242
886.751592356688,726.751592356688
884.968152866242,728.535031847134
884.968152866242,730.31847133758
883.184713375796,730.31847133758
883.184713375796,732.101910828026
881.40127388535,733.885350318472
879.617834394904,735.668789808917
879.617834394904,737.452229299363
877.834394904458,739.235668789809
877.834394904458,741.019108280255
876.050955414013,742.802547770701
876.050955414013,744.585987261147
876.050955414013,746.369426751593
874.267515923567,746.369426751593
874.267515923567,748.152866242038
874.267515923567,749.936305732484
872.484076433121,751.71974522293
872.484076433121,753.503184713376
870.700636942675,755.286624203822
870.700636942675,757.070063694268
868.917197452229,758.853503184714
868.917197452229,760.636942675159
867.133757961783,762.420382165605
867.133757961783,764.203821656051
865.350318471338,765.987261146497
865.350318471338,767.770700636943
865.350318471338,769.554140127389
863.566878980892,771.337579617835
863.566878980892,773.12101910828
861.783439490446,776.687898089172
861.783439490446,778.471337579618
860,780.254777070064
860,782.03821656051
858.216560509554,783.821656050956
858.216560509554,785.605095541402
858.216560509554,787.388535031847
856.433121019108,789.171974522293
856.433121019108,790.955414012739
854.649681528662,792.738853503185
854.649681528662,794.522292993631
852.866242038216,796.305732484077
852.866242038216,799.872611464968
851.082802547771,801.656050955414
851.082802547771,803.43949044586
849.299363057325,803.43949044586
849.299363057325,805.222929936306
847.515923566879,807.006369426752
847.515923566879,808.789808917198
845.732484076433,810.573248407643
845.732484076433,812.356687898089
843.949044585987,814.140127388535
843.949044585987,815.923566878981
843.949044585987,817.707006369427
842.165605095541,819.490445859873
842.165605095541,821.273885350319
840.382165605096,823.057324840764
838.59872611465,824.84076433121
838.59872611465,826.624203821656
836.815286624204,828.407643312102
836.815286624204,830.191082802548
835.031847133758,830.191082802548
835.031847133758,831.974522292994
833.248407643312,833.75796178344
831.464968152866,835.541401273886
831.464968152866,837.324840764331
829.68152866242,837.324840764331
829.68152866242,839.108280254777
829.68152866242,840.891719745223
827.898089171974,842.675159235669
826.114649681529,844.458598726115
824.331210191083,846.242038216561
824.331210191083,848.025477707007
822.547770700637,848.025477707007
822.547770700637,849.808917197452
820.764331210191,851.592356687898
818.980891719745,853.375796178344
818.980891719745,855.15923566879
817.197452229299,855.15923566879
817.197452229299,856.942675159236
817.197452229299,858.726114649682
815.414012738854,860.509554140128
813.630573248408,862.292993630573
813.630573248408,864.076433121019
813.630573248408,865.859872611465
811.847133757962,867.643312101911
811.847133757962,869.426751592357
810.063694267516,871.210191082803
810.063694267516,872.993630573249
808.28025477707,872.993630573249
808.28025477707,874.777070063694
806.496815286624,876.56050955414
804.713375796178,878.343949044586
802.929936305732,880.127388535032
801.146496815287,880.127388535032
801.146496815287,881.910828025478
799.363057324841,881.910828025478
799.363057324841,883.694267515924
797.579617834395,885.47770700637
795.796178343949,885.47770700637
794.012738853503,887.261146496816
792.229299363057,889.044585987261
790.445859872611,889.044585987261
788.662420382166,890.828025477707
786.87898089172,890.828025477707
786.87898089172,892.611464968153
785.095541401274,892.611464968153
783.312101910828,894.394904458599
781.528662420382,896.178343949045
779.745222929936,897.961783439491
777.96178343949,897.961783439491
776.178343949044,899.745222929937
774.394904458599,901.528662420382
772.611464968153,901.528662420382
770.828025477707,903.312101910828
769.044585987261,905.095541401274
767.261146496815,905.095541401274
765.477707006369,906.87898089172
763.694267515924,906.87898089172
763.694267515924,908.662420382166
761.910828025478,908.662420382166
760.127388535032,910.445859872612
758.343949044586,910.445859872612
756.56050955414,912.229299363057
754.777070063694,912.229299363057
752.993630573248,914.012738853503
751.210191082802,914.012738853503
749.426751592357,914.012738853503
749.426751592357,915.796178343949
747.643312101911,915.796178343949
745.859872611465,915.796178343949
744.076433121019,915.796178343949
742.292993630573,917.579617834395
740.509554140127,917.579617834395
738.726114649682,917.579617834395
736.942675159236,917.579617834395
735.15923566879,917.579617834395
733.375796178344,919.363057324841
731.592356687898,919.363057324841
729.808917197452,919.363057324841
728.025477707006,919.363057324841
724.458598726115,921.146496815287
722.675159235669,921.146496815287
720.891719745223,921.146496815287
719.108280254777,921.146496815287
717.324840764331,921.146496815287
715.541401273885,921.146496815287
713.75796178344,921.146496815287
710.191082802548,922.929936305733
708.407643312102,922.929936305733
706.624203821656,922.929936305733
704.84076433121,922.929936305733
701.273885350318,922.929936305733
699.490445859872,922.929936305733
697.707006369427,924.713375796178
695.923566878981,924.713375796178
690.573248407643,924.713375796178
688.789808917197,924.713375796178
685.222929936306,924.713375796178
683.43949044586,924.713375796178
681.656050955414,924.713375796178
679.872611464968,924.713375796178
678.089171974522,924.713375796178
676.305732484076,924.713375796178
674.52229299363,924.713375796178
672.738853503185,924.713375796178
670.955414012739,924.713375796178
669.171974522293,924.713375796178
665.605095541401,924.713375796178
662.03821656051,924.713375796178
658.471337579618,924.713375796178
654.904458598726,924.713375796178
649.554140127388,924.713375796178
645.987261146497,924.713375796178
644.203821656051,924.713375796178
642.420382165605,924.713375796178
640.636942675159,924.713375796178
638.853503184713,924.713375796178
637.070063694268,924.713375796178
633.503184713376,924.713375796178
631.71974522293,924.713375796178
629.936305732484,924.713375796178
628.152866242038,924.713375796178
626.369426751592,924.713375796178
624.585987261146,924.713375796178
622.802547770701,924.713375796178
621.019108280255,924.713375796178
619.235668789809,924.713375796178
617.452229299363,924.713375796178
615.668789808917,924.713375796178
612.101910828026,924.713375796178
608.535031847134,924.713375796178
606.751592356688,924.713375796178
603.184713375796,924.713375796178
601.40127388535,924.713375796178
599.617834394904,924.713375796178
596.050955414013,924.713375796178
590.700636942675,924.713375796178
583.566878980892,924.713375796178
576.433121019108,924.713375796178
569.299363057325,924.713375796178
567.515923566879,924.713375796178
565.732484076433,924.713375796178
563.949044585987,924.713375796178
560.382165605096,924.713375796178
558.59872611465,924.713375796178
556.815286624204,924.713375796178
555.031847133758,924.713375796178
553.248407643312,924.713375796178
551.464968152866,924.713375796178
549.68152866242,924.713375796178
547.898089171974,924.713375796178
546.114649681529,924.713375796178
542.547770700637,924.713375796178
538.980891719745,924.713375796178
537.197452229299,924.713375796178
533.630573248408,924.713375796178
531.847133757962,924.713375796178
530.063694267516,924.713375796178
528.28025477707,924.713375796178
526.496815286624,924.713375796178
524.713375796178,924.713375796178
522.929936305732,924.713375796178
519.363057324841,924.713375796178
517.579617834395,924.713375796178
515.796178343949,924.713375796178
514.012738853503,924.713375796178
510.445859872611,924.713375796178
508.662420382166,924.713375796178
506.87898089172,924.713375796178
503.312101910828,924.713375796178
501.528662420382,924.713375796178
499.745222929936,924.713375796178
497.96178343949,924.713375796178
496.178343949044,924.713375796178
494.394904458599,924.713375796178
492.611464968153,924.713375796178
490.828025477707,924.713375796178
489.044585987261,924.713375796178
487.261146496815,924.713375796178
485.477707006369,924.713375796178
483.694267515924,924.713375796178
481.910828025478,924.713375796178
480.127388535032,924.713375796178
478.343949044586,924.713375796178
476.56050955414,924.713375796178
474.777070063694,924.713375796178
469.426751592357,924.713375796178
467.643312101911,924.713375796178
464.076433121019,924.713375796178
462.292993630573,924.713375796178
460.509554140127,924.713375796178
458.726114649682,924.713375796178
456.942675159236,924.713375796178
455.15923566879,924.713375796178
453.375796178344,924.713375796178
449.808917197452,924.713375796178
446.24203821656,924.713375796178
444.458598726115,924.713375796178
442.675159235669,924.713375796178
440.891719745223,926.496815286624
437.324840764331,926.496815286624
433.75796178344,926.496815286624
431.974522292994,926.496815286624
428.407643312102,926.496815286624
426.624203821656,926.496815286624
424.84076433121,926.496815286624
423.057324840764,926.496815286624
421.273885350318,926.496815286624
419.490445859872,924.713375796178
415.923566878981,924.713375796178
414.140127388535,922.929936305733
412.356687898089,922.929936305733
410.573248407643,921.146496815287
408.789808917197,921.146496815287
407.006369426752,919.363057324841
405.222929936306,919.363057324841
403.43949044586,919.363057324841
403.43949044586,917.579617834395
401.656050955414,917.579617834395
401.656050955414,915.796178343949
399.872611464968,915.796178343949
398.089171974522,914.012738853503
396.305732484076,914.012738853503
394.52229299363,912.229299363057
392.738853503185,912.229299363057
390.955414012739,910.445859872612
389.171974522293,910.445859872612
387.388535031847,908.662420382166
383.821656050955,906.87898089172
382.03821656051,906.87898089172
380.254777070064,906.87898089172
380.254777070064,905.095541401274
378.471337579618,905.095541401274
376.687898089172,903.312101910828
374.904458598726,903.312101910828
373.12101910828,901.528662420382
371.337579617834,901.528662420382
371.337579617834,899.745222929937
369.554140127388,899.745222929937
367.770700636943,897.961783439491
365.987261146497,896.178343949045
364.203821656051,894.394904458599
362.420382165605,894.394904458599
362.420382165605,892.611464968153
360.636942675159,890.828025477707
358.853503184713,889.044585987261
357.070063694268,887.261146496816
357.070063694268,885.47770700637
355.286624203822,883.694267515924
353.503184713376,881.910828025478
353.503184713376,880.127388535032
353.503184713376,878.343949044586
351.71974522293,876.56050955414
351.71974522293,874.777070063694
349.936305732484,872.993630573249
349.936305732484,871.210191082803
348.152866242038,869.426751592357
348.152866242038,867.643312101911
348.152866242038,865.859872611465
346.369426751592,864.076433121019
346.369426751592,862.292993630573
346.369426751592,860.509554140128
344.585987261146,858.726114649682
344.585987261146,855.15923566879
342.802547770701,853.375796178344
342.802547770701,851.592356687898
341.019108280255,849.808917197452
341.019108280255,848.025477707007
341.019108280255,846.242038216561
339.235668789809,842.675159235669
339.235668789809,840.891719745223
339.235668789809,839.108280254777
339.235668789809,837.324840764331
339.235668789809,835.541401273886
337.452229299363,833.75796178344
335.668789808917,830.191082802548
335.668789808917,828.407643312102
335.668789808917,826.624203821656
333.885350318471,824.84076433121
333.885350318471,823.057324840764
333.885350318471,821.273885350319
333.885350318471,819.490445859873
333.885350318471,817.707006369427
333.885350318471,815.923566878981
332.101910828025,814.140127388535
332.101910828025,812.356687898089
332.101910828025,808.789808917198
332.101910828025,805.222929936306
332.101910828025,803.43949044586
332.101910828025,798.089171974523
332.101910828025,792.738853503185
333.885350318471,787.388535031847
333.885350318471,780.254777070064
333.885350318471,774.904458598726
333.885350318471,769.554140127389
333.885350318471,767.770700636943
333.885350318471,765.987261146497
333.885350318471,764.203821656051
335.668789808917,760.636942675159
335.668789808917,758.853503184714
335.668789808917,757.070063694268
337.452229299363,755.286624203822
337.452229299363,753.503184713376
337.452229299363,751.71974522293
337.452229299363,749.936305732484
337.452229299363,748.152866242038
339.235668789809,748.152866242038
339.235668789809,746.369426751593
339.235668789809,744.585987261147
339.235668789809,742.802547770701
341.019108280255,741.019108280255
341.019108280255,739.235668789809
341.019108280255,737.452229299363
342.802547770701,735.668789808917
342.802547770701,733.885350318472
344.585987261146,732.101910828026
344.585987261146,730.31847133758
344.585987261146,728.535031847134
346.369426751592,728.535031847134
346.369426751592,726.751592356688
346.369426751592,724.968152866242
346.369426751592,723.184713375796
348.152866242038,721.401273885351
348.152866242038,719.617834394905
349.936305732484,717.834394904459
349.936305732484,716.050955414013
351.71974522293,714.267515923567
351.71974522293,710.700636942675
353.503184713376,710.700636942675
353.503184713376,708.917197452229
353.503184713376,707.133757961784
355.286624203822,707.133757961784
355.286624203822,705.350318471338
355.286624203822,703.566878980892
357.070063694268,703.566878980892
357.070063694268,701.783439490446
357.070063694268,700
358.853503184713,698.216560509554
358.853503184713,696.433121019109
360.636942675159,694.649681528663
360.636942675159,692.866242038217
365.987261146497,683.949044585987
369.554140127388,675.031847133758
369.554140127388,675.031847133758
369.554140127388,675.031847133758
371.337579617834,675.031847133758
373.12101910828,673.248407643312
373.12101910828,671.464968152866
374.904458598726,671.464968152866
374.904458598726,669.681528662421
376.687898089172,669.681528662421
376.687898089172,667.898089171975
378.471337579618,666.114649681529
380.254777070064,664.331210191083
382.03821656051,662.547770700637
382.03821656051,660.764331210191
382.03821656051,658.980891719745
383.821656050955,657.1974522293
385.605095541401,657.1974522293
385.605095541401,655.414012738854
387.388535031847,653.630573248408
389.171974522293,651.847133757962
389.171974522293,650.063694267516
390.955414012739,650.063694267516
390.955414012739,648.28025477707
392.738853503185,648.28025477707
392.738853503185,646.496815286624
394.52229299363,644.713375796179
396.305732484076,642.929936305733
398.089171974522,642.929936305733
399.872611464968,641.146496815287
401.656050955414,641.146496815287
401.656050955414,639.363057324841
403.43949044586,637.579617834395
405.222929936306,637.579617834395
407.006369426752,635.796178343949
408.789808917197,635.796178343949
408.789808917197,634.012738853503
412.356687898089,632.229299363058
414.140127388535,630.445859872612
415.923566878981,630.445859872612
415.923566878981,628.662420382166
417.707006369427,628.662420382166
419.490445859872,626.87898089172
421.273885350318,625.095541401274
423.057324840764,625.095541401274
423.057324840764,623.312101910828
424.84076433121,623.312101910828
426.624203821656,621.528662420382
428.407643312102,621.528662420382
430.191082802548,619.745222929937
431.974522292994,619.745222929937
433.75796178344,617.961783439491
435.541401273885,617.961783439491
437.324840764331,616.178343949045
439.108280254777,616.178343949045
440.891719745223,614.394904458599
442.675159235669,614.394904458599
446.24203821656,612.611464968153
448.025477707006,612.611464968153
449.808917197452,610.828025477707
451.592356687898,610.828025477707
451.592356687898,609.044585987261
455.15923566879,607.261146496816
456.942675159236,607.261146496816
458.726114649682,605.47770700637
460.509554140127,605.47770700637
462.292993630573,605.47770700637
464.076433121019,603.694267515924
465.859872611465,603.694267515924
467.643312101911,603.694267515924
469.426751592357,601.910828025478
471.210191082802,601.910828025478
472.993630573248,601.910828025478
474.777070063694,600.127388535032
476.56050955414,600.127388535032
478.343949044586,600.127388535032
478.343949044586,598.343949044586
480.127388535032,598.343949044586
481.910828025478,598.343949044586
483.694267515924,596.56050955414
485.477707006369,596.56050955414
487.261146496815,596.56050955414
489.044585987261,594.777070063694
490.828025477707,594.777070063694
492.611464968153,592.993630573249
494.394904458599,592.993630573249
496.178343949044,592.993630573249
497.96178343949,591.210191082803
499.745222929936,591.210191082803
506.87898089172,587.643312101911
514.012738853503,585.859872611465
515.796178343949,584.076433121019
519.363057324841,582.292993630573
522.929936305732,578.726114649682
522.929936305732,576.942675159236
524.713375796178,576.942675159236
526.496815286624,575.15923566879
528.28025477707,573.375796178344
530.063694267516,571.592356687898
531.847133757962,569.808917197452
533.630573248408,568.025477707007
535.414012738854,568.025477707007
538.980891719745,560.891719745223
544.331210191083,555.541401273886
546.114649681529,553.75796178344
546.114649681529,551.974522292994
547.898089171974,551.974522292994
547.898089171974,550.191082802548
549.68152866242,548.407643312102
549.68152866242,548.407643312102
549.244201342003,546.646821288898
549.457108631444,545.94551131545
549.597380053106,545
550.05448868455,544
550.701309973447,543
551.244201342003,542
551.755798657997,541
552.244201342003,540
552.755798657997,539
553.244201342003,538
553.646821288897,537
553.646821288897,536
553.244201342003,535
552.810287342546,534
552.542891368556,533
552.402619946894,532
551.891022630901,531
551.108977369099,530
550.706357422205,529
551.108977369099,528
551.94551131545,527
552.701309973447,526
553.189712657454,525
553.402619946894,524
553.298690026553,523
553.353178711102,522
553.755798657997,521
554.244201342003,520
554.755798657997,519
555.244201342003,518
555.646821288897,517
555.592332604348,516
554.94551131545,515
554.05448868455,514.05448868455
553.353178711102,513.353178711102
553.248407643312,510.955414012739
553.248407643312,509.171974522293
551.464968152866,505.605095541401
551.464968152866,503.821656050956
551.464968152866,502.03821656051
551.464968152866,500.254777070064
549.68152866242,498.471337579618
549.68152866242,496.687898089172
549.68152866242,494.904458598726
549.68152866242,493.12101910828
549.68152866242,491.337579617835
549.68152866242,489.554140127389
549.68152866242,487.770700636943
549.68152866242,485.987261146497
549.68152866242,484.203821656051
549.68152866242,482.420382165605
549.68152866242,480.636942675159
549.68152866242,478.853503184713
549.68152866242,477.070063694268
549.68152866242,475.286624203822
549.68152866242,473.503184713376
549.68152866242,471.71974522293
549.68152866242,469.936305732484
542.547770700637,439.617834394905
537.197452229299,409.299363057325
535.414012738854,407.515923566879
535.414012738854,405.732484076433
535.414012738854,403.949044585987
533.630573248408,403.949044585987
517.579617834395,391.464968152866
503.312101910828,380.764331210191
499.745222929936,377.1974522293
497.96178343949,375.414012738854
497.96178343949,373.630573248408
496.178343949044,373.630573248408
494.394904458599,373.630573248408
492.611464968153,373.630573248408
490.828025477707,371.847133757962
489.044585987261,371.847133757962
487.261146496815,371.847133757962
485.477707006369,370.063694267516
483.694267515924,370.063694267516
481.910828025478,370.063694267516
480.127388535032,370.063694267516
478.343949044586,368.28025477707
476.56050955414,368.28025477707
474.777070063694,368.28025477707
474.777070063694,366.496815286624
472.993630573248,366.496815286624
471.210191082802,364.713375796178
469.426751592357,364.713375796178
467.643312101911,362.929936305733
465.859872611465,362.929936305733
465.859872611465,361.146496815287
464.076433121019,361.146496815287
462.292993630573,361.146496815287
460.509554140127,359.363057324841
458.726114649682,359.363057324841
456.942675159236,359.363057324841
455.15923566879,357.579617834395
453.375796178344,357.579617834395
451.592356687898,357.579617834395
451.592356687898,355.796178343949
449.808917197452,355.796178343949
448.025477707006,355.796178343949
446.24203821656,354.012738853503
444.458598726115,354.012738853503
442.675159235669,352.229299363058
440.891719745223,352.229299363058
439.108280254777,350.445859872612
439.108280254777,348.662420382166
437.324840764331,348.662420382166
437.324840764331,346.87898089172
430.191082802548,341.528662420382
423.057324840764,334.394904458599
423.057324840764,332.611464968153
421.273885350318,332.611464968153
419.490445859872,325.47770700637
419.490445859872,318.343949044586
419.490445859872,316.56050955414
419.490445859872,314.777070063695
419.490445859872,312.993630573249
419.490445859872,311.210191082803
419.490445859872,309.426751592357
419.490445859872,307.643312101911
419.490445859872,305.859872611465
419.490445859872,304.076433121019
419.490445859872,302.292993630573
419.490445859872,300.509554140127
419.490445859872,298.726114649682
421.273885350318,296.942675159236
421.273885350318,295.15923566879
423.057324840764,295.15923566879
423.057324840764,293.375796178344
424.84076433121,291.592356687898
424.84076433121,289.808917197453
426.624203821656,289.808917197453
426.624203821656,288.025477707007
428.407643312102,288.025477707007
430.191082802548,286.242038216561
430.191082802548,284.458598726115
431.974522292994,284.458598726115
431.974522292994,282.675159235669
431.974522292994,280.891719745223
433.75796178344,280.891719745223
435.541401273885,279.108280254777
437.324840764331,277.324840764331
439.108280254777,275.541401273886
440.891719745223,273.75796178344
442.675159235669,273.75796178344
442.675159235669,271.974522292994
444.458598726115,271.974522292994
444.458598726115,270.191082802548
446.24203821656,268.407643312102
448.025477707006,268.407643312102
448.025477707006,266.624203821656
449.808917197452,266.624203821656
449.808917197452,264.84076433121
451.592356687898,264.84076433121
453.375796178344,263.057324840765
455.15923566879,263.057324840765
456.942675159236,261.273885350319
458.726114649682,261.273885350319
460.509554140127,261.273885350319
462.292993630573,261.273885350319
464.076433121019,261.273885350319
465.859872611465,259.490445859873
467.643312101911,259.490445859873
469.426751592357,259.490445859873
471.210191082802,259.490445859873
472.993630573248,259.490445859873
474.777070063694,257.707006369427
476.56050955414,257.707006369427
478.343949044586,257.707006369427
480.127388535032,257.707006369427
480.127388535032,255.923566878981
481.910828025478,255.923566878981
481.910828025478,255.923566878981
483.694267515924,255.923566878981
485.477707006369,255.923566878981
487.261146496815,255.923566878981
489.044585987261,255.923566878981
490.828025477707,255.923566878981
492.611464968153,255.923566878981
494.394904458599,255.923566878981
496.178343949044,255.923566878981
497.96178343949,255.923566878981
499.745222929936,255.923566878981
501.528662420382,255.923566878981
503.312101910828,255.923566878981
505.095541401274,255.923566878981
508.662420382166,254.140127388535
510.445859872611,254.140127388535
514.012738853503,254.140127388535
517.579617834395,254.140127388535
519.363057324841,254.140127388535
521.146496815287,254.140127388535
522.929936305732,254.140127388535
524.713375796178,254.140127388535
526.496815286624,254.140127388535
528.28025477707,254.140127388535
530.063694267516,254.140127388535
531.847133757962,254.140127388535
533.630573248408,254.140127388535
535.414012738854,254.140127388535
537.197452229299,254.140127388535
538.980891719745,254.140127388535
540.764331210191,254.140127388535
542.547770700637,254.140127388535
544.331210191083,254.140127388535
546.114649681529,254.140127388535
547.898089171974,254.140127388535
549.68152866242,254.140127388535
551.464968152866,254.140127388535
553.248407643312,254.140127388535
555.031847133758,254.140127388535
556.815286624204,254.140127388535
558.59872611465,254.140127388535
558.59872611465,254.140127388535
560.353178711102,253.353178711103
561.05448868455,254.05448868455
562,255
562.94551131545,256
563.701309973447,257
564.298690026553,258
565.05448868455,259
566,260
567,261
568,261.94551131545
569,262.646821288897
570,263
571,263.353178711102
572,263.94551131545
573,264.402619946894
574,264.488402684006
575,264.511597315994
576,264.597380053106
577,265
578,265.402619946894
579,265.542891368556
580,265.810287342546
581,266.244201342003
582,266.646821288897
583,266.701309973447
584,266.651868737655
585,267
586,267.402619946894
587,267.597380053106
588,268.05448868455
588.94551131545,268.701309973447
589.701309973447,269.298690026553
590.298690026553,270
591.05448868455,270.592332604348
592,270.646821288897
593,270.298690026553
594,270.108977369099
595,270.298690026553
596,270.646821288897
596.94551131545,270.646821288897
597.646821288898,270.298690026553
599.617834394904,270.191082802548
601.40127388535,271.974522292994
603.184713375796,271.974522292994
604.968152866242,273.75796178344
606.751592356688,273.75796178344
608.535031847134,275.541401273886
610.31847133758,275.541401273886
612.101910828026,275.541401273886
612.101910828026,277.324840764331
613.885350318471,277.324840764331
615.668789808917,277.324840764331
617.452229299363,277.324840764331
619.235668789809,277.324840764331
619.235668789809,279.108280254777
621.019108280255,279.108280254777
622.802547770701,279.108280254777
624.585987261146,279.108280254777
626.369426751592,280.891719745223
628.152866242038,280.891719745223
629.936305732484,280.891719745223
631.71974522293,282.675159235669
633.503184713376,282.675159235669
635.286624203822,282.675159235669
637.070063694268,282.675159235669
638.853503184713,282.675159235669
640.636942675159,284.458598726115
642.420382165605,284.458598726115
644.203821656051,284.458598726115
645.987261146497,284.458598726115
647.770700636943,284.458598726115
649.554140127388,284.458598726115
651.337579617834,284.458598726115
654.904458598726,284.458598726115
656.687898089172,284.458598726115
658.471337579618,284.458598726115
660.254777070064,284.458598726115
662.03821656051,286.242038216561
663.821656050955,286.242038216561
665.605095541401,286.242038216561
665.605095541401,288.025477707007
669.171974522293,288.025477707007
670.955414012739,288.025477707007
672.738853503185,289.808917197453
674.52229299363,289.808917197453
676.305732484076,291.592356687898
678.089171974522,291.592356687898
679.872611464968,291.592356687898
681.656050955414,293.375796178344
683.43949044586,293.375796178344
685.222929936306,293.375796178344
685.222929936306,295.15923566879
687.006369426752,295.15923566879
688.789808917197,295.15923566879
690.573248407643,295.15923566879
692.356687898089,295.15923566879
694.140127388535,296.942675159236
695.923566878981,296.942675159236
697.707006369427,296.942675159236
699.490445859872,296.942675159236
701.273885350318,296.942675159236
703.057324840764,298.726114649682
704.84076433121,298.726114649682
706.624203821656,298.726114649682
708.407643312102,298.726114649682
710.191082802548,300.509554140127
713.75796178344,302.292993630573
715.541401273885,302.292993630573
717.324840764331,304.076433121019
719.108280254777,304.076433121019
720.891719745223,304.076433121019
722.675159235669,304.076433121019
724.458598726115,305.859872611465
726.24203821656,305.859872611465
726.24203821656,307.643312101911
728.025477707006,307.643312101911
729.808917197452,307.643312101911
731.592356687898,309.426751592357
733.375796178344,309.426751592357
735.15923566879,311.210191082803
736.942675159236,311.210191082803
738.726114649682,311.210191082803
738.726114649682,312.993630573249
740.509554140127,312.993630573249
742.292993630573,312.993630573249
744.076433121019,314.777070063695
745.859872611465,314.777070063695
747.643312101911,314.777070063695
747.643312101911,316.56050955414
749.426751592357,316.56050955414
749.426751592357,318.343949044586
751.210191082802,318.343949044586
751.210191082802,320.127388535032
752.993630573248,320.127388535032
754.777070063694,321.910828025478
756.56050955414,321.910828025478
758.343949044586,323.694267515924
760.127388535032,323.694267515924
761.910828025478,323.694267515924
761.910828025478,325.47770700637
763.694267515924,325.47770700637
763.694267515924,327.261146496815
765.477707006369,327.261146496815
767.261146496815,329.044585987261
767.261146496815,330.828025477707
769.044585987261,330.828025477707
769.044585987261,332.611464968153
770.828025477707,332.611464968153
770.828025477707,334.394904458599
772.611464968153,336.178343949045
774.394904458599,337.961783439491
774.394904458599,339.745222929937
776.178343949044,339.745222929937
776.178343949044,341.528662420382
777.96178343949,343.312101910828
777.96178343949,345.095541401274
777.96178343949,346.87898089172
779.745222929936,346.87898089172
779.745222929936,348.662420382166
779.745222929936,350.445859872612
779.745222929936,352.229299363058
781.528662420382,352.229299363058
781.528662420382,354.012738853503
781.528662420382,355.796178343949
781.528662420382,357.579617834395
781.528662420382,359.363057324841
781.528662420382,361.146496815287
781.528662420382,362.929936305733
781.528662420382,364.713375796178
783.312101910828,366.496815286624
783.312101910828,368.28025477707
783.312101910828,370.063694267516
783.312101910828,371.847133757962
783.312101910828,373.630573248408
783.312101910828,375.414012738854
785.095541401274,375.414012738854
785.095541401274,377.1974522293
785.095541401274,378.980891719745
785.095541401274,380.764331210191
785.095541401274,382.547770700637
786.87898089172,384.331210191083
786.87898089172,386.114649681529
786.87898089172,387.898089171975
786.87898089172,389.681528662421
786.87898089172,391.464968152866
788.662420382166,393.248407643312
788.662420382166,395.031847133758
788.662420382166,396.815286624204
788.662420382166,398.59872611465
788.662420382166,400.382165605096
788.662420382166,402.165605095542
788.662420382166,403.949044585987
788.662420382166,405.732484076433
788.662420382166,407.515923566879
788.662420382166,409.299363057325
790.445859872611,411.082802547771
790.445859872611,412.866242038217
790.445859872611,414.649681528663
790.445859872611,416.433121019108
790.445859872611,418.216560509554
790.445859872611,420
790.445859872611,421.783439490446
790.445859872611,423.566878980892
790.445859872611,425.350318471338
790.445859872611,427.133757961784
790.445859872611,428.91719745223
792.229299363057,430.700636942675
792.229299363057,432.484076433121
792.229299363057,434.267515923567
792.229299363057,436.050955414013
792.229299363057,437.834394904459
792.229299363057,439.617834394905
792.229299363057,441.401273885351
792.229299363057,443.184713375796
792.229299363057,444.968152866242
792.229299363057,452.101910828026
792.229299363057,459.235668789809
792.229299363057,461.019108280255
792.229299363057,462.802547770701
792.229299363057,464.585987261147
794.012738853503,464.585987261147
794.012738853503,466.369426751593
794.012738853503,468.152866242038
797.579617834395,484.203821656051
801.146496815287,498.471337579618
801.146496815287,500.254777070064
802.929936305732,503.821656050956
802.929936305732,507.388535031847
802.929936305732,509.171974522293
802.929936305732,514.522292993631
802.929936305732,516.305732484077
804.713375796178,518.089171974523
804.713375796178,519.872611464968
804.713375796178,521.656050955414
804.713375796178,523.43949044586
804.713375796178,525.222929936306
811.847133757962,548.407643312102
818.980891719745,571.592356687898
818.980891719745,573.375796178344
820.764331210191,576.942675159236
820.764331210191,578.726114649682
822.547770700637,580.509554140128
822.547770700637,584.076433121019
824.331210191083,584.076433121019
824.331210191083,585.859872611465
824.331210191083,587.643312101911
826.114649681529,589.426751592357
826.114649681529,591.210191082803
826.114649681529,592.993630573249
827.898089171974,592.993630573249
827.898089171974,594.777070063694
829.68152866242,594.777070063694
831.464968152866,594.777070063694
833.248407643312,596.56050955414
833.248407643312,598.343949044586
835.031847133758,598.343949044586
836.815286624204,600.127388535032
836.815286624204,600.127388535032
838.353178711102,601.353178711102
839,602.05448868455
839.701309973447,603
840.244201342003,604
840.755798657997,605
841.298690026553,605.94551131545
842.054488684549,606.701309973447
843,607.244201342003
843.94551131545,607.755798657997
844.646821288897,608.298690026553
844.94551131545,609.05448868455
845.05448868455,610
845.298690026553,611
845.701309973447,611.94551131545
845.94551131545,612.646821288898
847.515923566879,612.611464968153
849.299363057325,614.394904458599
851.082802547771,616.178343949045
852.866242038216,616.178343949045
854.649681528662,617.961783439491
856.433121019108,617.961783439491
858.216560509554,619.745222929937
860,619.745222929937
861.783439490446,621.528662420382
863.566878980892,621.528662420382
863.566878980892,623.312101910828
865.350318471338,623.312101910828
865.350318471338,625.095541401274
867.133757961783,625.095541401274
868.917197452229,625.095541401274
868.917197452229,626.87898089172
868.917197452229,628.662420382166
870.700636942675,628.662420382166
872.484076433121,630.445859872612
874.267515923567,630.445859872612
874.267515923567,632.229299363058
876.050955414013,632.229299363058
877.834394904458,634.012738853503
879.617834394904,634.012738853503
881.40127388535,634.012738853503
881.40127388535,635.796178343949
883.184713375796,635.796178343949
884.968152866242,637.579617834395
886.751592356688,637.579617834395
888.535031847134,637.579617834395
890.31847133758,639.363057324841
892.101910828026,639.363057324841
892.101910828026,641.146496815287
893.885350318471,641.146496815287
895.668789808917,641.146496815287
897.452229299363,641.146496815287
897.452229299363,642.929936305733
899.235668789809,642.929936305733
901.019108280255,642.929936305733
901.019108280255,644.713375796179
902.802547770701,644.713375796179
904.585987261146,644.713375796179
904.585987261146,646.496815286624
906.369426751592,646.496815286624
908.152866242038,646.496815286624
909.936305732484,646.496815286624
911.71974522293,646.496815286624
913.503184713376,648.28025477707
915.286624203822,648.28025477707
917.070063694268,648.28025477707
918.853503184713,648.28025477707
920.636942675159,648.28025477707
922.420382165605,648.28025477707
924.203821656051,648.28025477707
925.987261146497,648.28025477707
927.770700636943,648.28025477707
929.554140127388,648.28025477707
931.337579617834,648.28025477707
933.12101910828,648.28025477707
933.12101910828,648.28025477707
924.203821656051,122.165605095542
922.646821288898,120.94551131545
921.94551131545,120.701309973447
921,120.353178711103
920,120.298690026553
919,120.348131262345
918,120
917,119.706357422205
916,120.05448868455
915,120.646821288897
914,120.891022630901
913,120.755798657997
912,120.597380053106
911,120.810287342546
910,121.189712657454
909,121.348131262345
908,121
907,120.597380053106
906,120.511597315994
905,120.597380053106
904,121.05448868455
903,121.592332604348
902,121.592332604348
901,121.05448868455
900,120.597380053106
899,120.511597315994
898,120.542891368556
897,120.701309973447
896,120.646821288897
895,120.244201342003
894,119.755798657997
893,119.298690026553
892,119.05448868455
891,119
890,118.94551131545
889,118.755798657997
888,118.542891368556
887,118.457108631444
886,118.189712657454
885,117.810287342546
884,117.651868737655
883,118
882,118.402619946894
881.05448868455,118.542891368556
880.353178711102,118.755798657997
877.834394904458,118.59872611465
876.050955414013,118.59872611465
874.267515923567,118.59872611465
872.484076433121,118.59872611465
870.700636942675,118.59872611465
868.917197452229,118.59872611465
867.133757961783,118.59872611465
865.350318471338,118.59872611465
863.566878980892,118.59872611465
861.783439490446,118.59872611465
860,118.59872611465
858.216560509554,118.59872611465
856.433121019108,118.59872611465
854.649681528662,116.815286624204
852.866242038216,116.815286624204
851.082802547771,116.815286624204
849.299363057325,116.815286624204
847.515923566879,116.815286624204
845.732484076433,116.815286624204
843.949044585987,116.815286624204
842.165605095541,116.815286624204
840.382165605096,116.815286624204
838.59872611465,116.815286624204
836.815286624204,116.815286624204
833.248407643312,116.815286624204
831.464968152866,116.815286624204
829.68152866242,116.815286624204
827.898089171974,116.815286624204
826.114649681529,116.815286624204
824.331210191083,116.815286624204
822.547770700637,116.815286624204
820.764331210191,116.815286624204
818.980891719745,116.815286624204
818.980891719745,116.815286624204
817.646821288898,117.94551131545
816.94551131545,117.755798657997
816,117.542891368556
815,117.402619946894
814,116.94551131545
813,116.298690026553
812,115.701309973447
811,115.05448868455
810,114.706357422205
809,115
808,115.402619946894
807.05448868455,115.597380053106
806.353178711102,116.05448868455
806.05448868455,116.646821288897
