3709.18367346939,1173.4693877551
3707.6468212889,1174.05448868455
3706.94551131545,1174.3531787111
3706,1175.05448868455
3705,1175.8910226309
3704,1176.34813126234
3703,1176.244201342
3702,1176.1089773691
3701,1176.3531787111
3700,1177.05448868455
3699,1178
3698,1179
3697,1180
3696,1180.8910226309
3695,1181.40261994689
3694,1181.48840268401
3693,1181.40261994689
3692,1181
3691,1180.70635742221
3690,1181.05448868455
3689,1181.59233260435
3688,1181.70130997345
3687,1181.59738005311
3686,1181.81028734255
3685,1182.29869002655
3684,1183
3683,1183.70130997345
3682,1184.244201342
3681,1184.755798658
3680,1185.29869002655
3679,1186.05448868455
3678,1186.8910226309
3677,1187.29364257779
3676,1186.94551131545
3675,1186.40766739565
3674,1186.29869002655
3673,1186.34813126234
3672,1186
3671,1185.59738005311
3670,1185.51159731599
3669,1185.48840268401
3668,1185.51159731599
3667,1185.59738005311
3666,1186.05448868455
3665,1186.59233260435
3664,1186.59233260435
3663,1185.94551131545
3662,1185
3661,1184.05448868455
3660,1183.29869002655
3659,1182.81028734255
3658,1182.65186873766
3657,1183
3656,1183.29364257779
3655,1182.8910226309
3654,1182
3653,1181
3652,1180.05448868455
3651,1179.29869002655
3650,1178.70130997345
3649,1178
3648,1177.40766739565
3647,1177.29869002655
3646,1177.40261994689
3645,1177.18971265745
3644,1176.70130997345
3643,1175.94551131545
3642,1175
3641,1174.05448868455
3640,1173.40766739565
3639,1173.40766739565
3638,1173.94551131545
3637,1174.2936425778
3636,1174
3635,1173.7063574222
3634,1174.05448868455
3633,1174.59233260435
3632,1174.70130997345
3631,1174.59738005311
3630,1174.755798658
3629,1174.8910226309
3628,1174.6468212889
3627,1174.05448868455
3626,1173.59738005311
3625,1173.40261994689
3624,1172.8910226309
3623,1172
3622,1171.05448868455
3621,1170.40766739565
3620,1170.40766739565
3619,1171.05448868455
3618,1171.94551131545
3617,1172.70130997345
3616,1173.18971265745
3615,1173.34813126234
3614,1173
3613,1172.59738005311
3612,1172.45710863144
3611,1172.18971265745
3610,1171.70130997345
3609,1171
3608,1170.3531787111
3607,1170.1089773691
3606,1170.244201342
3605,1170.45710863144
3604,1170.48840268401
3603,1170.40261994689
3602,1169.8910226309
3601,1169
3600,1168.05448868455
3599,1167.3531787111
3598,1167.1089773691
3597,1167.29869002655
3596,1167.6468212889
3595,1167.59233260435
3594,1166.94551131545
3593,1166.05448868455
3592,1165.40766739565
3591,1165.3531787111
3590,1165.755798658
3589,1166.244201342
3588,1166.70130997345
3587,1167
3586,1167.244201342
3585,1167.40261994689
3584,1167.18971265745
3583,1166.81028734255
3582,1166.54289136856
3581,1166.51159731599
3580,1166.48840268401
3579,1166.45710863144
3578,1166.29869002655
3577,1166.29869002655
3576,1166.45710863144
3575,1166.59738005311
3574,1167
3573,1167.29364257779
3572,1166.94551131545
3571,1166.3531787111
3570,1166.05448868455
3569,1166
3568,1165.94551131545
3567,1165.6468212889
3566,1164.94551131545
3565,1164.1089773691
3564,1163.59738005311
3563,1163.51159731599
3562,1163.59738005311
3561,1164
3560,1164.34813126234
3559,1164.18971265745
3558,1163.755798658
3557.05448868455,1163.29869002655
3556.3531787111,1163.05448868455
3545.91836734694,1163.26530612245
3535.71428571429,1153.0612244898
3525.51020408163,1153.0612244898
3525.51020408163,1142.85714285714
3515.30612244898,1142.85714285714
3505.10204081633,1142.85714285714
3494.89795918367,1142.85714285714
3494.89795918367,1132.65306122449
3484.69387755102,1132.65306122449
3474.48979591837,1132.65306122449
3464.28571428571,1132.65306122449
3454.08163265306,1132.65306122449
3454.08163265306,1122.44897959184
3443.87755102041,1122.44897959184
3433.67346938775,1122.44897959184
3423.4693877551,1122.44897959184
3413.26530612245,1112.24489795918
3403.0612244898,1112.24489795918
3392.85714285714,1112.24489795918
3382.65306122449,1112.24489795918
3372.44897959184,1102.04081632653
3362.24489795918,1102.04081632653
3352.04081632653,1102.04081632653
3341.83673469388,1102.04081632653
3341.83673469388,1091.83673469388
3331.63265306123,1081.63265306123
3321.42857142857,1081.63265306123
3311.22448979592,1071.42857142857
3301.02040816326,1071.42857142857
3290.81632653061,1071.42857142857
3280.61224489796,1071.42857142857
3270.40816326531,1061.22448979592
3260.20408163265,1061.22448979592
3250,1061.22448979592
3239.79591836735,1061.22448979592
3229.59183673469,1061.22448979592
3219.38775510204,1061.22448979592
3209.18367346939,1051.02040816327
3198.97959183674,1051.02040816327
3188.77551020408,1051.02040816327
3178.57142857143,1051.02040816327
3168.36734693877,1051.02040816327
3158.16326530612,1051.02040816327
3147.95918367347,1040.81632653061
3137.75510204082,1040.81632653061
3127.55102040816,1040.81632653061
3117.34693877551,1040.81632653061
3107.14285714286,1040.81632653061
3096.9387755102,1040.81632653061
3086.73469387755,1040.81632653061
3076.5306122449,1040.81632653061
3066.32653061224,1030.61224489796
3056.12244897959,1030.61224489796
3045.91836734694,1030.61224489796
3035.71428571429,1030.61224489796
3025.51020408163,1030.61224489796
3025.51020408163,1020.40816326531
3015.30612244898,1020.40816326531
3005.10204081633,1020.40816326531
2994.89795918367,1020.40816326531
2984.69387755102,1020.40816326531
2974.48979591837,1020.40816326531
2964.28571428571,1020.40816326531
2954.08163265306,1020.40816326531
2943.87755102041,1020.40816326531
2933.67346938775,1020.40816326531
2923.4693877551,1010.20408163265
2913.26530612245,1010.20408163265
2903.0612244898,1010.20408163265
2892.85714285714,1010.20408163265
2882.65306122449,1010.20408163265
2872.44897959184,1010.20408163265
2862.24489795918,1000
2852.04081632653,1000
2841.83673469388,1000
2831.63265306123,1000
2821.42857142857,1000
2811.22448979592,989.795918367347
2801.02040816326,989.795918367347
2790.81632653061,989.795918367347
2780.61224489796,989.795918367347
2770.40816326531,989.795918367347
2760.20408163265,989.795918367347
2750,989.795918367347
2739.79591836735,989.795918367347
2729.59183673469,989.795918367347
2729.59183673469,989.795918367347
2728.94551131545,988.646821288897
2728.6468212889,987.94551131545
2727.94551131545,987
2727,986.108977369099
2726,985.706357422205
2725,986.054488684549
2724,986.592332604348
2723,986.592332604348
2722,985.94551131545
2721,985.054488684549
2720,984.298690026553
2719,983.755798657997
2718,983.244201342003
2717,982.701309973447
2716,981.94551131545
2715,981
2714,980
2713,979
2712,978.108977369099
2711,977.597380053106
2710,977.402619946894
2709,977
2708,976.706357422205
2707,977.108977369099
2706,977.891022630901
2705,978.293642577795
2704,977.891022630901
2703,977
2702,976
2701,975
2700,974
2699,973
2698,972
2697,971.108977369099
2696,970.706357422205
2695,971.05448868455
2694,971.701309973447
2693,972.189712657453
2692,972.457108631444
2691,972.542891368556
2690,972.701309973447
2689,972.592332604348
2688,972
2687,971.353178711102
2686,971.05448868455
2685,971.054488684549
2684,971.244201342003
2683,971.348131262344
2682,970.891022630901
2681,970
2680,969.108977369099
2679,968.597380053106
2678,968.402619946894
2677,967.891022630901
2676,967
2675,966
2674,965.108977369099
2673,964.597380053106
2672,964.402619946894
2671,963.891022630901
2670,963
2669,962
2668,961
2667,960.05448868455
2666,959.298690026553
2665,958.701309973447
2664,957.94551131545
2663,957.108977369099
2662,956.651868737655
2661,956.701309973447
2660,956.646821288897
2659,956.298690026553
2658,956.05448868455
2657,956.054488684549
2656,956.244201342003
2655,956.348131262345
2654,955.891022630901
2653,955
2652,954.108977369099
2651,953.651868737655
2650,953.701309973447
2649,953.646821288897
2648,953.353178711102
2647,953.407667395652
2646,954
2645,954.701309973447
2644,955.244201342003
2643,955.755798657997
2642,956.189712657453
2641,956.457108631444
2640,956.597380053106
2639,957.05448868455
2638,957.646821288897
2637,957.891022630901
2636,957.646821288897
2635,956.94551131545
2634,956
2633,955.05448868455
2632,954.407667395652
2631,954.353178711102
2630,954.646821288897
2629,954.701309973447
2628,954.542891368556
2627,954.402619946894
2626,954
2625,953.651868737655
2624,953.701309973447
2623,953.646821288897
2622,953.244201342003
2621,952.701309973447
2620,952.05448868455
2619,951.597380053106
2618,951.402619946894
2617,950.94551131545
2616,950.298690026553
2615,949.755798657997
2614,949.298690026553
2613,949.108977369099
2612,949.244201342003
2611,949.348131262345
2610,948.891022630901
2609,948.108977369099
2608,947.706357422205
2607,948.108977369099
2606,949
2605,949.94551131545
2604,950.701309973447
2603,951.189712657454
2602,951.457108631444
2601,951.597380053106
2600,952
2599,952.402619946894
2598,952.597380053106
2597,953.054488684549
2596,953.592332604348
2595,953.592332604348
2594,952.94551131545
2593,952.108977369099
2592,951.706357422205
2591,952.108977369099
2590,953
2589,953.94551131545
2588,954.701309973447
2587,955.244201342003
2586,955.646821288897
2585,955.646821288897
2584,955.244201342003
2583,954.755798657997
2582,954.244201342003
2581,953.701309973447
2580,952.94551131545
2579,952
2578,951
2577,950.108977369099
2576,949.597380053106
2575,949.457108631444
2574,949.189712657453
2573,948.810287342546
2572,948.651868737655
2571,949.108977369099
2570,949.891022630901
2569,950.293642577795
2568,949.891022630901
2567,949
2566,948
2565,947
2564,946.05448868455
2563,945.353178711103
2562,945.108977369099
2561,945.353178711102
2560,945.94551131545
2559,946.402619946894
2558,946.597380053106
2557.05448868455,947.108977369099
2556.3531787111,947.94551131545
2556.05448868455,948.646821288898
2545.91836734694,948.979591836735
2535.71428571429,948.979591836735
2525.51020408163,948.979591836735
2515.30612244898,948.979591836735
2505.10204081633,948.979591836735
2494.89795918367,948.979591836735
2484.69387755102,948.979591836735
2474.48979591837,948.979591836735
2464.28571428571,948.979591836735
2454.08163265306,948.979591836735
2443.87755102041,948.979591836735
2433.67346938775,948.979591836735
2423.4693877551,948.979591836735
2413.26530612245,948.979591836735
2403.0612244898,948.979591836735
2392.85714285714,948.979591836735
2392.85714285714,959.183673469388
2372.44897959184,959.183673469388
2362.24489795918,959.183673469388
2352.04081632653,959.183673469388
2341.83673469388,969.387755102041
2331.63265306122,969.387755102041
2321.42857142857,969.387755102041
2311.22448979592,969.387755102041
2301.02040816327,969.387755102041
2290.81632653061,969.387755102041
2280.61224489796,979.591836734695
2270.40816326531,979.591836734695
2260.20408163265,979.591836734695
2250,979.591836734695
2239.79591836735,989.795918367347
2229.59183673469,989.795918367347
2219.38775510204,989.795918367347
2198.97959183673,1000
2188.77551020408,1000
2178.57142857143,1000
2168.36734693877,1000
2158.16326530612,1000
2076.5306122449,1020.40816326531
1984.69387755102,1040.81632653061
1964.28571428571,1040.81632653061
1954.08163265306,1051.02040816327
1933.67346938776,1051.02040816327
1923.4693877551,1051.02040816327
1913.26530612245,1051.02040816327
1903.0612244898,1061.22448979592
1892.85714285714,1061.22448979592
1882.65306122449,1071.42857142857
1872.44897959184,1071.42857142857
1862.24489795918,1071.42857142857
1852.04081632653,1071.42857142857
1790.81632653061,1102.04081632653
1729.59183673469,1122.44897959184
1719.38775510204,1122.44897959184
1698.97959183673,1132.65306122449
1688.77551020408,1132.65306122449
1678.57142857143,1142.85714285714
1668.36734693877,1142.85714285714
1658.16326530612,1142.85714285714
1647.95918367347,1153.0612244898
1637.75510204082,1153.0612244898
1627.55102040816,1163.26530612245
1617.34693877551,1163.26530612245
1607.14285714286,1173.4693877551
1596.9387755102,1173.4693877551
1596.9387755102,1183.67346938776
1586.73469387755,1183.67346938776
1576.5306122449,1183.67346938776
1576.5306122449,1193.87755102041
1566.32653061224,1193.87755102041
1556.12244897959,1204.08163265306
1545.91836734694,1204.08163265306
1545.91836734694,1214.28571428571
1535.71428571429,1214.28571428571
1525.51020408163,1214.28571428571
1525.51020408163,1224.48979591837
1515.30612244898,1224.48979591837
1505.10204081633,1224.48979591837
1494.89795918367,1224.48979591837
1484.69387755102,1234.69387755102
1474.48979591837,1234.69387755102
1464.28571428571,1234.69387755102
1464.28571428571,1244.89795918367
1454.08163265306,1244.89795918367
1443.87755102041,1244.89795918367
1433.67346938776,1244.89795918367
1423.4693877551,1255.10204081633
1413.26530612245,1255.10204081633
1403.0612244898,1255.10204081633
1392.85714285714,1265.30612244898
1382.65306122449,1265.30612244898
1372.44897959184,1265.30612244898
1362.24489795918,1275.51020408163
1352.04081632653,1275.51020408163
1341.83673469388,1275.51020408163
1341.83673469388,1285.71428571429
1331.63265306122,1285.71428571429
1321.42857142857,1285.71428571429
1311.22448979592,1295.91836734694
1301.02040816327,1295.91836734694
1290.81632653061,1295.91836734694
1290.81632653061,1306.12244897959
1280.61224489796,1306.12244897959
1270.40816326531,1306.12244897959
1260.20408163265,1316.32653061225
1250,1316.32653061225
1239.79591836735,1316.32653061225
1229.59183673469,1316.32653061225
1219.38775510204,1326.5306122449
1209.18367346939,1326.5306122449
1198.97959183673,1326.5306122449
1188.77551020408,1326.5306122449
1188.77551020408,1336.73469387755
1178.57142857143,1336.73469387755
1158.16326530612,1336.73469387755
1147.95918367347,1336.73469387755
1137.75510204082,1346.93877551021
1127.55102040816,1346.93877551021
1117.34693877551,1346.93877551021
1117.34693877551,1357.14285714286
1107.14285714286,1357.14285714286
1096.9387755102,1357.14285714286
1086.73469387755,1357.14285714286
1076.5306122449,1367.34693877551
1066.32653061224,1367.34693877551
1056.12244897959,1367.34693877551
1045.91836734694,1377.55102040816
1035.71428571429,1377.55102040816
1025.51020408163,1377.55102040816
1025.51020408163,1387.75510204082
1015.30612244898,1387.75510204082
1005.10204081633,1397.95918367347
994.897959183673,1397.95918367347
994.897959183673,1408.16326530612
984.69387755102,1408.16326530612
974.489795918367,1418.36734693878
964.285714285714,1418.36734693878
964.285714285714,1428.57142857143
954.081632653061,1428.57142857143
943.877551020408,1438.77551020408
933.673469387755,1438.77551020408
933.673469387755,1448.97959183674
923.469387755102,1448.97959183674
923.469387755102,1459.18367346939
913.265306122449,1459.18367346939
913.265306122449,1469.38775510204
903.061224489796,1469.38775510204
892.857142857143,1469.38775510204
892.857142857143,1479.59183673469
882.65306122449,1489.79591836735
872.448979591836,1489.79591836735
872.448979591836,1500
862.244897959184,1500
852.04081632653,1510.20408163265
841.836734693878,1520.40816326531
831.632653061224,1520.40816326531
831.632653061224,1530.61224489796
821.428571428572,1530.61224489796
811.224489795918,1540.81632653061
811.224489795918,1551.02040816327
801.020408163266,1551.02040816327
801.020408163266,1561.22448979592
790.816326530612,1561.22448979592
790.816326530612,1571.42857142857
790.816326530612,1581.63265306123
780.612244897959,1581.63265306123
709.183673469388,1683.67346938776
607.142857142857,1785.71428571429
586.734693877551,1816.32653061225
566.326530612245,1836.73469387755
556.122448979591,1846.93877551021
556.122448979591,1857.14285714286
545.918367346939,1857.14285714286
545.918367346939,1867.34693877551
535.714285714285,1867.34693877551
525.510204081633,1877.55102040816
515.306122448979,1897.95918367347
505.102040816327,1897.95918367347
505.102040816327,1908.16326530612
494.897959183673,1918.36734693878
494.897959183673,1928.57142857143
494.897959183673,1938.77551020408
494.897959183673,1948.97959183674
484.693877551021,1959.18367346939
484.693877551021,1969.38775510204
474.489795918367,1979.59183673469
464.285714285714,1989.79591836735
464.285714285714,2000
454.081632653061,2010.20408163265
454.081632653061,2020.40816326531
443.877551020408,2030.61224489796
443.877551020408,2040.81632653061
433.673469387755,2051.02040816327
433.673469387755,2061.22448979592
423.469387755102,2071.42857142857
423.469387755102,2081.63265306123
423.469387755102,2091.83673469388
413.265306122449,2091.83673469388
413.265306122449,2102.04081632653
413.265306122449,2112.24489795918
403.061224489796,2112.24489795918
403.061224489796,2122.44897959184
403.061224489796,2132.65306122449
392.857142857143,2142.85714285714
392.857142857143,2153.0612244898
392.857142857143,2163.26530612245
382.65306122449,2163.26530612245
372.448979591836,2173.4693877551
372.448979591836,2183.67346938776
372.448979591836,2193.87755102041
362.244897959184,2204.08163265306
362.244897959184,2214.28571428572
362.244897959184,2224.48979591837
362.244897959184,2234.69387755102
362.244897959184,2244.89795918367
362.244897959184,2255.10204081633
362.244897959184,2265.30612244898
362.244897959184,2275.51020408163
362.244897959184,2285.71428571429
362.244897959184,2295.91836734694
362.244897959184,2306.12244897959
362.244897959184,2316.32653061225
362.244897959184,2326.5306122449
362.244897959184,2336.73469387755
362.244897959184,2346.93877551021
362.244897959184,2357.14285714286
362.244897959184,2367.34693877551
362.244897959184,2377.55102040816
362.244897959184,2387.75510204082
362.244897959184,2397.95918367347
372.448979591836,2408.16326530612
372.448979591836,2418.36734693878
372.448979591836,2428.57142857143
372.448979591836,2438.77551020408
372.448979591836,2448.97959183674
372.448979591836,2459.18367346939
372.448979591836,2469.38775510204
372.448979591836,2479.59183673469
382.65306122449,2489.79591836735
382.65306122449,2500
382.65306122449,2510.20408163265
382.65306122449,2520.40816326531
382.65306122449,2530.61224489796
382.65306122449,2540.81632653061
382.65306122449,2551.02040816327
382.65306122449,2561.22448979592
382.65306122449,2571.42857142857
382.65306122449,2581.63265306123
382.65306122449,2591.83673469388
382.65306122449,2602.04081632653
382.65306122449,2612.24489795918
382.65306122449,2622.44897959184
382.65306122449,2632.65306122449
392.857142857143,2642.85714285714
392.857142857143,2653.0612244898
392.857142857143,2663.26530612245
392.857142857143,2673.4693877551
392.857142857143,2683.67346938776
392.857142857143,2693.87755102041
392.857142857143,2704.08163265306
392.857142857143,2714.28571428572
392.857142857143,2724.48979591837
392.857142857143,2734.69387755102
392.857142857143,2744.89795918367
392.857142857143,2755.10204081633
392.857142857143,2765.30612244898
392.857142857143,2775.51020408163
392.857142857143,2785.71428571429
392.857142857143,2795.91836734694
392.857142857143,2806.12244897959
392.857142857143,2816.32653061225
392.857142857143,2826.5306122449
392.857142857143,2836.73469387755
392.857142857143,2846.93877551021
392.857142857143,2857.14285714286
392.857142857143,2867.34693877551
392.857142857143,2877.55102040816
392.857142857143,2887.75510204082
392.857142857143,2897.95918367347
392.857142857143,2908.16326530612
392.857142857143,2918.36734693878
392.857142857143,2928.57142857143
392.857142857143,2938.77551020408
392.857142857143,2948.97959183674
392.857142857143,2959.18367346939
392.857142857143,2969.38775510204
403.061224489796,2979.59183673469
403.061224489796,2989.79591836735
403.061224489796,3000
403.061224489796,3010.20408163265
403.061224489796,3030.61224489796
392.857142857143,3040.81632653061
392.857142857143,3051.02040816327
392.857142857143,3061.22448979592
392.857142857143,3071.42857142857
392.857142857143,3081.63265306123
382.65306122449,3091.83673469388
382.65306122449,3102.04081632653
382.65306122449,3112.24489795918
372.448979591836,3122.44897959184
372.448979591836,3132.65306122449
372.448979591836,3142.85714285714
362.244897959184,3153.0612244898
362.244897959184,3163.26530612245
362.244897959184,3173.4693877551
362.244897959184,3183.67346938776
372.448979591836,3193.87755102041
382.65306122449,3204.08163265306
382.65306122449,3214.28571428572
382.65306122449,3224.48979591837
382.65306122449,3234.69387755102
392.857142857143,3234.69387755102
392.857142857143,3244.89795918367
392.857142857143,3255.10204081633
392.857142857143,3265.30612244898
403.061224489796,3265.30612244898
403.061224489796,3275.51020408163
403.061224489796,3285.71428571429
403.061224489796,3295.91836734694
403.061224489796,3306.12244897959
403.061224489796,3316.32653061225
403.061224489796,3326.5306122449
403.061224489796,3336.73469387755
403.061224489796,3346.93877551021
403.061224489796,3357.14285714286
392.857142857143,3367.34693877551
392.857142857143,3367.34693877551
392.353178711102,3368.3531787111
393,3369.05448868455
393.701309973447,3370
394.298690026553,3371
395.05448868455,3372
395.891022630901,3373
396.402619946894,3374
396.488402684006,3375
396.402619946894,3376
395.94551131545,3377
395.353178711102,3378
395.05448868455,3379
395.05448868455,3380
395.298690026553,3381
395.755798657997,3382
396.298690026553,3383
396.94551131545,3384
397.348131262345,3385
397.244201342003,3386
397.108977369099,3387
397.353178711102,3388
398.05448868455,3389
398.94551131545,3390
399.701309973447,3391
400.244201342003,3392
400.755798657997,3393
401.298690026553,3394
401.94551131545,3395
402.402619946894,3396
402.542891368556,3397
402.755798657997,3398
402.94551131545,3399
403.05448868455,3400
403.298690026553,3401
403.701309973447,3402
404,3403
404.353178711102,3403.94551131545
405.05448868455,3404.70130997345
405.891022630901,3405.29869002655
406.402619946894,3406.05448868455
406.488402684006,3407
406.457108631444,3408
406.189712657454,3409
405.755798657997,3410
405.298690026553,3411
405,3412
404.701309973447,3413
404.298690026553,3414
404,3415
403.755798657997,3416
403.542891368556,3417
403.511597315994,3418
403.597380053106,3419
404.05448868455,3420
404.701309973447,3421
405.298690026553,3422
406.05448868455,3423
406.94551131545,3424
407.701309973447,3425
408.298690026553,3426
409.05448868455,3427
409.94551131545,3428
410.592332604348,3429
410.592332604348,3430
410.05448868455,3431
409.651868737655,3432
409.755798657997,3433
409.94551131545,3434
410.05448868455,3435
410.298690026553,3436
410.755798657997,3437
411.298690026553,3438
412.05448868455,3439
413,3440
414,3441
415,3442
415.891022630901,3443
416.348131262345,3444
416.189712657454,3445
415.701309973447,3446
415,3447
414.298690026553,3448
413.755798657997,3449
413.298690026553,3450
413.108977369099,3451
413.298690026553,3452
413.646821288897,3453
413.646821288897,3454
413.353178711102,3455
413.407667395652,3456
413.94551131545,3457
414.293642577795,3458
413.891022630901,3459
413.05448868455,3460
412.298690026553,3461
411.755798657997,3462
411.244201342003,3463
410.701309973447,3464
410.05448868455,3465
409.597380053106,3466
409.511597315993,3467
409.488402684006,3468
409.511597315993,3469
409.542891368556,3470
409.810287342546,3471
410.298690026553,3472
410.94551131545,3473
411.293642577795,3474
411,3475
410.706357422205,3476
411,3477
411.293642577795,3478
411,3479
410.651868737655,3480
410.701309973447,3481
410.701309973447,3482
410.597380053106,3483
410.701309973447,3484
410.646821288897,3485
410.244201342003,3486
409.755798657997,3487
409.353178711102,3488
409.353178711102,3489
409.755798657997,3490
410.298690026553,3491
410.94551131545,3492
411.402619946894,3493
411.488402684006,3494
411.457108631444,3495
411.189712657454,3496
410.701309973447,3497
409.94551131545,3498
409.05448868455,3499
408.298690026553,3500
407.755798657997,3501
407.244201342003,3502
406.810287342546,3503
406.542891368556,3504
406.511597315994,3505
406.488402684006,3506
406.402619946894,3507
406,3508
405.597380053106,3509
405.402619946894,3510
404.891022630901,3511
404,3512
403,3513
402.05448868455,3514
401.298690026553,3515
400.701309973447,3516
400,3517
399.353178711102,3518
399.05448868455,3519
399.05448868455,3520
399.298690026553,3521
399.701309973447,3522
399.94551131545,3523
399.94551131545,3524
399.755798657997,3525
399.542891368556,3526
399.511597315994,3527
399.488402684006,3528
399.511597315994,3529
399.488402684006,3530
399.457108631444,3531
399.298690026553,3532
399.407667395652,3533
399.94551131545,3534
400.402619946894,3535
400.488402684006,3536
400.511597315993,3537
400.597380053106,3538
401.108977369099,3539
402,3540
402.891022630901,3541
403.402619946894,3542
403.488402684006,3543
403.457108631444,3544
403.189712657454,3545
402.810287342546,3546
402.651868737655,3547
403.108977369099,3548
403.891022630901,3549
404.293642577795,3549.94551131545
403.94551131545,3550.6468212889
403.353178711103,3550.94551131545
403.061224489796,3561.22448979592
403.061224489796,3581.63265306123
403.061224489796,3591.83673469388
403.061224489796,3602.04081632653
403.061224489796,3612.24489795918
403.061224489796,3622.44897959184
403.061224489796,3632.65306122449
403.061224489796,3642.85714285714
403.061224489796,3663.26530612245
392.857142857143,3673.4693877551
392.857142857143,3683.67346938776
392.857142857143,3704.08163265306
392.857142857143,3714.28571428572
392.857142857143,3724.48979591837
392.857142857143,3734.69387755102
392.857142857143,3744.89795918367
392.857142857143,3755.10204081633
392.857142857143,3765.30612244898
382.65306122449,3765.30612244898
382.65306122449,3775.51020408163
382.65306122449,3785.71428571429
382.65306122449,3795.91836734694
382.65306122449,3806.12244897959
382.65306122449,3816.32653061225
382.65306122449,3826.5306122449
382.65306122449,3836.73469387755
382.65306122449,3846.93877551021
382.65306122449,3857.14285714286
382.65306122449,3867.34693877551
382.65306122449,3877.55102040816
382.65306122449,3897.95918367347
382.65306122449,3918.36734693878
382.65306122449,3928.57142857143
382.65306122449,3938.77551020408
382.65306122449,3948.97959183674
382.65306122449,3959.18367346939
382.65306122449,3969.38775510204
382.65306122449,3979.59183673469
382.65306122449,3989.79591836735
382.65306122449,4000
382.65306122449,4010.20408163265
382.65306122449,4020.40816326531
382.65306122449,4030.61224489796
382.65306122449,4040.81632653061
382.65306122449,4061.22448979592
382.65306122449,4071.42857142857
382.65306122449,4081.63265306123
382.65306122449,4091.83673469388
382.65306122449,4102.04081632653
382.65306122449,4122.44897959184
382.65306122449,4132.65306122449
382.65306122449,4142.85714285714
382.65306122449,4153.0612244898
382.65306122449,4163.26530612245
392.857142857143,4173.4693877551
392.857142857143,4193.87755102041
392.857142857143,4214.28571428572
392.857142857143,4224.48979591837
392.857142857143,4234.69387755102
392.857142857143,4244.89795918368
392.857142857143,4255.10204081633
392.857142857143,4275.51020408163
392.857142857143,4285.71428571429
392.857142857143,4306.12244897959
392.857142857143,4316.32653061225
392.857142857143,4326.5306122449
403.061224489796,4336.73469387755
403.061224489796,4346.93877551021
403.061224489796,4357.14285714286
403.061224489796,4367.34693877551
403.061224489796,4377.55102040816
403.061224489796,4387.75510204082
403.061224489796,4397.95918367347
403.061224489796,4408.16326530612
403.061224489796,4418.36734693878
403.061224489796,4438.77551020408
413.265306122449,4448.97959183674
413.265306122449,4459.18367346939
413.265306122449,4469.38775510204
413.265306122449,4479.59183673469
423.469387755102,4489.79591836735
423.469387755102,4500
423.469387755102,4510.20408163265
433.673469387755,4520.40816326531
433.673469387755,4530.61224489796
433.673469387755,4540.81632653061
443.877551020408,4551.02040816327
443.877551020408,4561.22448979592
443.877551020408,4571.42857142857
443.877551020408,4591.83673469388
454.081632653061,4602.04081632653
454.081632653061,4612.24489795918
454.081632653061,4622.44897959184
454.081632653061,4632.65306122449
454.081632653061,4642.85714285714
454.081632653061,4673.4693877551
454.081632653061,4714.28571428572
454.081632653061,4724.48979591837
464.285714285714,4744.89795918368
464.285714285714,4755.10204081633
464.285714285714,4765.30612244898
464.285714285714,4775.51020408163
464.285714285714,4785.71428571429
464.285714285714,4795.91836734694
464.285714285714,4806.12244897959
474.489795918367,4816.32653061225
474.489795918367,4826.5306122449
474.489795918367,4836.73469387755
484.693877551021,4846.93877551021
484.693877551021,4857.14285714286
494.897959183673,4857.14285714286
494.897959183673,4867.34693877551
505.102040816327,4877.55102040816
505.102040816327,4877.55102040816
504.05448868455,4879.3531787111
504.244201342003,4880.05448868455
504.457108631444,4881
504.597380053106,4882
505.108977369099,4883
505.94551131545,4884
506.701309973447,4885
507.298690026553,4886
508.05448868455,4887
508.94551131545,4888
509.701309973447,4889
510.189712657454,4890
510.457108631444,4891
510.597380053106,4892
511.108977369099,4893
511.94551131545,4894
512.701309973447,4895
513.298690026553,4896
514.05448868455,4897
515,4897.94551131545
515.94551131545,4898.70130997345
516.701309973447,4899.29869002655
517.298690026553,4900.05448868455
518.05448868455,4901
519,4902
519.94551131545,4903
520.701309973447,4904
521.298690026553,4904.8910226309
522.05448868455,4905.40261994689
523,4905.59738005311
524,4906.1089773691
525,4907
525.94551131545,4908
526.701309973447,4909
527.298690026553,4910
528,4911
528.701309973447,4912
529.298690026553,4913
530,4914
530.701309973447,4915
531.298690026553,4916
532,4917
532.701309973447,4918
533.244201342003,4919
533.755798657997,4920
534.298690026553,4921
535.05448868455,4922
536,4923
537,4924
537.94551131545,4925
538.592332604348,4926
538.646821288898,4927
538.298690026553,4928
538.108977369099,4929
538.244201342003,4930
538.348131262345,4931
538,4932
537.651868737655,4933
537.755798657997,4934
537.94551131545,4935
538.05448868455,4936
538.298690026553,4937
538.755798657997,4938
539.298690026553,4939
540,4940
540.701309973447,4941
541.189712657454,4942
541.348131262345,4943
541,4944
540.706357422205,4945
541.108977369099,4946
542,4947
543,4948
543.94551131545,4949
544.701309973447,4950
545.298690026553,4951
545.94551131545,4952
546.402619946894,4953
546.597380053106,4954
547.108977369099,4955
548,4956
548.94551131545,4957
549.592332604348,4958
549.646821288898,4959
549.353178711102,4960
549.298690026553,4961
549.457108631444,4962
549.597380053106,4963
550.108977369099,4964
550.94551131545,4965
551.592332604348,4966
551.592332604348,4967
551.05448868455,4968
550.597380053106,4969
550.511597315993,4970
550.597380053106,4971
551,4972
551.293642577795,4973
551,4974
550.651868737655,4975
550.701309973447,4976
550.646821288897,4977
550.353178711102,4978
550.353178711102,4979
550.646821288897,4980
550.646821288897,4981
550.353178711102,4982
550.298690026553,4983
550.348131262345,4984
549.891022630901,4985
549.05448868455,4986
548.298690026553,4987
547.810287342546,4988
547.597380053106,4989
547.810287342546,4990
548.189712657454,4991
548.457108631444,4992
548.597380053106,4993
549.108977369099,4994
549.891022630901,4995
550.293642577795,4996
549.891022630901,4997
549,4998
548.108977369099,4999
547.706357422205,5000
548.05448868455,5001
548.701309973447,5002
549.244201342003,5003
549.646821288898,5004
549.701309973447,5005
549.651868737655,5006
550.05448868455,5007
550.701309973447,5008
551.189712657454,5009
551.457108631444,5010
551.488402684006,5011
551.511597315994,5012
551.542891368556,5013
551.810287342546,5014
552.298690026553,5015
552.94551131545,5016
553.402619946894,5017
553.597380053106,5018
554.05448868455,5019
554.646821288897,5020
555,5021
555.244201342003,5022
555.348131262345,5023
555,5024
554.706357422205,5025
555,5026
555.402619946894,5027
555.488402684006,5028
555.511597315993,5029
555.488402684006,5030
555.402619946894,5031
555,5032
554.706357422205,5032.94551131545
555.108977369099,5033.70130997345
556,5034.244201342
557,5034.755798658
558,5035.29869002655
559,5036.05448868455
560,5037
561,5038
562,5039
563,5040
564,5041
564.891022630901,5042
565.402619946894,5043
565.488402684006,5044
565.511597315993,5045
565.597380053106,5046
566.108977369099,5047
567,5048
567.94551131545,5049
568.592332604348,5050
568.701309973447,5051
568.651868737655,5052
569.05448868455,5053
569.701309973447,5054
570.244201342003,5055
570.755798657997,5056
571.244201342003,5057
571.755798657997,5058
572.244201342003,5059
572.755798657997,5060
573.298690026553,5060.94551131545
574.05448868455,5061.70130997345
575,5062.244201342
576,5062.755798658
577,5063.244201342
578,5063.755798658
578.94551131545,5064.29869002655
579.701309973447,5065.05448868455
580.189712657454,5066
580.348131262345,5067
579.94551131545,5068
579.298690026553,5069
578.701309973447,5069.94551131545
578,5070.6468212889
577.353178711102,5070.94551131545
576.530612244897,5081.63265306123
576.530612244897,5102.04081632653
586.734693877551,5112.24489795918
586.734693877551,5122.44897959184
596.938775510204,5132.65306122449
596.938775510204,5142.85714285714
607.142857142857,5153.0612244898
607.142857142857,5163.26530612245
607.142857142857,5173.4693877551
617.34693877551,5183.67346938776
617.34693877551,5193.87755102041
617.34693877551,5204.08163265306
627.551020408163,5214.28571428572
627.551020408163,5224.48979591837
627.551020408163,5234.69387755102
637.755102040816,5244.89795918368
637.755102040816,5255.10204081633
647.959183673469,5265.30612244898
647.959183673469,5275.51020408163
658.163265306122,5285.71428571429
668.367346938775,5295.91836734694
668.367346938775,5306.12244897959
668.367346938775,5316.32653061225
678.571428571428,5336.73469387755
688.775510204082,5346.93877551021
688.775510204082,5357.14285714286
698.979591836734,5367.34693877551
698.979591836734,5377.55102040816
709.183673469388,5387.75510204082
709.183673469388,5397.95918367347
719.387755102041,5408.16326530612
719.387755102041,5418.36734693878
719.387755102041,5428.57142857143
729.591836734694,5438.77551020408
729.591836734694,5448.97959183674
739.795918367347,5459.18367346939
739.795918367347,5469.38775510204
750,5479.59183673469
750,5489.79591836735
750,5500
750,5510.20408163265
760.204081632653,5520.40816326531
760.204081632653,5530.61224489796
770.408163265306,5551.02040816327
770.408163265306,5561.22448979592
780.612244897959,5571.42857142857
790.816326530612,5581.63265306123
790.816326530612,5591.83673469388
801.020408163266,5602.04081632653
801.020408163266,5612.24489795919
801.020408163266,5622.44897959184
811.224489795918,5622.44897959184
811.224489795918,5632.65306122449
821.428571428572,5642.85714285714
831.632653061224,5653.0612244898
841.836734693878,5663.26530612245
852.04081632653,5673.4693877551
852.04081632653,5683.67346938776
862.244897959184,5683.67346938776
862.244897959184,5693.87755102041
872.448979591836,5693.87755102041
872.448979591836,5704.08163265306
882.65306122449,5714.28571428572
882.65306122449,5724.48979591837
892.857142857143,5734.69387755102
892.857142857143,5744.89795918368
903.061224489796,5755.10204081633
913.265306122449,5755.10204081633
913.265306122449,5765.30612244898
923.469387755102,5765.30612244898
923.469387755102,5775.51020408163
933.673469387755,5785.71428571429
933.673469387755,5795.91836734694
943.877551020408,5806.12244897959
954.081632653061,5816.32653061225
954.081632653061,5826.5306122449
964.285714285714,5836.73469387755
964.285714285714,5846.93877551021
974.489795918367,5846.93877551021
974.489795918367,5857.14285714286
974.489795918367,5867.34693877551
984.69387755102,5877.55102040816
984.69387755102,5887.75510204082
994.897959183673,5897.95918367347
994.897959183673,5908.16326530612
1005.10204081633,5918.36734693878
1015.30612244898,5928.57142857143
1015.30612244898,5938.77551020408
1025.51020408163,5948.97959183674
1025.51020408163,5959.18367346939
1035.71428571429,5969.38775510204
1045.91836734694,5979.59183673469
1056.12244897959,5979.59183673469
1056.12244897959,5989.79591836735
1066.32653061224,5989.79591836735
1066.32653061224,6000
1076.5306122449,6010.20408163265
1086.73469387755,6010.20408163265
1086.73469387755,6020.40816326531
1096.9387755102,6020.40816326531
1107.14285714286,6030.61224489796
1117.34693877551,6040.81632653061
1127.55102040816,6051.02040816327
1127.55102040816,6061.22448979592
1137.75510204082,6071.42857142857
1147.95918367347,6081.63265306123
1147.95918367347,6091.83673469388
1158.16326530612,6091.83673469388
1168.36734693877,6102.04081632653
1178.57142857143,6112.24489795919
1188.77551020408,6122.44897959184
1198.97959183673,6132.65306122449
1209.18367346939,6142.85714285714
1219.38775510204,6142.85714285714
1229.59183673469,6153.0612244898
1239.79591836735,6163.26530612245
1250,6173.4693877551
1260.20408163265,6173.4693877551
1270.40816326531,6183.67346938776
1280.61224489796,6183.67346938776
1290.81632653061,6193.87755102041
1301.02040816327,6193.87755102041
1311.22448979592,6204.08163265306
1321.42857142857,6214.28571428572
1331.63265306122,6214.28571428572
1341.83673469388,6214.28571428572
1352.04081632653,6224.48979591837
1372.44897959184,6224.48979591837
1382.65306122449,6234.69387755102
1392.85714285714,6234.69387755102
1403.0612244898,6244.89795918368
1413.26530612245,6244.89795918368
1423.4693877551,6244.89795918368
1433.67346938776,6255.10204081633
1443.87755102041,6255.10204081633
1454.08163265306,6255.10204081633
1454.08163265306,6265.30612244898
1464.28571428571,6265.30612244898
1474.48979591837,6265.30612244898
1484.69387755102,6275.51020408163
1494.89795918367,6275.51020408163
1505.10204081633,6285.71428571429
1515.30612244898,6285.71428571429
1525.51020408163,6285.71428571429
1535.71428571429,6295.91836734694
1545.91836734694,6295.91836734694
1556.12244897959,6306.12244897959
1566.32653061224,6306.12244897959
1576.5306122449,6306.12244897959
1586.73469387755,6306.12244897959
1596.9387755102,6316.32653061225
1607.14285714286,6316.32653061225
1617.34693877551,6316.32653061225
1627.55102040816,6316.32653061225
1637.75510204082,6316.32653061225
1647.95918367347,6326.5306122449
1658.16326530612,6326.5306122449
1668.36734693877,6326.5306122449
1678.57142857143,6326.5306122449
1688.77551020408,6326.5306122449
1698.97959183673,6326.5306122449
1709.18367346939,6326.5306122449
1719.38775510204,6326.5306122449
1739.79591836735,6326.5306122449
1760.20408163265,6326.5306122449
1770.40816326531,6326.5306122449
1780.61224489796,6326.5306122449
1790.81632653061,6316.32653061225
1801.02040816327,6316.32653061225
1811.22448979592,6316.32653061225
1821.42857142857,6306.12244897959
1831.63265306122,6306.12244897959
1841.83673469388,6306.12244897959
1852.04081632653,6306.12244897959
1862.24489795918,6295.91836734694
1882.65306122449,6295.91836734694
1892.85714285714,6285.71428571429
1903.0612244898,6285.71428571429
1913.26530612245,6285.71428571429
1923.4693877551,6285.71428571429
1933.67346938776,6285.71428571429
1943.87755102041,6285.71428571429
1943.87755102041,6275.51020408163
1954.08163265306,6275.51020408163
1964.28571428571,6275.51020408163
1974.48979591837,6265.30612244898
1984.69387755102,6265.30612244898
1984.69387755102,6255.10204081633
1994.89795918367,6255.10204081633
2005.10204081633,6244.89795918368
2015.30612244898,6244.89795918368
2025.51020408163,6244.89795918368
2025.51020408163,6234.69387755102
2035.71428571429,6234.69387755102
2045.91836734694,6234.69387755102
2045.91836734694,6224.48979591837
2066.32653061224,6224.48979591837
2086.73469387755,6214.28571428572
2096.9387755102,6214.28571428572
2107.14285714286,6214.28571428572
2117.34693877551,6214.28571428572
2117.34693877551,6204.08163265306
2127.55102040816,6204.08163265306
2137.75510204082,6204.08163265306
2147.95918367347,6204.08163265306
2147.95918367347,6193.87755102041
2158.16326530612,6193.87755102041
2168.36734693877,6193.87755102041
2178.57142857143,6193.87755102041
2188.77551020408,6183.67346938776
2198.97959183673,6183.67346938776
2209.18367346939,6173.4693877551
2219.38775510204,6173.4693877551
2229.59183673469,6173.4693877551
2239.79591836735,6173.4693877551
2250,6173.4693877551
2250,6163.26530612245
2270.40816326531,6163.26530612245
2280.61224489796,6163.26530612245
2290.81632653061,6163.26530612245
2301.02040816327,6163.26530612245
2301.02040816327,6153.0612244898
2311.22448979592,6153.0612244898
2321.42857142857,6153.0612244898
2331.63265306122,6153.0612244898
2341.83673469388,6142.85714285714
2362.24489795918,6142.85714285714
2372.44897959184,6142.85714285714
2382.65306122449,6142.85714285714
2392.85714285714,6142.85714285714
2413.26530612245,6132.65306122449
2423.4693877551,6132.65306122449
2433.67346938775,6122.44897959184
2443.87755102041,6122.44897959184
2454.08163265306,6122.44897959184
2464.28571428571,6122.44897959184
2474.48979591837,6122.44897959184
2494.89795918367,6112.24489795919
2515.30612244898,6112.24489795919
2525.51020408163,6112.24489795919
2545.91836734694,6112.24489795919
2556.12244897959,6102.04081632653
2566.32653061224,6102.04081632653
2576.5306122449,6102.04081632653
2586.73469387755,6102.04081632653
2596.9387755102,6102.04081632653
2607.14285714286,6102.04081632653
2617.34693877551,6102.04081632653
2627.55102040816,6091.83673469388
2637.75510204082,6091.83673469388
2647.95918367347,6091.83673469388
2658.16326530612,6091.83673469388
2668.36734693877,6091.83673469388
2678.57142857143,6091.83673469388
2688.77551020408,6081.63265306123
2709.18367346939,6071.42857142857
2719.38775510204,6071.42857142857
2729.59183673469,6071.42857142857
2739.79591836735,6061.22448979592
2750,6061.22448979592
2760.20408163265,6051.02040816327
2770.40816326531,6051.02040816327
2780.61224489796,6040.81632653061
2790.81632653061,6040.81632653061
2801.02040816326,6040.81632653061
2811.22448979592,6030.61224489796
2821.42857142857,6030.61224489796
2831.63265306123,6020.40816326531
2852.04081632653,6010.20408163265
2862.24489795918,6000
2872.44897959184,6000
2882.65306122449,5989.79591836735
2892.85714285714,5989.79591836735
2913.26530612245,5979.59183673469
2913.26530612245,5969.38775510204
2923.4693877551,5969.38775510204
2933.67346938775,5959.18367346939
2943.87755102041,5959.18367346939
2943.87755102041,5948.97959183674
2954.08163265306,5948.97959183674
2964.28571428571,5938.77551020408
2974.48979591837,5928.57142857143
2984.69387755102,5918.36734693878
2994.89795918367,5908.16326530612
3005.10204081633,5897.95918367347
3015.30612244898,5887.75510204082
3015.30612244898,5877.55102040816
3025.51020408163,5877.55102040816
3025.51020408163,5867.34693877551
3035.71428571429,5867.34693877551
3035.71428571429,5857.14285714286
3045.91836734694,5857.14285714286
3056.12244897959,5846.93877551021
3056.12244897959,5836.73469387755
3066.32653061224,5836.73469387755
3066.32653061224,5826.5306122449
3076.5306122449,5816.32653061225
3086.73469387755,5806.12244897959
3096.9387755102,5795.91836734694
3107.14285714286,5785.71428571429
3117.34693877551,5775.51020408163
3127.55102040816,5775.51020408163
3137.75510204082,5765.30612244898
3147.95918367347,5755.10204081633
3158.16326530612,5744.89795918368
3168.36734693877,5744.89795918368
3178.57142857143,5734.69387755102
3188.77551020408,5724.48979591837
3198.97959183674,5724.48979591837
3209.18367346939,5714.28571428572
3219.38775510204,5704.08163265306
3229.59183673469,5704.08163265306
3229.59183673469,5693.87755102041
3239.79591836735,5693.87755102041
3250,5693.87755102041
3260.20408163265,5683.67346938776
3270.40816326531,5683.67346938776
3270.40816326531,5673.4693877551
3280.61224489796,5673.4693877551
3290.81632653061,5663.26530612245
3311.22448979592,5663.26530612245
3321.42857142857,5653.0612244898
3331.63265306123,5653.0612244898
3341.83673469388,5642.85714285714
3352.04081632653,5642.85714285714
3362.24489795918,5632.65306122449
3372.44897959184,5632.65306122449
3382.65306122449,5622.44897959184
3392.85714285714,5622.44897959184
3403.0612244898,5622.44897959184
3403.0612244898,5612.24489795919
3413.26530612245,5612.24489795919
3423.4693877551,5612.24489795919
3423.4693877551,5602.04081632653
3433.67346938775,5602.04081632653
3443.87755102041,5602.04081632653
3454.08163265306,5591.83673469388
3464.28571428571,5591.83673469388
3464.28571428571,5581.63265306123
3474.48979591837,5581.63265306123
3484.69387755102,5581.63265306123
3484.69387755102,5571.42857142857
3494.89795918367,5571.42857142857
3505.10204081633,5561.22448979592
3515.30612244898,5561.22448979592
3515.30612244898,5551.02040816327
3525.51020408163,5551.02040816327
3535.71428571429,5540.81632653061
3545.91836734694,5540.81632653061
3545.91836734694,5530.61224489796
3556.12244897959,5530.61224489796
3556.12244897959,5520.40816326531
3556.12244897959,5510.20408163265
3566.32653061224,5500
3566.32653061224,5489.79591836735
3566.32653061224,5479.59183673469
3566.32653061224,5469.38775510204
3576.5306122449,5469.38775510204
3576.5306122449,5459.18367346939
3576.5306122449,5448.97959183674
3576.5306122449,5438.77551020408
3576.5306122449,5428.57142857143
3576.5306122449,5418.36734693878
3576.5306122449,5408.16326530612
3586.73469387755,5408.16326530612
3586.73469387755,5397.95918367347
3586.73469387755,5387.75510204082
3586.73469387755,5377.55102040816
3586.73469387755,5367.34693877551
3586.73469387755,5357.14285714286
3586.73469387755,5346.93877551021
3586.73469387755,5336.73469387755
3586.73469387755,5326.5306122449
3586.73469387755,5316.32653061225
3586.73469387755,5306.12244897959
3586.73469387755,5295.91836734694
3596.9387755102,5285.71428571429
3596.9387755102,5275.51020408163
3596.9387755102,5265.30612244898
3596.9387755102,5255.10204081633
3596.9387755102,5244.89795918368
3596.9387755102,5234.69387755102
3596.9387755102,5224.48979591837
3596.9387755102,5214.28571428572
3596.9387755102,5204.08163265306
3596.9387755102,5193.87755102041
3596.9387755102,5183.67346938776
3596.9387755102,5173.4693877551
3596.9387755102,5163.26530612245
3586.73469387755,5153.0612244898
3586.73469387755,5142.85714285714
3586.73469387755,5132.65306122449
3586.73469387755,5122.44897959184
3586.73469387755,5112.24489795918
3586.73469387755,5102.04081632653
3586.73469387755,5091.83673469388
3586.73469387755,5081.63265306123
3586.73469387755,5071.42857142857
3586.73469387755,5061.22448979592
3586.73469387755,5051.02040816327
3586.73469387755,5040.81632653061
3586.73469387755,5030.61224489796
3586.73469387755,5020.40816326531
3586.73469387755,5010.20408163265
3586.73469387755,5000
3586.73469387755,4989.79591836735
3586.73469387755,4979.59183673469
3586.73469387755,4969.38775510204
3586.73469387755,4959.18367346939
3586.73469387755,4948.97959183674
3586.73469387755,4938.77551020408
3586.73469387755,4928.57142857143
3586.73469387755,4918.36734693878
3596.9387755102,4918.36734693878
3596.9387755102,4908.16326530612
3596.9387755102,4897.95918367347
3596.9387755102,4887.75510204082
3596.9387755102,4877.55102040816
3596.9387755102,4867.34693877551
3596.9387755102,4857.14285714286
3596.9387755102,4846.93877551021
3596.9387755102,4836.73469387755
3596.9387755102,4826.5306122449
3596.9387755102,4816.32653061225
3596.9387755102,4806.12244897959
3596.9387755102,4795.91836734694
3596.9387755102,4785.71428571429
3596.9387755102,4775.51020408163
3596.9387755102,4765.30612244898
3596.9387755102,4755.10204081633
3596.9387755102,4744.89795918368
3596.9387755102,4734.69387755102
3596.9387755102,4724.48979591837
3596.9387755102,4714.28571428572
3596.9387755102,4683.67346938776
3596.9387755102,4673.4693877551
3596.9387755102,4663.26530612245
3596.9387755102,4632.65306122449
3596.9387755102,4622.44897959184
3596.9387755102,4612.24489795918
3596.9387755102,4602.04081632653
3586.73469387755,4561.22448979592
3586.73469387755,4551.02040816327
3586.73469387755,4540.81632653061
3586.73469387755,4530.61224489796
3586.73469387755,4510.20408163265
3596.9387755102,4500
3596.9387755102,4489.79591836735
3596.9387755102,4479.59183673469
3596.9387755102,4469.38775510204
3596.9387755102,4459.18367346939
3596.9387755102,4448.97959183674
3596.9387755102,4438.77551020408
3596.9387755102,4428.57142857143
3596.9387755102,4418.36734693878
3596.9387755102,4408.16326530612
3596.9387755102,4397.95918367347
3596.9387755102,4387.75510204082
3596.9387755102,4377.55102040816
3586.73469387755,4377.55102040816
3586.73469387755,4367.34693877551
3586.73469387755,4357.14285714286
3586.73469387755,4346.93877551021
3586.73469387755,4336.73469387755
3586.73469387755,4326.5306122449
3586.73469387755,4316.32653061225
3586.73469387755,4306.12244897959
3586.73469387755,4295.91836734694
3576.5306122449,4295.91836734694
3576.5306122449,4285.71428571429
3576.5306122449,4275.51020408163
3576.5306122449,4265.30612244898
3576.5306122449,4255.10204081633
3576.5306122449,4244.89795918368
3576.5306122449,4234.69387755102
3576.5306122449,4224.48979591837
3576.5306122449,4214.28571428572
3576.5306122449,4204.08163265306
3576.5306122449,4193.87755102041
3576.5306122449,4183.67346938776
3576.5306122449,4173.4693877551
3576.5306122449,4163.26530612245
3576.5306122449,4153.0612244898
3576.5306122449,4142.85714285714
3658.16326530612,3234.69387755102
3658.16326530612,3234.69387755102
3729.59183673469,1173.4693877551
