3576.5306122449,4142.85714285714
3576.5306122449,4142.85714285714
3575.6468212889,4144.3531787111
3574.94551131545,4145
3574,4145.70130997345
3573.05448868455,4146.29869002655
3572.29869002655,4147.05448868455
3571.70130997345,4147.94551131545
3570.94551131545,4148.6468212889
3570,4149
3569,4149.244201342
3568,4149.40261994689
3567,4149.244201342
3566,4149.1089773691
3565,4149.29869002655
3564,4149.755798658
3563,4150.18971265745
3562,4150.45710863144
3561,4150.48840268401
3560,4150.51159731599
3559,4150.48840268401
3558,4150.51159731599
3557,4150.54289136856
3556,4150.755798658
3555,4151
3554,4151.3531787111
3553,4152
3552,4152.70130997345
3551,4153.244201342
3550,4153.755798658
3549,4154.29869002655
3548,4155
3547,4155.70130997345
3546,4156.29869002655
3545,4157.05448868455
3544,4157.94551131545
3543,4158.70130997345
3542,4159.244201342
3541,4159.755798658
3540,4160.244201342
3539,4160.755798658
3538,4161.244201342
3537,4161.6468212889
3536,4161.59233260435
3535,4160.94551131545
3534,4160.1089773691
3533,4159.7063574222
3532,4160.05448868455
3531,4160.6468212889
3530,4161
3529,4161.244201342
3528,4161.40261994689
3527,4161.18971265745
3526,4160.755798658
3525,4160.3531787111
3524,4160.29869002655
3523,4160.45710863144
3522,4160.59738005311
3521,4161.1089773691
3520,4162
3519,4162.8910226309
3518,4163.34813126234
3517,4163.18971265745
3516,4162.755798658
3515,4162.29869002655
3514,4162.05448868455
3513,4162.05448868455
3512,4162.3531787111
3511,4163.05448868455
3510,4163.94551131545
3509,4164.70130997345
3508,4165.29869002655
3507,4166.05448868455
3506,4167
3505,4167.94551131545
3504,4168.70130997345
3503,4169.29869002655
3502,4170.05448868455
3501,4171
3500,4171.8910226309
3499,4172.40261994689
3498,4172.59738005311
3497,4173.1089773691
3496,4174
3495,4175
3494,4176
3493,4176.94551131545
3492,4177.6468212889
3491,4178
3490,4178.29869002655
3489,4178.755798658
3488,4179.29869002655
3487,4180.05448868455
3486.05448868455,4181
3485.29869002655,4182
3484.70130997345,4183
3483.94551131545,4184
3483,4185
3482,4186
3481,4187
3480,4188
3479,4189
3478,4189.94551131545
3477,4190.6468212889
3476,4191
3475,4191.29869002655
3474,4191.6468212889
3473,4191.59233260435
3472,4191
3471,4190.3531787111
3470,4190
3469,4189.755798658
3468,4189.65186873765
3467,4190.1089773691
3466,4190.94551131545
3465,4191.6468212889
3464,4191.8910226309
3463,4191.6468212889
3462,4191
3461,4190.40766739565
3460,4190.3531787111
3459,4190.755798658
3458,4191.29869002655
3457,4192.05448868455
3456,4192.94551131545
3455.05448868455,4193.6468212889
3454.3531787111,4193.94551131545
3443.87755102041,4204.08163265306
3443.87755102041,4214.28571428572
3433.67346938775,4214.28571428572
3433.67346938775,4224.48979591837
3423.4693877551,4234.69387755102
3423.4693877551,4244.89795918368
3423.4693877551,4255.10204081633
3423.4693877551,4265.30612244898
3413.26530612245,4275.51020408163
3413.26530612245,4285.71428571429
3413.26530612245,4295.91836734694
3413.26530612245,4306.12244897959
3403.0612244898,4306.12244897959
3403.0612244898,4316.32653061225
3403.0612244898,4326.5306122449
3392.85714285714,4326.5306122449
3392.85714285714,4336.73469387755
3392.85714285714,4346.93877551021
3382.65306122449,4346.93877551021
3382.65306122449,4357.14285714286
3382.65306122449,4367.34693877551
3382.65306122449,4377.55102040816
3382.65306122449,4387.75510204082
3372.44897959184,4387.75510204082
3372.44897959184,4397.95918367347
3372.44897959184,4408.16326530612
3372.44897959184,4418.36734693878
3362.24489795918,4418.36734693878
3362.24489795918,4428.57142857143
3362.24489795918,4438.77551020408
3352.04081632653,4448.97959183674
3352.04081632653,4459.18367346939
3341.83673469388,4469.38775510204
3341.83673469388,4479.59183673469
3331.63265306123,4489.79591836735
3331.63265306123,4500
3321.42857142857,4510.20408163265
3321.42857142857,4520.40816326531
3311.22448979592,4530.61224489796
3311.22448979592,4540.81632653061
3301.02040816326,4551.02040816327
3301.02040816326,4561.22448979592
3301.02040816326,4571.42857142857
3290.81632653061,4581.63265306123
3290.81632653061,4591.83673469388
3280.61224489796,4591.83673469388
3280.61224489796,4602.04081632653
3280.61224489796,4612.24489795918
3270.40816326531,4612.24489795918
3270.40816326531,4622.44897959184
3270.40816326531,4632.65306122449
3260.20408163265,4632.65306122449
3260.20408163265,4642.85714285714
3250,4653.0612244898
3250,4663.26530612245
3239.79591836735,4673.4693877551
3239.79591836735,4683.67346938776
3239.79591836735,4693.87755102041
3229.59183673469,4704.08163265306
3229.59183673469,4714.28571428572
3229.59183673469,4724.48979591837
3219.38775510204,4734.69387755102
3219.38775510204,4744.89795918368
3209.18367346939,4755.10204081633
3209.18367346939,4765.30612244898
3209.18367346939,4775.51020408163
3198.97959183674,4775.51020408163
3198.97959183674,4785.71428571429
3198.97959183674,4795.91836734694
3188.77551020408,4795.91836734694
3188.77551020408,4806.12244897959
3188.77551020408,4816.32653061225
3188.77551020408,4826.5306122449
3178.57142857143,4836.73469387755
3178.57142857143,4846.93877551021
3168.36734693877,4857.14285714286
3158.16326530612,4867.34693877551
3158.16326530612,4877.55102040816
3147.95918367347,4887.75510204082
3137.75510204082,4897.95918367347
3137.75510204082,4908.16326530612
3127.55102040816,4918.36734693878
3127.55102040816,4928.57142857143
3117.34693877551,4928.57142857143
3117.34693877551,4938.77551020408
3107.14285714286,4938.77551020408
3096.9387755102,4948.97959183674
3096.9387755102,4959.18367346939
3086.73469387755,4969.38775510204
3076.5306122449,4979.59183673469
3066.32653061224,4989.79591836735
3066.32653061224,5000
3056.12244897959,5000
3056.12244897959,5010.20408163265
3045.91836734694,5010.20408163265
3045.91836734694,5020.40816326531
3035.71428571429,5030.61224489796
3025.51020408163,5030.61224489796
3025.51020408163,5040.81632653061
3015.30612244898,5051.02040816327
3005.10204081633,5061.22448979592
2994.89795918367,5061.22448979592
2984.69387755102,5071.42857142857
2984.69387755102,5081.63265306123
2974.48979591837,5081.63265306123
2964.28571428571,5091.83673469388
2954.08163265306,5102.04081632653
2954.08163265306,5112.24489795918
2943.87755102041,5112.24489795918
2943.87755102041,5122.44897959184
2933.67346938775,5122.44897959184
2933.67346938775,5132.65306122449
2923.4693877551,5132.65306122449
2923.4693877551,5142.85714285714
2913.26530612245,5142.85714285714
2903.0612244898,5153.0612244898
2892.85714285714,5163.26530612245
2882.65306122449,5163.26530612245
2872.44897959184,5173.4693877551
2862.24489795918,5183.67346938776
2852.04081632653,5183.67346938776
2841.83673469388,5193.87755102041
2831.63265306123,5204.08163265306
2821.42857142857,5214.28571428572
2811.22448979592,5214.28571428572
2801.02040816326,5224.48979591837
2790.81632653061,5234.69387755102
2780.61224489796,5234.69387755102
2780.61224489796,5244.89795918368
2770.40816326531,5244.89795918368
2770.40816326531,5255.10204081633
2760.20408163265,5255.10204081633
2750,5255.10204081633
2750,5265.30612244898
2739.79591836735,5265.30612244898
2739.79591836735,5275.51020408163
2729.59183673469,5275.51020408163
2719.38775510204,5285.71428571429
2709.18367346939,5295.91836734694
2698.97959183674,5306.12244897959
2688.77551020408,5306.12244897959
2688.77551020408,5316.32653061225
2678.57142857143,5316.32653061225
2678.57142857143,5326.5306122449
2668.36734693877,5326.5306122449
2658.16326530612,5326.5306122449
2658.16326530612,5336.73469387755
2647.95918367347,5336.73469387755
2647.95918367347,5346.93877551021
2637.75510204082,5346.93877551021
2627.55102040816,5357.14285714286
2617.34693877551,5367.34693877551
2607.14285714286,5367.34693877551
2596.9387755102,5367.34693877551
2596.9387755102,5377.55102040816
2586.73469387755,5377.55102040816
2586.73469387755,5387.75510204082
2576.5306122449,5397.95918367347
2566.32653061224,5397.95918367347
2556.12244897959,5408.16326530612
2545.91836734694,5408.16326530612
2545.91836734694,5418.36734693878
2535.71428571429,5418.36734693878
2525.51020408163,5418.36734693878
2515.30612244898,5428.57142857143
2505.10204081633,5428.57142857143
2494.89795918367,5428.57142857143
2494.89795918367,5438.77551020408
2484.69387755102,5438.77551020408
2474.48979591837,5438.77551020408
2464.28571428571,5438.77551020408
2454.08163265306,5438.77551020408
2443.87755102041,5438.77551020408
2433.67346938775,5448.97959183674
2423.4693877551,5448.97959183674
2413.26530612245,5448.97959183674
2403.0612244898,5448.97959183674
2392.85714285714,5448.97959183674
2382.65306122449,5448.97959183674
2372.44897959184,5448.97959183674
2362.24489795918,5448.97959183674
2352.04081632653,5448.97959183674
2341.83673469388,5448.97959183674
2331.63265306122,5448.97959183674
2321.42857142857,5448.97959183674
2311.22448979592,5448.97959183674
2301.02040816327,5448.97959183674
2290.81632653061,5448.97959183674
2280.61224489796,5448.97959183674
2270.40816326531,5448.97959183674
2260.20408163265,5448.97959183674
2250,5448.97959183674
2239.79591836735,5448.97959183674
2229.59183673469,5448.97959183674
2219.38775510204,5448.97959183674
2209.18367346939,5448.97959183674
2198.97959183673,5448.97959183674
2188.77551020408,5438.77551020408
2178.57142857143,5438.77551020408
2168.36734693877,5438.77551020408
2158.16326530612,5438.77551020408
2147.95918367347,5438.77551020408
2137.75510204082,5438.77551020408
2127.55102040816,5438.77551020408
2117.34693877551,5438.77551020408
2107.14285714286,5438.77551020408
2096.9387755102,5438.77551020408
2086.73469387755,5438.77551020408
2076.5306122449,5438.77551020408
2066.32653061224,5448.97959183674
2056.12244897959,5448.97959183674
2045.91836734694,5448.97959183674
2035.71428571429,5448.97959183674
2025.51020408163,5448.97959183674
2015.30612244898,5448.97959183674
2005.10204081633,5448.97959183674
1994.89795918367,5448.97959183674
1984.69387755102,5448.97959183674
1974.48979591837,5448.97959183674
1964.28571428571,5448.97959183674
1954.08163265306,5448.97959183674
1943.87755102041,5448.97959183674
1933.67346938776,5448.97959183674
1923.4693877551,5448.97959183674
1913.26530612245,5448.97959183674
1903.0612244898,5448.97959183674
1892.85714285714,5448.97959183674
1882.65306122449,5438.77551020408
1872.44897959184,5438.77551020408
1862.24489795918,5428.57142857143
1852.04081632653,5428.57142857143
1841.83673469388,5418.36734693878
1831.63265306122,5418.36734693878
1821.42857142857,5408.16326530612
1811.22448979592,5408.16326530612
1801.02040816327,5408.16326530612
1801.02040816327,5397.95918367347
1790.81632653061,5397.95918367347
1780.61224489796,5397.95918367347
1780.61224489796,5387.75510204082
1770.40816326531,5387.75510204082
1760.20408163265,5387.75510204082
1760.20408163265,5377.55102040816
1750,5377.55102040816
1739.79591836735,5377.55102040816
1739.79591836735,5367.34693877551
1729.59183673469,5367.34693877551
1719.38775510204,5357.14285714286
1709.18367346939,5357.14285714286
1698.97959183673,5357.14285714286
1688.77551020408,5346.93877551021
1678.57142857143,5346.93877551021
1668.36734693877,5336.73469387755
1658.16326530612,5336.73469387755
1647.95918367347,5326.5306122449
1637.75510204082,5326.5306122449
1637.75510204082,5316.32653061225
1627.55102040816,5316.32653061225
1617.34693877551,5306.12244897959
1607.14285714286,5306.12244897959
1596.9387755102,5295.91836734694
1596.9387755102,5285.71428571429
1586.73469387755,5285.71428571429
1576.5306122449,5275.51020408163
1566.32653061224,5275.51020408163
1566.32653061224,5265.30612244898
1556.12244897959,5265.30612244898
1545.91836734694,5265.30612244898
1545.91836734694,5255.10204081633
1535.71428571429,5255.10204081633
1535.71428571429,5244.89795918368
1525.51020408163,5244.89795918368
1525.51020408163,5234.69387755102
1515.30612244898,5224.48979591837
1505.10204081633,5224.48979591837
1505.10204081633,5214.28571428572
1494.89795918367,5204.08163265306
1494.89795918367,5193.87755102041
1484.69387755102,5183.67346938776
1484.69387755102,5173.4693877551
1484.69387755102,5163.26530612245
1474.48979591837,5163.26530612245
1474.48979591837,5153.0612244898
1464.28571428571,5142.85714285714
1464.28571428571,5132.65306122449
1454.08163265306,5122.44897959184
1454.08163265306,5112.24489795918
1443.87755102041,5112.24489795918
1433.67346938776,5102.04081632653
1433.67346938776,5091.83673469388
1423.4693877551,5081.63265306123
1423.4693877551,5071.42857142857
1423.4693877551,5061.22448979592
1413.26530612245,5061.22448979592
1413.26530612245,5051.02040816327
1413.26530612245,5040.81632653061
1413.26530612245,5030.61224489796
1403.0612244898,5020.40816326531
1403.0612244898,5010.20408163265
1403.0612244898,5000
1403.0612244898,4989.79591836735
1392.85714285714,4969.38775510204
1392.85714285714,4959.18367346939
1392.85714285714,4938.77551020408
1382.65306122449,4918.36734693878
1382.65306122449,4908.16326530612
1382.65306122449,4897.95918367347
1382.65306122449,4887.75510204082
1382.65306122449,4877.55102040816
1382.65306122449,4867.34693877551
1382.65306122449,4857.14285714286
1382.65306122449,4846.93877551021
1382.65306122449,4836.73469387755
1382.65306122449,4826.5306122449
1382.65306122449,4816.32653061225
1382.65306122449,4806.12244897959
1382.65306122449,4795.91836734694
1382.65306122449,4785.71428571429
1382.65306122449,4775.51020408163
1382.65306122449,4765.30612244898
1382.65306122449,4755.10204081633
1382.65306122449,4744.89795918368
1392.85714285714,4744.89795918368
1392.85714285714,4724.48979591837
1392.85714285714,4714.28571428572
1392.85714285714,4704.08163265306
1392.85714285714,4693.87755102041
1392.85714285714,4683.67346938776
1403.0612244898,4683.67346938776
1403.0612244898,4673.4693877551
1403.0612244898,4663.26530612245
1403.0612244898,4653.0612244898
1403.0612244898,4642.85714285714
1403.0612244898,4632.65306122449
1403.0612244898,4622.44897959184
1403.0612244898,4612.24489795918
1413.26530612245,4612.24489795918
1413.26530612245,4602.04081632653
1413.26530612245,4591.83673469388
1413.26530612245,4581.63265306123
1423.4693877551,4581.63265306123
1423.4693877551,4571.42857142857
1423.4693877551,4561.22448979592
1423.4693877551,4551.02040816327
1423.4693877551,4540.81632653061
1423.4693877551,4530.61224489796
1423.4693877551,4520.40816326531
1423.4693877551,4510.20408163265
1423.4693877551,4500
1423.4693877551,4489.79591836735
1423.4693877551,4479.59183673469
1433.67346938776,4469.38775510204
1433.67346938776,4459.18367346939
1433.67346938776,4448.97959183674
1433.67346938776,4438.77551020408
1433.67346938776,4428.57142857143
1443.87755102041,4428.57142857143
1443.87755102041,4418.36734693878
1443.87755102041,4418.36734693878
1444.94551131545,4416.6468212889
1444.70130997345,4415.94551131545
1444.3531787111,4415
1444.3531787111,4414
1444.755798658,4413
1445.244201342,4412
1445.6468212889,4411
1445.59233260435,4410
1445.05448868455,4409
1444.7063574222,4408
1445.1089773691,4407
1446,4406
1447,4405
1448,4404
1449,4403
1449.8910226309,4402
1450.34813126234,4401
1450.244201342,4400
1450.05448868455,4399
1450.05448868455,4398
1450.3531787111,4397
1451.05448868455,4396
1452,4395
1453,4394
1453.94551131545,4393
1454.6468212889,4392
1455,4391
1455.29869002655,4390
1455.755798658,4389
1456.29869002655,4388
1457,4387
1457.70130997345,4386
1458.29869002655,4385
1458.94551131545,4384
1459.40261994689,4383
1459.48840268401,4382
1459.51159731599,4381
1459.48840268401,4380
1459.45710863144,4379
1459.18971265745,4378
1458.81028734255,4377
1458.59738005311,4376
1458.81028734255,4375
1459.18971265745,4374
1459.45710863144,4373
1459.59738005311,4372
1460,4371
1460.40261994689,4370
1460.54289136856,4369
1460.81028734255,4368
1461.29869002655,4367
1462.05448868455,4366
1463,4365
1464,4364
1464.8910226309,4363
1465.29364257779,4362
1464.94551131545,4361
1464.3531787111,4360
1464.1089773691,4359
1464.3531787111,4358
1464.94551131545,4357
1465.29364257779,4356
1465,4355
1464.7063574222,4354
1465,4353
1465.29364257779,4352
1464.94551131545,4351
1464.40766739565,4350
1464.3531787111,4349
1464.755798658,4348
1465.29869002655,4347
1465.94551131545,4346
1466.40261994689,4345
1466.59738005311,4344
1467,4343
1467.40261994689,4342
1467.59738005311,4341
1468.1089773691,4340
1468.94551131545,4339
1469.70130997345,4338
1470.29869002655,4337
1470.94551131545,4336
1471.40261994689,4335
1471.59738005311,4334
1472.1089773691,4333
1473,4332
1474,4331
1474.94551131545,4330
1475.70130997345,4329
1476.244201342,4328
1476.755798658,4327
1477.244201342,4326
1477.755798658,4325
1478.244201342,4324
1478.755798658,4323
1479.244201342,4322
1479.755798658,4321
1480.29869002655,4320
1481.05448868455,4319
1482,4318
1483,4317
1484,4316
1484.94551131545,4315
1485.6468212889,4314
1485.8910226309,4313
1485.755798658,4312
1485.65186873766,4311.05448868455
1486.1089773691,4310.29869002655
1487,4309.70130997345
1488,4308.94551131545
1488.94551131545,4308
1489.70130997345,4307
1490.29869002655,4306
1491,4305
1491.59233260435,4304
1491.70130997345,4303
1491.65186873766,4302
1492.1089773691,4301
1493,4300
1493.8910226309,4299
1494.40261994689,4298
1494.48840268401,4297
1494.40261994689,4296
1494,4295
1493.7063574222,4294
1494.05448868455,4293
1494.6468212889,4292
1495,4291
1495.3531787111,4290
1495.94551131545,4289
1496.34813126234,4288
1496.18971265745,4287
1495.755798658,4286
1495.29869002655,4285
1495.05448868455,4284
1494.94551131545,4283
1494.70130997345,4282
1494.3531787111,4281
1494.3531787111,4280
1494.70130997345,4279
1494.94551131545,4278
1495,4277.05448868455
1495,4276.3531787111
1505.10204081633,4275.51020408163
1505.10204081633,4265.30612244898
1515.30612244898,4255.10204081633
1515.30612244898,4244.89795918368
1515.30612244898,4234.69387755102
1515.30612244898,4224.48979591837
1515.30612244898,4214.28571428572
1525.51020408163,4204.08163265306
1525.51020408163,4193.87755102041
1525.51020408163,4183.67346938776
1525.51020408163,4173.4693877551
1535.71428571429,4173.4693877551
1535.71428571429,4163.26530612245
1535.71428571429,4142.85714285714
1535.71428571429,4132.65306122449
1535.71428571429,4122.44897959184
1535.71428571429,4112.24489795918
1545.91836734694,4102.04081632653
1545.91836734694,4091.83673469388
1556.12244897959,4091.83673469388
1556.12244897959,4081.63265306123
1566.32653061224,4071.42857142857
1576.5306122449,4071.42857142857
1586.73469387755,4061.22448979592
1586.73469387755,4051.02040816327
1596.9387755102,4040.81632653061
1596.9387755102,4030.61224489796
1607.14285714286,4020.40816326531
1607.14285714286,4010.20408163265
1607.14285714286,4000
1617.34693877551,4000
1617.34693877551,3989.79591836735
1617.34693877551,3979.59183673469
1617.34693877551,3969.38775510204
1617.34693877551,3959.18367346939
1627.55102040816,3948.97959183674
1627.55102040816,3938.77551020408
1627.55102040816,3928.57142857143
1637.75510204082,3928.57142857143
1637.75510204082,3918.36734693878
1637.75510204082,3908.16326530612
1647.95918367347,3908.16326530612
1647.95918367347,3897.95918367347
1647.95918367347,3887.75510204082
1658.16326530612,3877.55102040816
1658.16326530612,3867.34693877551
1658.16326530612,3857.14285714286
1658.16326530612,3846.93877551021
1668.36734693877,3836.73469387755
1668.36734693877,3826.5306122449
1668.36734693877,3816.32653061225
1678.57142857143,3816.32653061225
1678.57142857143,3806.12244897959
1678.57142857143,3795.91836734694
1678.57142857143,3785.71428571429
1678.57142857143,3775.51020408163
1678.57142857143,3765.30612244898
1678.57142857143,3755.10204081633
1688.77551020408,3755.10204081633
1688.77551020408,3744.89795918367
1688.77551020408,3734.69387755102
1688.77551020408,3724.48979591837
1688.77551020408,3714.28571428572
1688.77551020408,3704.08163265306
1688.77551020408,3693.87755102041
1688.77551020408,3673.4693877551
1688.77551020408,3663.26530612245
1688.77551020408,3653.0612244898
1688.77551020408,3642.85714285714
1688.77551020408,3632.65306122449
1688.77551020408,3622.44897959184
1688.77551020408,3612.24489795918
1688.77551020408,3602.04081632653
1688.77551020408,3591.83673469388
1688.77551020408,3581.63265306123
1688.77551020408,3571.42857142857
1688.77551020408,3561.22448979592
1688.77551020408,3551.02040816327
1688.77551020408,3540.81632653061
1698.97959183673,3530.61224489796
1698.97959183673,3520.40816326531
1698.97959183673,3510.20408163265
1698.97959183673,3500
1698.97959183673,3489.79591836735
1698.97959183673,3469.38775510204
1698.97959183673,3459.18367346939
1698.97959183673,3448.97959183674
1698.97959183673,3438.77551020408
1698.97959183673,3418.36734693878
1698.97959183673,3408.16326530612
1698.97959183673,3397.95918367347
1698.97959183673,3387.75510204082
1698.97959183673,3377.55102040816
1698.97959183673,3367.34693877551
1698.97959183673,3357.14285714286
1698.97959183673,3346.93877551021
1698.97959183673,3336.73469387755
1688.77551020408,3326.5306122449
1688.77551020408,3316.32653061225
1688.77551020408,3306.12244897959
1688.77551020408,3306.12244897959
1690,3304.6468212889
1690.05448868455,3303.94551131545
1690.29869002655,3303
1690.755798658,3302
1691.244201342,3301
1691.755798658,3300
1692.244201342,3299
1692.755798658,3298
1693.29869002655,3297
1694.05448868455,3296.05448868455
1695,3295.29869002655
1695.8910226309,3294.70130997345
1696.40261994689,3293.94551131545
1696.54289136856,3293
1696.81028734255,3292
1697.244201342,3291
1697.755798658,3290
1698.244201342,3289
1698.6468212889,3288
1698.70130997345,3287.05448868455
1698.59738005311,3286.3531787111
1698.755798658,3286.05448868455
1698.97959183673,3275.51020408163
1698.97959183673,3224.48979591837
1698.97959183673,3214.28571428572
1698.97959183673,3204.08163265306
1698.97959183673,3193.87755102041
1698.97959183673,3183.67346938776
1688.77551020408,3173.4693877551
1688.77551020408,3163.26530612245
1688.77551020408,3153.0612244898
1688.77551020408,3142.85714285714
1678.57142857143,3132.65306122449
1678.57142857143,3122.44897959184
1678.57142857143,3112.24489795918
1678.57142857143,3102.04081632653
1668.36734693877,3091.83673469388
1668.36734693877,3081.63265306123
1668.36734693877,3071.42857142857
1668.36734693877,3061.22448979592
1668.36734693877,3051.02040816327
1668.36734693877,3040.81632653061
1658.16326530612,3040.81632653061
1658.16326530612,3030.61224489796
1658.16326530612,3020.40816326531
1658.16326530612,3010.20408163265
1647.95918367347,3010.20408163265
1647.95918367347,2989.79591836735
1637.75510204082,2979.59183673469
1637.75510204082,2969.38775510204
1627.55102040816,2959.18367346939
1627.55102040816,2948.97959183674
1617.34693877551,2948.97959183674
1617.34693877551,2938.77551020408
1617.34693877551,2928.57142857143
1607.14285714286,2928.57142857143
1596.9387755102,2918.36734693878
1586.73469387755,2908.16326530612
1586.73469387755,2897.95918367347
1576.5306122449,2897.95918367347
1576.5306122449,2887.75510204082
1566.32653061224,2887.75510204082
1566.32653061224,2877.55102040816
1556.12244897959,2877.55102040816
1556.12244897959,2867.34693877551
1545.91836734694,2857.14285714286
1535.71428571429,2857.14285714286
1535.71428571429,2846.93877551021
1525.51020408163,2846.93877551021
1515.30612244898,2836.73469387755
1505.10204081633,2836.73469387755
1505.10204081633,2826.5306122449
1494.89795918367,2826.5306122449
1484.69387755102,2816.32653061225
1474.48979591837,2816.32653061225
1464.28571428571,2816.32653061225
1464.28571428571,2806.12244897959
1454.08163265306,2806.12244897959
1443.87755102041,2806.12244897959
1433.67346938776,2795.91836734694
1423.4693877551,2795.91836734694
1413.26530612245,2785.71428571429
1403.0612244898,2785.71428571429
1392.85714285714,2785.71428571429
1382.65306122449,2785.71428571429
1372.44897959184,2785.71428571429
1372.44897959184,2775.51020408163
1362.24489795918,2775.51020408163
1352.04081632653,2775.51020408163
1341.83673469388,2775.51020408163
1331.63265306122,2775.51020408163
1321.42857142857,2775.51020408163
1311.22448979592,2775.51020408163
1301.02040816327,2765.30612244898
1290.81632653061,2765.30612244898
1270.40816326531,2765.30612244898
1250,2755.10204081633
1239.79591836735,2755.10204081633
1229.59183673469,2755.10204081633
1219.38775510204,2755.10204081633
1209.18367346939,2744.89795918367
1198.97959183673,2744.89795918367
1188.77551020408,2744.89795918367
1178.57142857143,2744.89795918367
1168.36734693877,2744.89795918367
1158.16326530612,2734.69387755102
1147.95918367347,2734.69387755102
1137.75510204082,2734.69387755102
1127.55102040816,2724.48979591837
1117.34693877551,2724.48979591837
1107.14285714286,2724.48979591837
1096.9387755102,2724.48979591837
1086.73469387755,2714.28571428572
1076.5306122449,2714.28571428572
1066.32653061224,2714.28571428572
1056.12244897959,2704.08163265306
1045.91836734694,2704.08163265306
1035.71428571429,2704.08163265306
1025.51020408163,2693.87755102041
1015.30612244898,2693.87755102041
1005.10204081633,2693.87755102041
994.897959183673,2693.87755102041
994.897959183673,2683.67346938776
984.69387755102,2683.67346938776
974.489795918367,2683.67346938776
964.285714285714,2673.4693877551
954.081632653061,2673.4693877551
943.877551020408,2663.26530612245
933.673469387755,2663.26530612245
923.469387755102,2663.26530612245
913.265306122449,2653.0612244898
903.061224489796,2653.0612244898
892.857142857143,2642.85714285714
882.65306122449,2642.85714285714
872.448979591836,2642.85714285714
862.244897959184,2632.65306122449
852.04081632653,2622.44897959184
841.836734693878,2622.44897959184
831.632653061224,2622.44897959184
821.428571428572,2622.44897959184
821.428571428572,2612.24489795918
811.224489795918,2612.24489795918
801.020408163266,2612.24489795918
790.816326530612,2612.24489795918
780.612244897959,2602.04081632653
770.408163265306,2602.04081632653
760.204081632653,2602.04081632653
750,2602.04081632653
739.795918367347,2602.04081632653
739.795918367347,2591.83673469388
729.591836734694,2591.83673469388
719.387755102041,2591.83673469388
709.183673469388,2591.83673469388
698.979591836734,2591.83673469388
688.775510204082,2591.83673469388
678.571428571428,2591.83673469388
678.571428571428,2581.63265306123
668.367346938775,2581.63265306123
658.163265306122,2581.63265306123
647.959183673469,2581.63265306123
637.755102040816,2581.63265306123
627.551020408163,2581.63265306123
617.34693877551,2581.63265306123
607.142857142857,2581.63265306123
596.938775510204,2581.63265306123
586.734693877551,2581.63265306123
586.734693877551,2571.42857142857
576.530612244897,2571.42857142857
566.326530612245,2571.42857142857
566.326530612245,2561.22448979592
556.122448979591,2561.22448979592
545.918367346939,2551.02040816327
535.714285714285,2540.81632653061
525.510204081633,2540.81632653061
525.510204081633,2530.61224489796
515.306122448979,2530.61224489796
505.102040816327,2530.61224489796
505.102040816327,2520.40816326531
494.897959183673,2520.40816326531
484.693877551021,2510.20408163265
474.489795918367,2510.20408163265
474.489795918367,2500
464.285714285714,2500
464.285714285714,2489.79591836735
454.081632653061,2489.79591836735
454.081632653061,2479.59183673469
443.877551020408,2479.59183673469
443.877551020408,2469.38775510204
433.673469387755,2469.38775510204
433.673469387755,2459.18367346939
433.673469387755,2448.97959183674
423.469387755102,2448.97959183674
423.469387755102,2438.77551020408
423.469387755102,2428.57142857143
423.469387755102,2418.36734693878
423.469387755102,2408.16326530612
423.469387755102,2397.95918367347
423.469387755102,2387.75510204082
423.469387755102,2377.55102040816
423.469387755102,2367.34693877551
423.469387755102,2357.14285714286
423.469387755102,2346.93877551021
423.469387755102,2336.73469387755
423.469387755102,2326.5306122449
423.469387755102,2316.32653061225
413.265306122449,2316.32653061225
413.265306122449,2306.12244897959
413.265306122449,2295.91836734694
413.265306122449,2285.71428571429
413.265306122449,2275.51020408163
413.265306122449,2265.30612244898
413.265306122449,2255.10204081633
413.265306122449,2244.89795918367
413.265306122449,2234.69387755102
413.265306122449,2224.48979591837
413.265306122449,2214.28571428572
413.265306122449,2204.08163265306
413.265306122449,2193.87755102041
413.265306122449,2183.67346938776
413.265306122449,2173.4693877551
413.265306122449,2163.26530612245
413.265306122449,2153.0612244898
413.265306122449,2142.85714285714
423.469387755102,2142.85714285714
423.469387755102,2132.65306122449
423.469387755102,2122.44897959184
423.469387755102,2112.24489795918
433.673469387755,2102.04081632653
433.673469387755,2091.83673469388
433.673469387755,2081.63265306123
433.673469387755,2071.42857142857
433.673469387755,2061.22448979592
443.877551020408,2051.02040816327
443.877551020408,2040.81632653061
443.877551020408,2030.61224489796
454.081632653061,2030.61224489796
454.081632653061,2020.40816326531
464.285714285714,2010.20408163265
474.489795918367,2000
484.693877551021,1989.79591836735
484.693877551021,1979.59183673469
494.897959183673,1979.59183673469
494.897959183673,1969.38775510204
505.102040816327,1969.38775510204
505.102040816327,1969.38775510204
505.102040816327,1969.38775510204
515.306122448979,1969.38775510204
515.306122448979,1959.18367346939
525.510204081633,1959.18367346939
525.510204081633,1948.97959183674
535.714285714285,1938.77551020408
535.714285714285,1928.57142857143
535.714285714285,1918.36734693878
535.714285714285,1908.16326530612
545.918367346939,1908.16326530612
545.918367346939,1897.95918367347
556.122448979591,1887.75510204082
556.122448979591,1877.55102040816
566.326530612245,1867.34693877551
566.326530612245,1857.14285714286
576.530612244897,1857.14285714286
576.530612244897,1846.93877551021
586.734693877551,1846.93877551021
586.734693877551,1836.73469387755
596.938775510204,1836.73469387755
607.142857142857,1836.73469387755
607.142857142857,1826.5306122449
617.34693877551,1826.5306122449
627.551020408163,1816.32653061225
637.755102040816,1816.32653061225
658.163265306122,1816.32653061225
658.163265306122,1806.12244897959
668.367346938775,1806.12244897959
678.571428571428,1806.12244897959
688.775510204082,1806.12244897959
698.979591836734,1795.91836734694
709.183673469388,1795.91836734694
719.387755102041,1795.91836734694
729.591836734694,1795.91836734694
739.795918367347,1795.91836734694
750,1795.91836734694
760.204081632653,1795.91836734694
770.408163265306,1795.91836734694
770.408163265306,1785.71428571429
780.612244897959,1785.71428571429
790.816326530612,1785.71428571429
801.020408163266,1785.71428571429
801.020408163266,1775.51020408163
811.224489795918,1775.51020408163
821.428571428572,1765.30612244898
831.632653061224,1765.30612244898
841.836734693878,1765.30612244898
841.836734693878,1755.10204081633
852.04081632653,1755.10204081633
862.244897959184,1755.10204081633
872.448979591836,1744.89795918367
882.65306122449,1744.89795918367
882.65306122449,1734.69387755102
892.857142857143,1734.69387755102
903.061224489796,1724.48979591837
913.265306122449,1724.48979591837
933.673469387755,1714.28571428572
943.877551020408,1704.08163265306
954.081632653061,1693.87755102041
964.285714285714,1693.87755102041
964.285714285714,1683.67346938776
974.489795918367,1683.67346938776
984.69387755102,1673.4693877551
994.897959183673,1673.4693877551
1005.10204081633,1663.26530612245
1015.30612244898,1663.26530612245
1035.71428571429,1653.0612244898
1045.91836734694,1653.0612244898
1056.12244897959,1653.0612244898
1066.32653061224,1642.85714285714
1086.73469387755,1642.85714285714
1096.9387755102,1642.85714285714
1096.9387755102,1632.65306122449
1107.14285714286,1632.65306122449
1117.34693877551,1632.65306122449
1137.75510204082,1622.44897959184
1147.95918367347,1612.24489795918
1158.16326530612,1612.24489795918
1168.36734693877,1612.24489795918
1178.57142857143,1602.04081632653
1188.77551020408,1591.83673469388
1198.97959183673,1591.83673469388
1209.18367346939,1591.83673469388
1219.38775510204,1581.63265306123
1229.59183673469,1581.63265306123
1239.79591836735,1581.63265306123
1250,1571.42857142857
1260.20408163265,1571.42857142857
1270.40816326531,1571.42857142857
1280.61224489796,1571.42857142857
1290.81632653061,1561.22448979592
1301.02040816327,1561.22448979592
1311.22448979592,1561.22448979592
1321.42857142857,1561.22448979592
1321.42857142857,1551.02040816327
1331.63265306122,1551.02040816327
1341.83673469388,1551.02040816327
1352.04081632653,1540.81632653061
1372.44897959184,1540.81632653061
1382.65306122449,1540.81632653061
1392.85714285714,1530.61224489796
1403.0612244898,1530.61224489796
1413.26530612245,1520.40816326531
1423.4693877551,1520.40816326531
1433.67346938776,1520.40816326531
1443.87755102041,1520.40816326531
1454.08163265306,1510.20408163265
1464.28571428571,1510.20408163265
1474.48979591837,1500
1484.69387755102,1500
1494.89795918367,1500
1515.30612244898,1500
1525.51020408163,1489.79591836735
1556.12244897959,1489.79591836735
1586.73469387755,1479.59183673469
1596.9387755102,1469.38775510204
1617.34693877551,1469.38775510204
1627.55102040816,1469.38775510204
1637.75510204082,1469.38775510204
1647.95918367347,1469.38775510204
1647.95918367347,1459.18367346939
1658.16326530612,1459.18367346939
1668.36734693877,1459.18367346939
1678.57142857143,1448.97959183674
1688.77551020408,1448.97959183674
1698.97959183673,1448.97959183674
1709.18367346939,1438.77551020408
1719.38775510204,1438.77551020408
1729.59183673469,1428.57142857143
1750,1428.57142857143
1760.20408163265,1418.36734693878
1770.40816326531,1418.36734693878
1780.61224489796,1418.36734693878
1790.81632653061,1408.16326530612
1801.02040816327,1408.16326530612
1811.22448979592,1408.16326530612
1852.04081632653,1387.75510204082
1862.24489795918,1377.55102040816
1872.44897959184,1377.55102040816
1882.65306122449,1377.55102040816
1892.85714285714,1367.34693877551
1903.0612244898,1367.34693877551
1913.26530612245,1367.34693877551
1933.67346938776,1357.14285714286
1943.87755102041,1357.14285714286
1954.08163265306,1357.14285714286
1964.28571428571,1357.14285714286
1974.48979591837,1357.14285714286
1984.69387755102,1357.14285714286
1994.89795918367,1357.14285714286
2005.10204081633,1357.14285714286
2015.30612244898,1357.14285714286
2025.51020408163,1357.14285714286
2035.71428571429,1357.14285714286
2045.91836734694,1357.14285714286
2056.12244897959,1357.14285714286
2066.32653061224,1357.14285714286
2076.5306122449,1357.14285714286
2086.73469387755,1346.93877551021
2096.9387755102,1346.93877551021
2107.14285714286,1346.93877551021
2117.34693877551,1346.93877551021
2127.55102040816,1346.93877551021
2147.95918367347,1346.93877551021
2168.36734693877,1346.93877551021
2178.57142857143,1346.93877551021
2188.77551020408,1346.93877551021
2198.97959183673,1346.93877551021
2209.18367346939,1346.93877551021
2219.38775510204,1346.93877551021
2229.59183673469,1346.93877551021
2239.79591836735,1346.93877551021
2250,1346.93877551021
2260.20408163265,1346.93877551021
2270.40816326531,1346.93877551021
2270.40816326531,1357.14285714286
2280.61224489796,1357.14285714286
2290.81632653061,1357.14285714286
2301.02040816327,1357.14285714286
2311.22448979592,1357.14285714286
2321.42857142857,1357.14285714286
2331.63265306122,1357.14285714286
2341.83673469388,1367.34693877551
2352.04081632653,1367.34693877551
2362.24489795918,1367.34693877551
2372.44897959184,1367.34693877551
2382.65306122449,1367.34693877551
2392.85714285714,1367.34693877551
2403.0612244898,1367.34693877551
2413.26530612245,1367.34693877551
2423.4693877551,1367.34693877551
2433.67346938775,1367.34693877551
2443.87755102041,1367.34693877551
2454.08163265306,1377.55102040816
2464.28571428571,1377.55102040816
2474.48979591837,1377.55102040816
2484.69387755102,1377.55102040816
2494.89795918367,1377.55102040816
2505.10204081633,1377.55102040816
2515.30612244898,1377.55102040816
2525.51020408163,1377.55102040816
2535.71428571429,1377.55102040816
2545.91836734694,1377.55102040816
2556.12244897959,1377.55102040816
2576.5306122449,1377.55102040816
2596.9387755102,1387.75510204082
2617.34693877551,1387.75510204082
2637.75510204082,1387.75510204082
2647.95918367347,1387.75510204082
2658.16326530612,1387.75510204082
2668.36734693877,1387.75510204082
2668.36734693877,1397.95918367347
2678.57142857143,1397.95918367347
2688.77551020408,1397.95918367347
2698.97959183674,1397.95918367347
2709.18367346939,1397.95918367347
2719.38775510204,1397.95918367347
2729.59183673469,1397.95918367347
2739.79591836735,1397.95918367347
2750,1408.16326530612
2760.20408163265,1408.16326530612
2770.40816326531,1408.16326530612
2780.61224489796,1408.16326530612
2790.81632653061,1408.16326530612
2801.02040816326,1408.16326530612
2811.22448979592,1418.36734693878
2821.42857142857,1418.36734693878
2831.63265306123,1418.36734693878
2841.83673469388,1418.36734693878
2852.04081632653,1428.57142857143
2862.24489795918,1428.57142857143
2872.44897959184,1428.57142857143
2882.65306122449,1428.57142857143
2892.85714285714,1438.77551020408
2903.0612244898,1438.77551020408
2913.26530612245,1438.77551020408
2923.4693877551,1448.97959183674
2933.67346938775,1448.97959183674
2943.87755102041,1448.97959183674
2954.08163265306,1448.97959183674
2964.28571428571,1448.97959183674
2964.28571428571,1459.18367346939
2974.48979591837,1459.18367346939
2984.69387755102,1459.18367346939
2994.89795918367,1459.18367346939
3005.10204081633,1459.18367346939
3015.30612244898,1459.18367346939
3025.51020408163,1459.18367346939
3035.71428571429,1469.38775510204
3045.91836734694,1469.38775510204
3056.12244897959,1469.38775510204
3056.12244897959,1479.59183673469
3066.32653061224,1479.59183673469
3076.5306122449,1479.59183673469
3086.73469387755,1489.79591836735
3096.9387755102,1489.79591836735
3107.14285714286,1500
3117.34693877551,1500
3127.55102040816,1510.20408163265
3137.75510204082,1520.40816326531
3147.95918367347,1530.61224489796
3158.16326530612,1530.61224489796
3158.16326530612,1540.81632653061
3168.36734693877,1540.81632653061
3168.36734693877,1551.02040816327
3178.57142857143,1551.02040816327
3178.57142857143,1561.22448979592
3188.77551020408,1561.22448979592
3198.97959183674,1571.42857142857
3209.18367346939,1571.42857142857
3209.18367346939,1581.63265306123
3219.38775510204,1581.63265306123
3229.59183673469,1591.83673469388
3239.79591836735,1591.83673469388
3239.79591836735,1602.04081632653
3250,1612.24489795918
3260.20408163265,1612.24489795918
3260.20408163265,1622.44897959184
3270.40816326531,1622.44897959184
3270.40816326531,1632.65306122449
3280.61224489796,1632.65306122449
3280.61224489796,1642.85714285714
3290.81632653061,1653.0612244898
3301.02040816326,1663.26530612245
3311.22448979592,1673.4693877551
3311.22448979592,1683.67346938776
3321.42857142857,1683.67346938776
3321.42857142857,1693.87755102041
3331.63265306123,1704.08163265306
3331.63265306123,1714.28571428572
3341.83673469388,1714.28571428572
3341.83673469388,1724.48979591837
3352.04081632653,1734.69387755102
3352.04081632653,1744.89795918367
3352.04081632653,1755.10204081633
3362.24489795918,1765.30612244898
3362.24489795918,1775.51020408163
3372.44897959184,1785.71428571429
3372.44897959184,1795.91836734694
3372.44897959184,1806.12244897959
3382.65306122449,1816.32653061225
3382.65306122449,1826.5306122449
3392.85714285714,1836.73469387755
3392.85714285714,1846.93877551021
3392.85714285714,1857.14285714286
3392.85714285714,1867.34693877551
3403.0612244898,1877.55102040816
3403.0612244898,1887.75510204082
3403.0612244898,1897.95918367347
3403.0612244898,1908.16326530612
3403.0612244898,1918.36734693878
3403.0612244898,1928.57142857143
3403.0612244898,1938.77551020408
3413.26530612245,1938.77551020408
3413.26530612245,1948.97959183674
3413.26530612245,1959.18367346939
3413.26530612245,1979.59183673469
3413.26530612245,1989.79591836735
3413.26530612245,2000
3413.26530612245,2010.20408163265
3413.26530612245,2020.40816326531
3413.26530612245,2030.61224489796
3413.26530612245,2040.81632653061
3413.26530612245,2040.81632653061
3414.05448868455,2042.3531787111
3414.3531787111,2043
3415.05448868455,2043.70130997345
3415.8910226309,2044.29869002655
3416.40261994689,2045.05448868455
3416.54289136856,2046
3416.81028734255,2047
3417.18971265745,2048
3417.45710863144,2049
3417.54289136856,2050
3417.70130997345,2051
3417.70130997345,2052
3417.54289136856,2053
3417.45710863144,2054
3417.244201342,2055
3417.05448868455,2056
3417.05448868455,2057
3417.29869002655,2058
3417.6468212889,2059
3417.70130997345,2060
3417.54289136856,2061
3417.51159731599,2062
3417.48840268401,2063
3417.40261994689,2064
3417,2065
3416.59738005311,2066
3416.51159731599,2067
3416.54289136856,2068
3416.70130997345,2069
3416.59233260435,2070
3415.94551131545,2071
3415,2072
3414.1089773691,2073
3413.59738005311,2074
3413.51159731599,2075
3413.59738005311,2076
3414,2077
3414.29364257779,2078
3413.94551131545,2079
3413.29869002655,2080
3412.755798658,2081
3412.29869002655,2082
3412.05448868455,2083
3411.94551131545,2084
3411.755798658,2085
3411.54289136856,2086
3411.51159731599,2087
3411.48840268401,2088
3411.45710863144,2089
3411.244201342,2090
3411.05448868455,2091
3410.94551131545,2092
3410.70130997345,2093
3410.3531787111,2094
3410.3531787111,2095
3410.755798658,2096
3411.29869002655,2097
3412,2098
3412.59233260435,2099
3412.59233260435,2100
3412.05448868455,2101
3411.59738005311,2102
3411.51159731599,2103
3411.48840268401,2104
3411.51159731599,2105
3411.48840268401,2106
3411.51159731599,2107
3411.54289136856,2108
3411.70130997345,2109
3411.70130997345,2110
3411.54289136856,2111
3411.40261994689,2112
3411,2113
3410.59738005311,2114
3410.51159731599,2115
3410.48840268401,2116
3410.40261994689,2117
3409.8910226309,2118
3409,2119
3408,2120
3407.05448868455,2121
3406.29869002655,2122
3405.755798658,2123
3405.244201342,2124
3404.70130997345,2125
3403.94551131545,2126
3403,2127
3402.1089773691,2128
3401.7063574222,2129
3402,2130
3402.29364257779,2131
3401.94551131545,2132
3401.29869002655,2133
3400.70130997345,2133.94551131545
3399.94551131545,2134.70130997345
3399,2135.29869002655
3398.05448868455,2136.05448868455
3397.40766739565,2137
3397.40766739565,2138
3397.94551131545,2139
3398.29364257779,2140
3397.8910226309,2141
3397.05448868455,2142
3396.29869002655,2143
3395.81028734255,2144
3395.54289136856,2145
3395.51159731599,2146
3395.59738005311,2147
3396,2148
3396.40261994689,2149
3396.48840268401,2150
3396.45710863144,2151
3396.244201342,2152
3396.1089773691,2153
3396.244201342,2154
3396.34813126234,2155
3395.8910226309,2156
3395.1089773691,2157
3394.59738005311,2158
3394.45710863144,2159
3394.18971265745,2160
3393.81028734255,2161
3393.59738005311,2162
3393.81028734255,2163
3394.244201342,2164
3394.6468212889,2165
3394.59233260435,2166
3394.05448868455,2167
3393.70635742221,2168
3394,2169
3394.40261994689,2170
3394.59738005311,2171
3395.1089773691,2172
3395.8910226309,2173
3396.40261994689,2174
3396.59738005311,2175
3397.05448868455,2176
3397.70130997345,2177
3398.18971265745,2178
3398.34813126234,2179
3397.94551131545,2180
3397.40766739565,2181
3397.40766739565,2182
3398.05448868455,2183
3398.8910226309,2184
3399.40261994689,2185
3399.54289136856,2186
3399.81028734255,2187
3400.29869002655,2188
3401.05448868455,2189
3401.8910226309,2190
3402.40261994689,2191
3402.59738005311,2192
3403.1089773691,2193
3404,2194
3405,2195
3406,2196
3407,2197
3407.8910226309,2198
3408.29364257779,2199
3407.8910226309,2200
3407,2201
3406.1089773691,2202
3405.7063574222,2203
3406,2204
3406.34813126234,2205
3406.29869002655,2206
3406.3531787111,2207
3406.6468212889,2208
3406.6468212889,2209
3406.244201342,2210
3405.70130997345,2211
3405.05448868455,2212
3404.7063574222,2213
3405.1089773691,2213.94551131545
3406,2214.70130997345
3407,2215.29869002655
3407.8910226309,2216.05448868455
3408.29364257779,2217
3408,2218
3407.7063574222,2219
3408.05448868455,2220
3408.59233260435,2221
3408.70130997345,2222
3408.54289136856,2223
3408.40261994689,2224
3408,2225
3407.65186873766,2226
3407.81028734255,2227
3408.29869002655,2228
3409.05448868455,2229
3409.94551131545,2230
3410.70130997345,2231
3411.29869002655,2232
3412,2233
3412.6468212889,2233.94551131545
3412.94551131545,2234.6468212889
3413.26530612245,2244.89795918367
3413.26530612245,2255.10204081633
3413.26530612245,2265.30612244898
3413.26530612245,2275.51020408163
3413.26530612245,2285.71428571429
3413.26530612245,2295.91836734694
3413.26530612245,2306.12244897959
3413.26530612245,2316.32653061225
3413.26530612245,2326.5306122449
3413.26530612245,2336.73469387755
3413.26530612245,2346.93877551021
3413.26530612245,2357.14285714286
3413.26530612245,2367.34693877551
3413.26530612245,2377.55102040816
3413.26530612245,2387.75510204082
3413.26530612245,2397.95918367347
3413.26530612245,2408.16326530612
3413.26530612245,2418.36734693878
3413.26530612245,2428.57142857143
3413.26530612245,2438.77551020408
3413.26530612245,2448.97959183674
3413.26530612245,2459.18367346939
3413.26530612245,2469.38775510204
3413.26530612245,2479.59183673469
3413.26530612245,2489.79591836735
3413.26530612245,2500
3413.26530612245,2510.20408163265
3413.26530612245,2520.40816326531
3413.26530612245,2530.61224489796
3413.26530612245,2540.81632653061
3413.26530612245,2551.02040816327
3413.26530612245,2561.22448979592
3403.0612244898,2571.42857142857
3403.0612244898,2581.63265306123
3403.0612244898,2591.83673469388
3403.0612244898,2602.04081632653
3403.0612244898,2612.24489795918
3403.0612244898,2622.44897959184
3403.0612244898,2632.65306122449
3403.0612244898,2642.85714285714
3403.0612244898,2653.0612244898
3403.0612244898,2663.26530612245
3403.0612244898,2683.67346938776
3403.0612244898,2693.87755102041
3403.0612244898,2704.08163265306
3403.0612244898,2714.28571428572
3403.0612244898,2724.48979591837
3403.0612244898,2734.69387755102
3403.0612244898,2744.89795918367
3403.0612244898,2755.10204081633
3403.0612244898,2765.30612244898
3403.0612244898,2775.51020408163
3403.0612244898,2785.71428571429
3413.26530612245,2795.91836734694
3413.26530612245,2806.12244897959
3413.26530612245,2816.32653061225
3413.26530612245,2826.5306122449
3413.26530612245,2836.73469387755
3413.26530612245,2846.93877551021
3413.26530612245,2857.14285714286
3413.26530612245,2867.34693877551
3423.4693877551,2867.34693877551
3423.4693877551,2877.55102040816
3423.4693877551,2887.75510204082
3433.67346938775,2897.95918367347
3433.67346938775,2908.16326530612
3433.67346938775,2918.36734693878
3443.87755102041,2928.57142857143
3443.87755102041,2938.77551020408
3454.08163265306,2948.97959183674
3454.08163265306,2959.18367346939
3454.08163265306,2969.38775510204
3454.08163265306,2979.59183673469
3464.28571428571,2979.59183673469
3464.28571428571,2989.79591836735
3464.28571428571,3000
3464.28571428571,3010.20408163265
3474.48979591837,3010.20408163265
3474.48979591837,3020.40816326531
3484.69387755102,3030.61224489796
3484.69387755102,3040.81632653061
3494.89795918367,3051.02040816327
3494.89795918367,3061.22448979592
3494.89795918367,3071.42857142857
3494.89795918367,3081.63265306123
3505.10204081633,3081.63265306123
3505.10204081633,3091.83673469388
3515.30612244898,3102.04081632653
3515.30612244898,3112.24489795918
3525.51020408163,3112.24489795918
3525.51020408163,3122.44897959184
3535.71428571429,3122.44897959184
3535.71428571429,3132.65306122449
3545.91836734694,3132.65306122449
3545.91836734694,3142.85714285714
3556.12244897959,3153.0612244898
3566.32653061224,3163.26530612245
3576.5306122449,3173.4693877551
3576.5306122449,3183.67346938776
3586.73469387755,3183.67346938776
3586.73469387755,3193.87755102041
3596.9387755102,3193.87755102041
3596.9387755102,3204.08163265306
3607.14285714286,3204.08163265306
3617.34693877551,3204.08163265306
3617.34693877551,3214.28571428572
3627.55102040816,3214.28571428572
3637.75510204082,3224.48979591837
3647.95918367347,3224.48979591837
3658.16326530612,3224.48979591837
3658.16326530612,3234.69387755102
