3994.89795918367,4204.08163265306
3993.6468212889,4204.94551131545
3992.94551131545,4204.70130997345
3992,4204.3531787111
3991,4204.3531787111
3990,4204.6468212889
3989,4204.70130997345
3988,4204.65186873765
3987,4205.1089773691
3986,4205.94551131545
3985,4206.59233260435
3984,4206.6468212889
3983,4206.244201342
3982,4205.70130997345
3981,4204.94551131545
3980,4204.05448868455
3979,4203.3531787111
3978,4203.1089773691
3977,4203.3531787111
3976,4204
3975,4204.59233260435
3974,4204.6468212889
3973,4204.3531787111
3972,4204.3531787111
3971,4204.755798658
3970,4205.29869002655
3969,4205.94551131545
3968,4206.40261994689
3967,4206.48840268401
3966,4206.45710863144
3965,4206.18971265745
3964,4205.81028734255
3963,4205.59738005311
3962,4205.70130997345
3961,4205.59233260435
3960,4204.94551131545
3959,4204.1089773691
3958,4203.59738005311
3957,4203.45710863144
3956,4203.29869002655
3955,4203.40766739565
3954,4203.94551131545
3953,4204.29364257779
3952,4204
3951,4203.7063574222
3950,4204.1089773691
3949,4204.94551131545
3948,4205.70130997345
3947,4206.244201342
3946,4206.6468212889
3945,4206.70130997345
3944,4206.54289136856
3943,4206.40261994689
3942,4205.8910226309
3941,4205.05448868455
3940,4204.29869002655
3939,4203.755798658
3938,4203.3531787111
3937,4203.29869002655
3936,4203.34813126234
3935,4203
3934,4202.59738005311
3933,4202.40261994689
3932,4201.8910226309
3931,4201.1089773691
3930,4200.7063574222
3929,4201.1089773691
3928,4201.94551131545
3927,4202.70130997345
3926,4203.18971265745
3925,4203.45710863144
3924,4203.54289136856
3923,4203.70130997345
3922,4203.59233260435
3921,4203.05448868455
3920,4202.59738005311
3919,4202.45710863144
3918,4202.18971265745
3917,4201.70130997345
3916,4200.94551131545
3915,4200.05448868455
3914,4199.29869002655
3913,4198.81028734255
3912,4198.54289136856
3911,4198.51159731599
3910,4198.59738005311
3909,4199
3908,4199.34813126234
3907,4199.29869002655
3906,4199.3531787111
3905,4199.6468212889
3904,4199.59233260435
3903,4199.05448868455
3902,4198.59738005311
3901,4198.51159731599
3900,4198.48840268401
3899,4198.40261994689
3898,4198
3897,4197.59738005311
3896,4197.40261994689
3895,4196.8910226309
3894,4196.05448868455
3893,4195.29869002655
3892,4194.755798658
3891,4194.244201342
3890,4193.70130997345
3889,4192.94551131545
3888,4192.1089773691
3887,4191.7063574222
3886,4192.05448868455
3885,4192.70130997345
3884.05448868455,4193.244201342
3883.3531787111,4193.70130997345
3872.44897959184,4193.87755102041
3862.24489795918,4204.08163265306
3852.04081632653,4204.08163265306
3841.83673469388,4204.08163265306
3821.42857142857,4214.28571428572
3811.22448979592,4214.28571428572
3801.02040816326,4224.48979591837
3790.81632653061,4224.48979591837
3790.81632653061,4234.69387755102
3780.61224489796,4234.69387755102
3770.40816326531,4234.69387755102
3760.20408163265,4244.89795918368
3750,4244.89795918368
3739.79591836735,4255.10204081633
3729.59183673469,4265.30612244898
3719.38775510204,4265.30612244898
3709.18367346939,4275.51020408163
3709.18367346939,4285.71428571429
3698.97959183674,4285.71428571429
3688.77551020408,4295.91836734694
3678.57142857143,4306.12244897959
3678.57142857143,4316.32653061225
3668.36734693877,4326.5306122449
3658.16326530612,4336.73469387755
3647.95918367347,4346.93877551021
3637.75510204082,4357.14285714286
3637.75510204082,4367.34693877551
3627.55102040816,4377.55102040816
3627.55102040816,4387.75510204082
3617.34693877551,4397.95918367347
3617.34693877551,4408.16326530612
3607.14285714286,4418.36734693878
3607.14285714286,4428.57142857143
3596.9387755102,4438.77551020408
3596.9387755102,4448.97959183674
3596.9387755102,4459.18367346939
3586.73469387755,4469.38775510204
3586.73469387755,4479.59183673469
3576.5306122449,4489.79591836735
3576.5306122449,4500
3576.5306122449,4510.20408163265
3566.32653061224,4520.40816326531
3566.32653061224,4530.61224489796
3556.12244897959,4540.81632653061
3556.12244897959,4551.02040816327
3556.12244897959,4561.22448979592
3545.91836734694,4571.42857142857
3545.91836734694,4581.63265306123
3535.71428571429,4591.83673469388
3535.71428571429,4602.04081632653
3535.71428571429,4612.24489795918
3535.71428571429,4622.44897959184
3525.51020408163,4622.44897959184
3525.51020408163,4632.65306122449
3525.51020408163,4642.85714285714
3525.51020408163,4653.0612244898
3515.30612244898,4663.26530612245
3515.30612244898,4673.4693877551
3515.30612244898,4683.67346938776
3515.30612244898,4693.87755102041
3515.30612244898,4704.08163265306
3515.30612244898,4714.28571428572
3505.10204081633,4724.48979591837
3505.10204081633,4734.69387755102
3505.10204081633,4744.89795918368
3505.10204081633,4755.10204081633
3505.10204081633,4765.30612244898
3494.89795918367,4765.30612244898
3494.89795918367,4775.51020408163
3494.89795918367,4785.71428571429
3494.89795918367,4795.91836734694
3484.69387755102,4806.12244897959
3484.69387755102,4816.32653061225
3484.69387755102,4826.5306122449
3484.69387755102,4836.73469387755
3484.69387755102,4846.93877551021
3484.69387755102,4857.14285714286
3474.48979591837,4857.14285714286
3474.48979591837,4867.34693877551
3474.48979591837,4877.55102040816
3474.48979591837,4887.75510204082
3474.48979591837,4897.95918367347
3464.28571428571,4897.95918367347
3464.28571428571,4908.16326530612
3464.28571428571,4918.36734693878
3454.08163265306,4928.57142857143
3454.08163265306,4938.77551020408
3443.87755102041,4948.97959183674
3443.87755102041,4959.18367346939
3433.67346938775,4969.38775510204
3433.67346938775,4979.59183673469
3423.4693877551,4979.59183673469
3423.4693877551,4989.79591836735
3423.4693877551,5000
3413.26530612245,5010.20408163265
3413.26530612245,5020.40816326531
3403.0612244898,5020.40816326531
3403.0612244898,5030.61224489796
3403.0612244898,5040.81632653061
3392.85714285714,5051.02040816327
3382.65306122449,5061.22448979592
3382.65306122449,5071.42857142857
3372.44897959184,5081.63265306123
3362.24489795918,5091.83673469388
3352.04081632653,5102.04081632653
3341.83673469388,5112.24489795918
3341.83673469388,5122.44897959184
3331.63265306123,5122.44897959184
3331.63265306123,5132.65306122449
3321.42857142857,5132.65306122449
3311.22448979592,5132.65306122449
3311.22448979592,5142.85714285714
3301.02040816326,5142.85714285714
3301.02040816326,5153.0612244898
3290.81632653061,5153.0612244898
3280.61224489796,5153.0612244898
3270.40816326531,5163.26530612245
3260.20408163265,5163.26530612245
3250,5163.26530612245
3250,5173.4693877551
3239.79591836735,5173.4693877551
3229.59183673469,5173.4693877551
3219.38775510204,5183.67346938776
3209.18367346939,5183.67346938776
3198.97959183674,5183.67346938776
3188.77551020408,5193.87755102041
3178.57142857143,5193.87755102041
3168.36734693877,5193.87755102041
3158.16326530612,5204.08163265306
3147.95918367347,5204.08163265306
3137.75510204082,5204.08163265306
3127.55102040816,5214.28571428572
3117.34693877551,5214.28571428572
3107.14285714286,5214.28571428572
3096.9387755102,5224.48979591837
3086.73469387755,5224.48979591837
3076.5306122449,5224.48979591837
3066.32653061224,5224.48979591837
3056.12244897959,5234.69387755102
3045.91836734694,5234.69387755102
3035.71428571429,5234.69387755102
3025.51020408163,5234.69387755102
3015.30612244898,5244.89795918368
3005.10204081633,5244.89795918368
2994.89795918367,5244.89795918368
2984.69387755102,5244.89795918368
2974.48979591837,5255.10204081633
2964.28571428571,5255.10204081633
2954.08163265306,5265.30612244898
2933.67346938775,5275.51020408163
2923.4693877551,5275.51020408163
2913.26530612245,5285.71428571429
2903.0612244898,5285.71428571429
2892.85714285714,5285.71428571429
2882.65306122449,5285.71428571429
2872.44897959184,5285.71428571429
2872.44897959184,5295.91836734694
2862.24489795918,5295.91836734694
2790.81632653061,5306.12244897959
2719.38775510204,5316.32653061225
2709.18367346939,5316.32653061225
2698.97959183674,5316.32653061225
2688.77551020408,5316.32653061225
2637.75510204082,5336.73469387755
2586.73469387755,5346.93877551021
2576.5306122449,5346.93877551021
2556.12244897959,5357.14285714286
2545.91836734694,5357.14285714286
2545.91836734694,5367.34693877551
2535.71428571429,5367.34693877551
2525.51020408163,5377.55102040816
2515.30612244898,5387.75510204082
2505.10204081633,5387.75510204082
2494.89795918367,5397.95918367347
2484.69387755102,5397.95918367347
2474.48979591837,5408.16326530612
2464.28571428571,5418.36734693878
2454.08163265306,5428.57142857143
2443.87755102041,5438.77551020408
2433.67346938775,5438.77551020408
2423.4693877551,5448.97959183674
2413.26530612245,5459.18367346939
2403.0612244898,5459.18367346939
2392.85714285714,5469.38775510204
2382.65306122449,5479.59183673469
2372.44897959184,5479.59183673469
2362.24489795918,5479.59183673469
2362.24489795918,5489.79591836735
2352.04081632653,5489.79591836735
2341.83673469388,5500
2331.63265306122,5510.20408163265
2321.42857142857,5520.40816326531
2311.22448979592,5520.40816326531
2301.02040816327,5520.40816326531
2301.02040816327,5530.61224489796
2290.81632653061,5530.61224489796
2280.61224489796,5540.81632653061
2270.40816326531,5540.81632653061
2270.40816326531,5551.02040816327
2260.20408163265,5551.02040816327
2250,5561.22448979592
2239.79591836735,5571.42857142857
2229.59183673469,5571.42857142857
2219.38775510204,5571.42857142857
2219.38775510204,5581.63265306123
2209.18367346939,5581.63265306123
2198.97959183673,5581.63265306123
2188.77551020408,5591.83673469388
2178.57142857143,5591.83673469388
2168.36734693877,5602.04081632653
2158.16326530612,5602.04081632653
2147.95918367347,5612.24489795919
2137.75510204082,5622.44897959184
2127.55102040816,5622.44897959184
2117.34693877551,5622.44897959184
2107.14285714286,5632.65306122449
2096.9387755102,5632.65306122449
2096.9387755102,5642.85714285714
2086.73469387755,5642.85714285714
2076.5306122449,5642.85714285714
2066.32653061224,5653.0612244898
2056.12244897959,5653.0612244898
2045.91836734694,5653.0612244898
2035.71428571429,5653.0612244898
2025.51020408163,5653.0612244898
2015.30612244898,5663.26530612245
2005.10204081633,5663.26530612245
1994.89795918367,5663.26530612245
1984.69387755102,5663.26530612245
1974.48979591837,5663.26530612245
1964.28571428571,5663.26530612245
1954.08163265306,5663.26530612245
1943.87755102041,5663.26530612245
1933.67346938776,5663.26530612245
1923.4693877551,5663.26530612245
1913.26530612245,5663.26530612245
1903.0612244898,5653.0612244898
1892.85714285714,5653.0612244898
1882.65306122449,5653.0612244898
1882.65306122449,5642.85714285714
1872.44897959184,5642.85714285714
1862.24489795918,5632.65306122449
1852.04081632653,5632.65306122449
1841.83673469388,5632.65306122449
1841.83673469388,5622.44897959184
1831.63265306122,5622.44897959184
1821.42857142857,5612.24489795919
1811.22448979592,5612.24489795919
1801.02040816327,5602.04081632653
1790.81632653061,5602.04081632653
1790.81632653061,5591.83673469388
1780.61224489796,5591.83673469388
1770.40816326531,5581.63265306123
1760.20408163265,5571.42857142857
1750,5561.22448979592
1739.79591836735,5551.02040816327
1729.59183673469,5540.81632653061
1719.38775510204,5530.61224489796
1719.38775510204,5520.40816326531
1709.18367346939,5520.40816326531
1709.18367346939,5510.20408163265
1698.97959183673,5500
1698.97959183673,5489.79591836735
1688.77551020408,5479.59183673469
1688.77551020408,5469.38775510204
1678.57142857143,5469.38775510204
1678.57142857143,5459.18367346939
1678.57142857143,5448.97959183674
1668.36734693877,5438.77551020408
1668.36734693877,5428.57142857143
1658.16326530612,5428.57142857143
1658.16326530612,5418.36734693878
1658.16326530612,5408.16326530612
1658.16326530612,5397.95918367347
1647.95918367347,5397.95918367347
1647.95918367347,5387.75510204082
1637.75510204082,5377.55102040816
1637.75510204082,5367.34693877551
1637.75510204082,5357.14285714286
1627.55102040816,5346.93877551021
1627.55102040816,5336.73469387755
1627.55102040816,5326.5306122449
1617.34693877551,5326.5306122449
1617.34693877551,5316.32653061225
1617.34693877551,5306.12244897959
1617.34693877551,5295.91836734694
1617.34693877551,5285.71428571429
1617.34693877551,5275.51020408163
1617.34693877551,5265.30612244898
1617.34693877551,5255.10204081633
1617.34693877551,5244.89795918368
1617.34693877551,5244.89795918368
1617.94551131545,5243.6468212889
1617.6468212889,5242.94551131545
1616.94551131545,5242
1616.05448868455,5241
1615.29869002655,5240
1614.755798658,5239
1614.3531787111,5238
1614.3531787111,5237
1614.6468212889,5236
1614.70130997345,5235
1614.54289136856,5234
1614.51159731599,5233
1614.59738005311,5232
1615,5231
1615.40261994689,5230
1615.54289136856,5229
1615.70130997345,5228
1615.59233260435,5227
1615.05448868455,5226
1614.7063574222,5225
1615,5224
1615.2936425778,5223
1614.8910226309,5222
1614.05448868455,5221
1613.29869002655,5220
1612.81028734255,5219
1612.59738005311,5218
1612.70130997345,5217
1612.59233260435,5216
1612.05448868455,5215
1611.65186873766,5214
1611.70130997345,5213
1611.70130997345,5212
1611.54289136856,5211
1611.40261994689,5210
1610.8910226309,5209
1610,5208
1609.05448868455,5207
1608.29869002655,5206
1607.755798658,5205
1607.3531787111,5204
1607.29869002655,5203
1607.34813126234,5202
1606.94551131545,5201
1606.40766739565,5200
1606.29869002655,5199
1606.34813126234,5198
1605.8910226309,5197
1605.05448868455,5196
1604.40766739565,5195
1604.29869002655,5194
1604.45710863144,5193
1604.54289136856,5192
1604.70130997345,5191
1604.59233260435,5190
1603.94551131545,5189
1603.05448868455,5188
1602.3531787111,5187
1602.05448868455,5186
1602.05448868455,5185
1602.3531787111,5184
1602.94551131545,5183
1603.34813126234,5182
1603.18971265745,5181
1602.81028734255,5180
1602.54289136856,5179
1602.40261994689,5178
1602,5177
1601.7063574222,5176
1602.05448868455,5175
1602.70130997345,5174
1603.29869002655,5173
1604,5172
1604.6468212889,5171
1604.94551131545,5170
1605.05448868455,5169
1605.3531787111,5168
1606,5167
1606.59233260435,5166
1606.6468212889,5165
1606.3531787111,5164
1606.3531787111,5163
1606.755798658,5162
1607.18971265745,5161
1607.40261994689,5160
1607.244201342,5159
1607.1089773691,5158
1607.3531787111,5157
1607.94551131545,5156
1608.34813126234,5155
1608.29869002655,5154
1608.40766739565,5153
1608.94551131545,5152
1609.34813126234,5151
1609.18971265745,5150
1608.81028734255,5149
1608.65186873766,5148
1609.05448868455,5147
1609.59233260435,5146
1609.59233260435,5145
1608.94551131545,5144
1608.05448868455,5143
1607.29869002655,5142
1606.755798658,5141
1606.244201342,5140
1605.755798658,5139
1605.244201342,5138
1604.81028734255,5137
1604.65186873766,5136
1605.1089773691,5135
1606,5134
1606.94551131545,5133
1607.59233260435,5132
1607.70130997345,5131
1607.65186873766,5130
1608.05448868455,5129
1608.70130997345,5128
1609.29869002655,5127
1610.05448868455,5126
1610.94551131545,5125
1611.59233260435,5124
1611.6468212889,5123
1611.244201342,5122
1610.81028734255,5121
1610.65186873766,5120
1611.05448868455,5119
1611.59233260435,5118
1611.6468212889,5117
1611.244201342,5116
1610.70130997345,5115
1610.05448868455,5114
1609.65186873766,5113
1609.70130997345,5112
1609.59233260435,5111
1609.05448868455,5110
1608.59738005311,5109
1608.40261994689,5108
1607.94551131545,5107
1607.29869002655,5106
1606.81028734255,5105
1606.65186873766,5104
1607,5103
1607.2936425778,5102
1607,5101
1606.7063574222,5100
1607,5099
1607.2936425778,5098
1607,5097
1606.59738005311,5096
1606.40261994689,5095
1606,5094
1605.65186873766,5093
1605.755798658,5092
1606,5091
1606.244201342,5090
1606.45710863144,5089
1606.59738005311,5088
1607.05448868455,5087
1607.59233260435,5086
1607.6468212889,5085
1607.244201342,5084
1606.81028734255,5083
1606.59738005311,5082
1606.81028734255,5081
1607.244201342,5080
1607.755798658,5079
1608.244201342,5078
1608.755798658,5077
1609.29869002655,5076
1609.94551131545,5075
1610.29364257779,5074
1610,5073
1609.7063574222,5072
1610.05448868455,5071
1610.70130997345,5070
1611.29869002655,5069
1612,5068
1612.6468212889,5067
1613,5066
1613.244201342,5065
1613.40261994689,5064
1613.29869002655,5063
1613.40766739565,5062
1614.05448868455,5061
1614.94551131545,5060
1615.6468212889,5059
1616,5058
1616.244201342,5057
1616.45710863144,5056
1616.59738005311,5055
1617,5054
1617.40261994689,5053
1617.59738005311,5052
1618.1089773691,5051
1619,5050.05448868455
1620,5049.29869002655
1621,5048.70130997345
1621.8910226309,5047.94551131545
1622.34813126234,5047
1622.244201342,5046
1622.05448868455,5045
1621.94551131545,5044
1621.70130997345,5043
1621.244201342,5042
1620.755798658,5041
1620.3531787111,5040
1620.29869002655,5039
1620.40261994689,5038
1620.18971265745,5037
1619.81028734255,5036
1619.54289136856,5035
1619.51159731599,5034
1619.59738005311,5033
1620.1089773691,5032
1620.94551131545,5031
1621.59233260435,5030
1621.6468212889,5029
1621.244201342,5028
1620.70130997345,5027
1619.94551131545,5026
1619,5025
1618,5024
1617.1089773691,5023
1616.59738005311,5022
1616.45710863144,5021
1616.29869002655,5020
1616.40766739565,5019
1616.94551131545,5018
1617.29364257779,5017
1616.8910226309,5016
1616.05448868455,5015
1615.40766739565,5014
1615.3531787111,5013
1615.755798658,5012
1616.29869002655,5011
1616.94551131545,5010
1617.29364257779,5009
1616.8910226309,5008
1616.05448868455,5007
1615.40766739565,5006
1615.29869002655,5005
1615.40261994689,5004
1615.244201342,5003
1615,5002
1614.755798658,5001
1614.65186873766,5000
1615,4999
1615.2936425778,4998
1614.94551131545,4997
1614.29869002655,4996
1613.81028734255,4995
1613.65186873766,4994
1614.05448868455,4993
1614.6468212889,4992
1614.8910226309,4991
1614.70130997345,4990
1614.3531787111,4989
1614.29869002655,4988
1614.34813126234,4987
1614,4986
1613.7063574222,4985
1614.1089773691,4984
1614.8910226309,4983
1615.2936425778,4982
1614.8910226309,4981
1614.1089773691,4980
1613.7063574222,4979
1614.1089773691,4978
1614.8910226309,4977
1615.34813126234,4976
1615.18971265745,4975
1614.81028734255,4974
1614.54289136856,4973
1614.51159731599,4972
1614.48840268401,4971
1614.45710863144,4970
1614.29869002655,4969
1614.40766739565,4968
1615.05448868455,4967
1616,4966
1616.8910226309,4965
1617.34813126234,4964
1617.29869002655,4963
1617.29869002655,4962
1617.34813126234,4961
1616.94551131545,4960
1616.40766739565,4959
1616.29869002655,4958
1616.34813126234,4957
1616,4956
1615.65186873766,4955
1615.70130997345,4954
1615.70130997345,4953
1615.59738005311,4952
1615.81028734255,4951
1616.244201342,4950.05448868455
1616.70130997345,4949.3531787111
1627.55102040816,4948.97959183674
1637.75510204082,4938.77551020408
1637.75510204082,4928.57142857143
1647.95918367347,4928.57142857143
1647.95918367347,4918.36734693878
1658.16326530612,4918.36734693878
1658.16326530612,4908.16326530612
1658.16326530612,4897.95918367347
1668.36734693877,4887.75510204082
1668.36734693877,4877.55102040816
1668.36734693877,4867.34693877551
1678.57142857143,4857.14285714286
1678.57142857143,4846.93877551021
1688.77551020408,4836.73469387755
1688.77551020408,4826.5306122449
1698.97959183673,4816.32653061225
1698.97959183673,4806.12244897959
1698.97959183673,4795.91836734694
1709.18367346939,4785.71428571429
1709.18367346939,4775.51020408163
1719.38775510204,4765.30612244898
1719.38775510204,4755.10204081633
1719.38775510204,4744.89795918368
1729.59183673469,4734.69387755102
1729.59183673469,4724.48979591837
1739.79591836735,4714.28571428572
1739.79591836735,4704.08163265306
1750,4693.87755102041
1750,4683.67346938776
1760.20408163265,4683.67346938776
1760.20408163265,4673.4693877551
1770.40816326531,4663.26530612245
1770.40816326531,4653.0612244898
1780.61224489796,4642.85714285714
1780.61224489796,4632.65306122449
1780.61224489796,4622.44897959184
1801.02040816327,4602.04081632653
1801.02040816327,4591.83673469388
1811.22448979592,4591.83673469388
1811.22448979592,4581.63265306123
1821.42857142857,4571.42857142857
1821.42857142857,4561.22448979592
1831.63265306122,4551.02040816327
1831.63265306122,4540.81632653061
1841.83673469388,4530.61224489796
1852.04081632653,4520.40816326531
1852.04081632653,4510.20408163265
1862.24489795918,4510.20408163265
1862.24489795918,4500
1872.44897959184,4489.79591836735
1872.44897959184,4479.59183673469
1882.65306122449,4479.59183673469
1882.65306122449,4469.38775510204
1892.85714285714,4469.38775510204
1892.85714285714,4459.18367346939
1903.0612244898,4459.18367346939
1903.0612244898,4448.97959183674
1913.26530612245,4448.97959183674
1913.26530612245,4438.77551020408
1923.4693877551,4438.77551020408
1923.4693877551,4428.57142857143
1933.67346938776,4418.36734693878
1943.87755102041,4408.16326530612
1943.87755102041,4397.95918367347
1954.08163265306,4397.95918367347
1954.08163265306,4387.75510204082
1964.28571428571,4387.75510204082
1964.28571428571,4377.55102040816
1974.48979591837,4367.34693877551
1974.48979591837,4357.14285714286
1974.48979591837,4346.93877551021
1974.48979591837,4336.73469387755
1984.69387755102,4336.73469387755
1984.69387755102,4326.5306122449
1984.69387755102,4316.32653061225
1984.69387755102,4306.12244897959
1994.89795918367,4295.91836734694
1994.89795918367,4275.51020408163
1994.89795918367,4265.30612244898
2005.10204081633,4255.10204081633
2005.10204081633,4244.89795918368
2005.10204081633,4234.69387755102
2005.10204081633,4224.48979591837
2005.10204081633,4214.28571428572
2015.30612244898,4204.08163265306
2015.30612244898,4193.87755102041
2015.30612244898,4183.67346938776
2015.30612244898,4173.4693877551
2015.30612244898,4163.26530612245
2015.30612244898,4153.0612244898
2015.30612244898,4142.85714285714
2015.30612244898,4132.65306122449
2015.30612244898,4122.44897959184
2015.30612244898,4112.24489795918
2015.30612244898,4102.04081632653
2015.30612244898,4091.83673469388
2015.30612244898,4081.63265306123
2015.30612244898,4071.42857142857
2015.30612244898,4061.22448979592
2015.30612244898,4051.02040816327
2015.30612244898,4040.81632653061
2015.30612244898,4030.61224489796
2015.30612244898,4020.40816326531
2015.30612244898,4010.20408163265
2015.30612244898,4000
2015.30612244898,3989.79591836735
2025.51020408163,3979.59183673469
2025.51020408163,3969.38775510204
2025.51020408163,3959.18367346939
2025.51020408163,3959.18367346939
2025.51020408163,3938.77551020408
2025.51020408163,3928.57142857143
2025.51020408163,3918.36734693878
2025.51020408163,3877.55102040816
2025.51020408163,3867.34693877551
2025.51020408163,3857.14285714286
2025.51020408163,3846.93877551021
2025.51020408163,3836.73469387755
2015.30612244898,3826.5306122449
2015.30612244898,3816.32653061225
2015.30612244898,3806.12244897959
2015.30612244898,3795.91836734694
2015.30612244898,3785.71428571429
2015.30612244898,3765.30612244898
2015.30612244898,3755.10204081633
2015.30612244898,3744.89795918367
2015.30612244898,3734.69387755102
2015.30612244898,3724.48979591837
2005.10204081633,3714.28571428572
2005.10204081633,3704.08163265306
2005.10204081633,3693.87755102041
2005.10204081633,3683.67346938776
2005.10204081633,3673.4693877551
2005.10204081633,3653.0612244898
2005.10204081633,3642.85714285714
2005.10204081633,3632.65306122449
2005.10204081633,3622.44897959184
2005.10204081633,3612.24489795918
2005.10204081633,3602.04081632653
2005.10204081633,3591.83673469388
2005.10204081633,3581.63265306123
2005.10204081633,3571.42857142857
2005.10204081633,3551.02040816327
2005.10204081633,3540.81632653061
1994.89795918367,3530.61224489796
1994.89795918367,3510.20408163265
1994.89795918367,3500
1994.89795918367,3489.79591836735
1994.89795918367,3479.59183673469
1994.89795918367,3469.38775510204
1994.89795918367,3459.18367346939
1994.89795918367,3448.97959183674
1984.69387755102,3428.57142857143
1984.69387755102,3418.36734693878
1974.48979591837,3387.75510204082
1974.48979591837,3377.55102040816
1964.28571428571,3367.34693877551
1964.28571428571,3357.14285714286
1954.08163265306,3346.93877551021
1954.08163265306,3336.73469387755
1954.08163265306,3326.5306122449
1954.08163265306,3316.32653061225
1943.87755102041,3295.91836734694
1943.87755102041,3285.71428571429
1943.87755102041,3275.51020408163
1943.87755102041,3265.30612244898
1933.67346938776,3255.10204081633
1933.67346938776,3244.89795918367
1923.4693877551,3234.69387755102
1923.4693877551,3224.48979591837
1923.4693877551,3214.28571428572
1913.26530612245,3204.08163265306
1913.26530612245,3193.87755102041
1903.0612244898,3183.67346938776
1903.0612244898,3173.4693877551
1903.0612244898,3163.26530612245
1903.0612244898,3153.0612244898
1892.85714285714,3153.0612244898
1892.85714285714,3142.85714285714
1892.85714285714,3132.65306122449
1892.85714285714,3122.44897959184
1882.65306122449,3112.24489795918
1882.65306122449,3102.04081632653
1882.65306122449,3091.83673469388
1872.44897959184,3081.63265306123
1872.44897959184,3071.42857142857
1872.44897959184,3061.22448979592
1872.44897959184,3051.02040816327
1862.24489795918,3040.81632653061
1862.24489795918,3030.61224489796
1852.04081632653,3020.40816326531
1852.04081632653,3010.20408163265
1852.04081632653,3000
1841.83673469388,2989.79591836735
1841.83673469388,2979.59183673469
1831.63265306122,2979.59183673469
1831.63265306122,2969.38775510204
1821.42857142857,2959.18367346939
1821.42857142857,2948.97959183674
1811.22448979592,2938.77551020408
1811.22448979592,2928.57142857143
1801.02040816327,2918.36734693878
1801.02040816327,2908.16326530612
1790.81632653061,2897.95918367347
1790.81632653061,2887.75510204082
1780.61224489796,2877.55102040816
1770.40816326531,2867.34693877551
1760.20408163265,2857.14285714286
1750,2846.93877551021
1739.79591836735,2836.73469387755
1739.79591836735,2826.5306122449
1729.59183673469,2826.5306122449
1719.38775510204,2816.32653061225
1709.18367346939,2816.32653061225
1709.18367346939,2806.12244897959
1698.97959183673,2806.12244897959
1678.57142857143,2795.91836734694
1668.36734693877,2795.91836734694
1658.16326530612,2795.91836734694
1647.95918367347,2785.71428571429
1637.75510204082,2785.71428571429
1627.55102040816,2775.51020408163
1617.34693877551,2775.51020408163
1607.14285714286,2775.51020408163
1596.9387755102,2775.51020408163
1586.73469387755,2775.51020408163
1576.5306122449,2775.51020408163
1576.5306122449,2765.30612244898
1566.32653061224,2765.30612244898
1545.91836734694,2765.30612244898
1525.51020408163,2765.30612244898
1505.10204081633,2765.30612244898
1494.89795918367,2765.30612244898
1484.69387755102,2765.30612244898
1474.48979591837,2765.30612244898
1464.28571428571,2765.30612244898
1454.08163265306,2765.30612244898
1443.87755102041,2765.30612244898
1433.67346938776,2765.30612244898
1423.4693877551,2765.30612244898
1413.26530612245,2755.10204081633
1403.0612244898,2755.10204081633
1392.85714285714,2755.10204081633
1382.65306122449,2755.10204081633
1372.44897959184,2755.10204081633
1362.24489795918,2755.10204081633
1352.04081632653,2744.89795918367
1341.83673469388,2744.89795918367
1321.42857142857,2744.89795918367
1311.22448979592,2744.89795918367
1301.02040816327,2744.89795918367
1290.81632653061,2744.89795918367
1280.61224489796,2744.89795918367
1270.40816326531,2744.89795918367
1260.20408163265,2734.69387755102
1250,2734.69387755102
1239.79591836735,2734.69387755102
1229.59183673469,2734.69387755102
1209.18367346939,2734.69387755102
1198.97959183673,2734.69387755102
1188.77551020408,2734.69387755102
1188.77551020408,2724.48979591837
1178.57142857143,2724.48979591837
1168.36734693877,2724.48979591837
1158.16326530612,2724.48979591837
1158.16326530612,2714.28571428572
1147.95918367347,2714.28571428572
1137.75510204082,2714.28571428572
1127.55102040816,2704.08163265306
1117.34693877551,2704.08163265306
1107.14285714286,2693.87755102041
1096.9387755102,2693.87755102041
1086.73469387755,2693.87755102041
1076.5306122449,2683.67346938776
1066.32653061224,2683.67346938776
1056.12244897959,2683.67346938776
1045.91836734694,2683.67346938776
1045.91836734694,2673.4693877551
1025.51020408163,2673.4693877551
1015.30612244898,2673.4693877551
1015.30612244898,2663.26530612245
1005.10204081633,2663.26530612245
994.897959183673,2653.0612244898
984.69387755102,2642.85714285714
974.489795918367,2642.85714285714
964.285714285714,2632.65306122449
954.081632653061,2622.44897959184
943.877551020408,2612.24489795918
933.673469387755,2591.83673469388
923.469387755102,2581.63265306123
913.265306122449,2571.42857142857
903.061224489796,2571.42857142857
903.061224489796,2561.22448979592
892.857142857143,2551.02040816327
882.65306122449,2551.02040816327
872.448979591836,2540.81632653061
872.448979591836,2530.61224489796
862.244897959184,2520.40816326531
852.04081632653,2520.40816326531
852.04081632653,2510.20408163265
841.836734693878,2510.20408163265
831.632653061224,2500
831.632653061224,2489.79591836735
821.428571428572,2479.59183673469
821.428571428572,2469.38775510204
821.428571428572,2469.38775510204
822.353178711102,2467.6468212889
823,2466.94551131545
823.592332604348,2466
823.592332604348,2465
822.94551131545,2464
822,2463
821,2462
820,2461
819.108977369099,2460
818.597380053106,2459
818.457108631444,2458
818.189712657454,2457
817.755798657997,2456
817.244201342003,2455
816.755798657997,2454
816.244201342003,2453
815.701309973447,2452
814.94551131545,2451
814,2450
813.108977369099,2449
812.706357422205,2448
813.108977369099,2447
814,2446
814.891022630901,2445
815.402619946894,2444
815.488402684006,2443
815.511597315993,2442
815.488402684006,2441
815.402619946894,2440
814.891022630901,2439
814.108977369099,2438
813.706357422205,2437
814.108977369099,2436
815,2435
815.94551131545,2434
816.592332604348,2433
816.592332604348,2432
816.05448868455,2431
815.597380053106,2430
815.511597315993,2429
815.597380053106,2428
816.108977369099,2427
816.891022630901,2426
817.348131262345,2425
817.298690026553,2424
817.298690026553,2423
817.457108631444,2422
817.488402684006,2421
817.402619946894,2420
816.94551131545,2419
816.298690026553,2418
815.810287342546,2417
815.542891368556,2416
815.457108631444,2415
815.189712657453,2414
814.755798657997,2413
814.298690026553,2412
814,2411
813.646821288897,2410
812.94551131545,2409
812.108977369099,2408
811.597380053106,2407
811.402619946894,2406
810.891022630901,2405
810,2404
809.108977369099,2403
808.597380053106,2402
808.511597315993,2401
808.488402684006,2400
808.402619946894,2399
807.94551131545,2398
807.407667395652,2397
807.407667395652,2396
807.94551131545,2395
808.293642577795,2394
807.891022630901,2393
807,2392
806,2391
805.05448868455,2390
804.298690026553,2389
803.701309973447,2388
802.94551131545,2387
802,2386
801,2385
800,2384
799,2383
798,2382
797,2381
796.05448868455,2380
795.298690026553,2379
794.701309973447,2378
793.94551131545,2377
793.05448868455,2376
792.298690026553,2375
791.701309973447,2374
790.94551131545,2373
790.05448868455,2372
789.298690026553,2371
788.701309973447,2370
788.05448868455,2369
787.706357422205,2368
788,2367
788.348131262345,2366
788.298690026553,2365
788.407667395652,2364
788.94551131545,2363
789.402619946894,2362
789.488402684006,2361
789.511597315994,2360
789.488402684006,2359
789.511597315994,2358
789.488402684006,2357
789.511597315994,2356
789.542891368556,2355
789.755798657997,2354
789.891022630901,2353
789.646821288897,2352
788.94551131545,2351
788,2350
787,2349
786,2348
785,2347
784,2346
783,2345
782,2344
781.108977369099,2343
780.597380053106,2342
780.511597315994,2341
780.542891368556,2340
780.701309973447,2339
780.701309973447,2338.05448868455
780.597380053106,2337.3531787111
780.755798657997,2337.05448868455
779.94551131545,2335.6468212889
779.701309973447,2334.94551131545
779.353178711103,2334
779.407667395652,2333
780.05448868455,2332
781,2331
781.94551131545,2330
782.701309973447,2329
783.244201342003,2328
783.701309973447,2327
783.891022630901,2326
783.646821288897,2325
782.94551131545,2324
782.108977369099,2323
781.597380053106,2322
781.402619946894,2321
780.891022630901,2320
780.108977369099,2319
779.651868737655,2318
779.701309973447,2317
779.592332604348,2316
778.94551131545,2315
778.108977369099,2314
777.597380053106,2313
777.402619946894,2312
776.891022630901,2311
776,2310
775,2309
774.05448868455,2308
773.298690026553,2307
772.755798657997,2306
772.353178711102,2305
772.407667395652,2304
773.05448868455,2303
773.94551131545,2302
774.646821288898,2301
775,2300
775.353178711102,2299
776,2298
776.592332604348,2297
776.646821288897,2296
776.244201342003,2295
775.701309973447,2294
774.94551131545,2293
774,2292
773.05448868455,2291
772.407667395652,2290
772.407667395652,2289
773,2288
773.701309973447,2287
774.298690026553,2286
774.94551131545,2285
775.293642577795,2284
774.891022630901,2283
774.108977369099,2282
773.706357422205,2281
774,2280
774.348131262345,2279
774.298690026553,2278
774.407667395652,2277
774.94551131545,2276
775.293642577795,2275
774.891022630901,2274
774.108977369099,2273
773.597380053106,2272
773.457108631444,2271
773.189712657454,2270
772.701309973447,2269
771.94551131545,2268
771.108977369099,2267
770.706357422205,2266
771.108977369099,2265
772,2264
772.891022630901,2263
773.402619946894,2262
773.488402684006,2261
773.402619946894,2260
772.94551131545,2259
772.298690026553,2258
771.701309973447,2257
771,2256.05448868455
770.353178711102,2255.3531787111
780.612244897959,2244.89795918367
790.816326530612,2214.28571428572
790.816326530612,2204.08163265306
790.816326530612,2193.87755102041
801.020408163266,2183.67346938776
801.020408163266,2173.4693877551
811.224489795918,2173.4693877551
811.224489795918,2163.26530612245
821.428571428572,2153.0612244898
821.428571428572,2142.85714285714
831.632653061224,2132.65306122449
831.632653061224,2122.44897959184
841.836734693878,2112.24489795918
841.836734693878,2102.04081632653
852.04081632653,2102.04081632653
852.04081632653,2091.83673469388
852.04081632653,2081.63265306123
862.244897959184,2071.42857142857
872.448979591836,2061.22448979592
872.448979591836,2051.02040816327
882.65306122449,2040.81632653061
882.65306122449,2030.61224489796
882.65306122449,2020.40816326531
892.857142857143,2020.40816326531
892.857142857143,2010.20408163265
903.061224489796,2010.20408163265
903.061224489796,2000
903.061224489796,1989.79591836735
913.265306122449,1989.79591836735
913.265306122449,1979.59183673469
923.469387755102,1979.59183673469
923.469387755102,1969.38775510204
933.673469387755,1959.18367346939
933.673469387755,1948.97959183674
943.877551020408,1938.77551020408
954.081632653061,1928.57142857143
964.285714285714,1918.36734693878
964.285714285714,1908.16326530612
974.489795918367,1908.16326530612
974.489795918367,1897.95918367347
984.69387755102,1897.95918367347
984.69387755102,1887.75510204082
994.897959183673,1877.55102040816
1005.10204081633,1877.55102040816
1015.30612244898,1867.34693877551
1015.30612244898,1857.14285714286
1025.51020408163,1846.93877551021
1035.71428571429,1836.73469387755
1045.91836734694,1826.5306122449
1056.12244897959,1826.5306122449
1056.12244897959,1816.32653061225
1066.32653061224,1806.12244897959
1076.5306122449,1806.12244897959
1076.5306122449,1795.91836734694
1086.73469387755,1795.91836734694
1086.73469387755,1785.71428571429
1096.9387755102,1785.71428571429
1107.14285714286,1775.51020408163
1117.34693877551,1765.30612244898
1127.55102040816,1765.30612244898
1127.55102040816,1755.10204081633
1137.75510204082,1755.10204081633
1137.75510204082,1744.89795918367
1147.95918367347,1744.89795918367
1147.95918367347,1734.69387755102
1158.16326530612,1734.69387755102
1168.36734693877,1724.48979591837
1178.57142857143,1724.48979591837
1178.57142857143,1714.28571428572
1188.77551020408,1714.28571428572
1209.18367346939,1704.08163265306
1219.38775510204,1693.87755102041
1229.59183673469,1693.87755102041
1239.79591836735,1683.67346938776
1250,1673.4693877551
1260.20408163265,1673.4693877551
1270.40816326531,1663.26530612245
1290.81632653061,1653.0612244898
1301.02040816327,1653.0612244898
1301.02040816327,1642.85714285714
1311.22448979592,1642.85714285714
1321.42857142857,1642.85714285714
1321.42857142857,1632.65306122449
1331.63265306122,1632.65306122449
1341.83673469388,1622.44897959184
1352.04081632653,1622.44897959184
1362.24489795918,1612.24489795918
1372.44897959184,1602.04081632653
1382.65306122449,1602.04081632653
1392.85714285714,1602.04081632653
1403.0612244898,1591.83673469388
1413.26530612245,1591.83673469388
1423.4693877551,1591.83673469388
1433.67346938776,1581.63265306123
1454.08163265306,1571.42857142857
1464.28571428571,1571.42857142857
1474.48979591837,1571.42857142857
1484.69387755102,1561.22448979592
1494.89795918367,1561.22448979592
1505.10204081633,1561.22448979592
1515.30612244898,1561.22448979592
1525.51020408163,1551.02040816327
1535.71428571429,1551.02040816327
1545.91836734694,1551.02040816327
1556.12244897959,1540.81632653061
1576.5306122449,1540.81632653061
1586.73469387755,1530.61224489796
1596.9387755102,1530.61224489796
1607.14285714286,1530.61224489796
1617.34693877551,1530.61224489796
1627.55102040816,1530.61224489796
1637.75510204082,1530.61224489796
1647.95918367347,1520.40816326531
1658.16326530612,1520.40816326531
1668.36734693877,1520.40816326531
1678.57142857143,1520.40816326531
1688.77551020408,1520.40816326531
1698.97959183673,1510.20408163265
1709.18367346939,1510.20408163265
1719.38775510204,1510.20408163265
1739.79591836735,1510.20408163265
1739.79591836735,1500
1750,1500
1760.20408163265,1500
1770.40816326531,1500
1780.61224489796,1489.79591836735
1790.81632653061,1489.79591836735
1801.02040816327,1489.79591836735
1811.22448979592,1489.79591836735
1821.42857142857,1479.59183673469
1831.63265306122,1479.59183673469
1841.83673469388,1479.59183673469
1852.04081632653,1469.38775510204
1862.24489795918,1469.38775510204
1872.44897959184,1469.38775510204
1882.65306122449,1469.38775510204
1892.85714285714,1469.38775510204
1892.85714285714,1459.18367346939
1903.0612244898,1459.18367346939
1913.26530612245,1459.18367346939
1923.4693877551,1459.18367346939
1933.67346938776,1459.18367346939
1943.87755102041,1448.97959183674
1954.08163265306,1448.97959183674
1964.28571428571,1448.97959183674
1974.48979591837,1448.97959183674
1984.69387755102,1448.97959183674
1994.89795918367,1448.97959183674
2005.10204081633,1438.77551020408
2015.30612244898,1438.77551020408
2025.51020408163,1438.77551020408
2035.71428571429,1438.77551020408
2045.91836734694,1428.57142857143
2056.12244897959,1428.57142857143
2066.32653061224,1428.57142857143
2076.5306122449,1428.57142857143
2086.73469387755,1428.57142857143
2096.9387755102,1428.57142857143
2096.9387755102,1418.36734693878
2107.14285714286,1418.36734693878
2117.34693877551,1418.36734693878
2137.75510204082,1418.36734693878
2147.95918367347,1418.36734693878
2158.16326530612,1418.36734693878
2178.57142857143,1418.36734693878
2198.97959183673,1418.36734693878
2209.18367346939,1418.36734693878
2219.38775510204,1418.36734693878
2229.59183673469,1418.36734693878
2239.79591836735,1418.36734693878
2250,1418.36734693878
2270.40816326531,1418.36734693878
2280.61224489796,1418.36734693878
2290.81632653061,1418.36734693878
2301.02040816327,1418.36734693878
2311.22448979592,1418.36734693878
2321.42857142857,1418.36734693878
2331.63265306122,1418.36734693878
2341.83673469388,1418.36734693878
2352.04081632653,1418.36734693878
2362.24489795918,1418.36734693878
2372.44897959184,1418.36734693878
2382.65306122449,1418.36734693878
2392.85714285714,1418.36734693878
2403.0612244898,1418.36734693878
2413.26530612245,1418.36734693878
2423.4693877551,1428.57142857143
2433.67346938775,1428.57142857143
2443.87755102041,1428.57142857143
2454.08163265306,1428.57142857143
2464.28571428571,1428.57142857143
2474.48979591837,1428.57142857143
2484.69387755102,1428.57142857143
2494.89795918367,1438.77551020408
2505.10204081633,1438.77551020408
2515.30612244898,1438.77551020408
2525.51020408163,1438.77551020408
2535.71428571429,1438.77551020408
2545.91836734694,1448.97959183674
2556.12244897959,1448.97959183674
2566.32653061224,1448.97959183674
2576.5306122449,1459.18367346939
2586.73469387755,1459.18367346939
2596.9387755102,1459.18367346939
2607.14285714286,1459.18367346939
2607.14285714286,1469.38775510204
2617.34693877551,1469.38775510204
2627.55102040816,1469.38775510204
2637.75510204082,1469.38775510204
2647.95918367347,1469.38775510204
2658.16326530612,1469.38775510204
2668.36734693877,1469.38775510204
2668.36734693877,1479.59183673469
2678.57142857143,1479.59183673469
2698.97959183674,1479.59183673469
2709.18367346939,1479.59183673469
2719.38775510204,1479.59183673469
2729.59183673469,1479.59183673469
2729.59183673469,1489.79591836735
2739.79591836735,1489.79591836735
2750,1489.79591836735
2760.20408163265,1489.79591836735
2780.61224489796,1500
2790.81632653061,1500
2801.02040816326,1500
2811.22448979592,1500
2821.42857142857,1510.20408163265
2831.63265306123,1510.20408163265
2841.83673469388,1510.20408163265
2852.04081632653,1510.20408163265
2852.04081632653,1520.40816326531
2862.24489795918,1520.40816326531
2872.44897959184,1520.40816326531
2882.65306122449,1530.61224489796
2892.85714285714,1530.61224489796
2903.0612244898,1530.61224489796
2913.26530612245,1540.81632653061
2923.4693877551,1540.81632653061
2933.67346938775,1551.02040816327
2943.87755102041,1551.02040816327
2954.08163265306,1561.22448979592
2964.28571428571,1561.22448979592
2974.48979591837,1561.22448979592
2974.48979591837,1571.42857142857
2984.69387755102,1581.63265306123
2994.89795918367,1581.63265306123
2994.89795918367,1591.83673469388
3005.10204081633,1591.83673469388
3005.10204081633,1602.04081632653
3015.30612244898,1602.04081632653
3015.30612244898,1612.24489795918
3025.51020408163,1612.24489795918
3035.71428571429,1622.44897959184
3045.91836734694,1632.65306122449
3045.91836734694,1642.85714285714
3056.12244897959,1653.0612244898
3066.32653061224,1653.0612244898
3066.32653061224,1663.26530612245
3076.5306122449,1663.26530612245
3076.5306122449,1673.4693877551
3086.73469387755,1683.67346938776
3086.73469387755,1693.87755102041
3096.9387755102,1704.08163265306
3096.9387755102,1714.28571428572
3107.14285714286,1724.48979591837
3107.14285714286,1734.69387755102
3117.34693877551,1734.69387755102
3117.34693877551,1744.89795918367
3117.34693877551,1755.10204081633
3117.34693877551,1765.30612244898
3117.34693877551,1775.51020408163
3127.55102040816,1795.91836734694
3137.75510204082,1806.12244897959
3137.75510204082,1816.32653061225
3137.75510204082,1826.5306122449
3137.75510204082,1836.73469387755
3147.95918367347,1846.93877551021
3147.95918367347,1857.14285714286
3158.16326530612,1857.14285714286
3158.16326530612,1867.34693877551
3158.16326530612,1877.55102040816
3168.36734693877,1887.75510204082
3168.36734693877,1897.95918367347
3168.36734693877,1908.16326530612
3178.57142857143,1908.16326530612
3178.57142857143,1918.36734693878
3178.57142857143,1928.57142857143
3178.57142857143,1938.77551020408
3188.77551020408,1948.97959183674
3188.77551020408,1959.18367346939
3188.77551020408,1969.38775510204
3198.97959183674,1979.59183673469
3198.97959183674,1989.79591836735
3209.18367346939,2000
3209.18367346939,2010.20408163265
3219.38775510204,2020.40816326531
3219.38775510204,2030.61224489796
3219.38775510204,2040.81632653061
3229.59183673469,2051.02040816327
3229.59183673469,2061.22448979592
3229.59183673469,2071.42857142857
3239.79591836735,2081.63265306123
3239.79591836735,2091.83673469388
3239.79591836735,2102.04081632653
3250,2112.24489795918
3250,2122.44897959184
3250,2132.65306122449
3250,2142.85714285714
3260.20408163265,2153.0612244898
3260.20408163265,2163.26530612245
3260.20408163265,2173.4693877551
3270.40816326531,2183.67346938776
3280.61224489796,2183.67346938776
3280.61224489796,2193.87755102041
3280.61224489796,2193.87755102041
3279.6468212889,2195.3531787111
3279,2196.05448868455
3278.29869002655,2197
3277.70130997345,2198
3277.05448868455,2199
3276.59738005311,2200
3276.51159731599,2201
3276.48840268401,2202
3276.51159731599,2203
3276.54289136856,2204
3276.81028734255,2205
3277.244201342,2206
3277.755798658,2207
3278.244201342,2208
3278.6468212889,2209
3278.6468212889,2210
3278.3531787111,2211
3278.29869002655,2212
3278.45710863144,2213
3278.48840268401,2214
3278.51159731599,2215
3278.48840268401,2216
3278.40261994689,2217
3278,2218
3277.7063574222,2219
3278,2220
3278.29364257779,2221
3277.94551131545,2222
3277.40766739565,2223
3277.40766739565,2224
3278.05448868455,2225
3279,2226
3279.8910226309,2227
3280.34813126234,2228
3280.29869002655,2229
3280.3531787111,2230
3280.755798658,2231
3281.29869002655,2232
3282.05448868455,2233
3283,2234
3284,2235
3285,2236
3286,2236.94551131545
3287,2237.70130997345
3288,2238.29869002655
3288.94551131545,2239.05448868455
3289.70130997345,2240
3290.244201342,2241
3290.70130997345,2242
3290.94551131545,2243
3291.05448868455,2244
3291.244201342,2245
3291.45710863144,2246
3291.48840268401,2247
3291.45710863144,2248
3291.29869002655,2249
3291.40766739565,2250
3292.05448868455,2250.94551131545
3292.94551131545,2251.70130997345
3293.70130997345,2252.29869002655
3294.29869002655,2253.05448868455
3295.05448868455,2254
3296,2255
3296.94551131545,2256
3297.6468212889,2257
3297.94551131545,2258
3298.05448868455,2259
3298.29869002655,2260
3298.755798658,2261
3299.244201342,2262
3299.755798658,2263
3300.29869002655,2264
3301.05448868455,2265
3302,2266
3303,2267
3303.94551131545,2268
3304.70130997345,2269
3305.29869002655,2270
3306.05448868455,2270.94551131545
3307,2271.70130997345
3307.94551131545,2272.29869002655
3308.70130997345,2273.05448868455
3309.29869002655,2273.94551131545
3310.05448868455,2274.70130997345
3311,2275.29869002655
3312,2276.05448868455
3313,2277
3314,2278
3314.8910226309,2279
3315.40261994689,2280
3315.48840268401,2281
3315.51159731599,2282
3315.59738005311,2283
3316.1089773691,2284
3317,2285
3318,2286
3319,2287
3319.94551131545,2288
3320.6468212889,2289
3320.8910226309,2290
3320.755798658,2291
3320.65186873766,2292
3321.05448868455,2293
3321.6468212889,2294
3321.8910226309,2295
3321.6468212889,2296
3321,2297
3320.40766739565,2298
3320.40766739565,2299
3321,2300
3321.6468212889,2301
3321.94551131545,2302
3322,2303
3322.05448868455,2304
3322.29869002655,2305
3322.70130997345,2306
3322.94551131545,2307
3323,2308
3322.94551131545,2309
3322.6468212889,2310
3322.05448868455,2311
3321.65186873766,2312
3321.81028734255,2313
3322.29869002655,2314
3322.94551131545,2315
3323.29364257779,2316
3323,2317
3322.59738005311,2318
3322.40261994689,2319
3321.94551131545,2320
3321.3531787111,2321
3321.1089773691,2322
3321.3531787111,2323
3321.94551131545,2324
3322.40261994689,2325
3322.59738005311,2326
3323.1089773691,2326.94551131545
3323.94551131545,2327.70130997345
3324.59233260435,2328.29869002655
3324.70130997345,2329.05448868455
3324.54289136856,2330
3324.45710863144,2331
3324.29869002655,2332
3324.40766739565,2333
3325.05448868455,2334
3325.94551131545,2335
3326.6468212889,2336
3327,2337
3327.3531787111,2338
3328.05448868455,2339
3329,2340
3330,2341
3331,2342
3332,2343
3332.8910226309,2344
3333.29364257779,2345
3332.94551131545,2346
3332.3531787111,2347
3332.05448868455,2348
3331.94551131545,2349
3331.755798658,2350
3331.65186873765,2350.94551131545
3332.1089773691,2351.70130997345
3332.8910226309,2352.29869002655
3333.40261994689,2353.05448868455
3333.48840268401,2354
3333.51159731599,2355
3333.59738005311,2356
3334,2357
3334.34813126234,2358
3334.29869002655,2359
3334.40766739565,2360
3335.05448868455,2361
3335.94551131545,2362
3336.70130997345,2363
3337.29869002655,2364
3338.05448868455,2365
3338.94551131545,2366
3339.70130997345,2367
3340.29869002655,2368
3341.05448868455,2368.94551131545
3342,2369.70130997345
3342.94551131545,2370.29869002655
3343.70130997345,2371
3344.29869002655,2371.70130997345
3345.05448868455,2372.29869002655
3345.94551131545,2373.05448868455
3346.6468212889,2374
3347,2375
3347.29869002655,2376
3347.755798658,2377
3348.18971265745,2378
3348.40261994689,2379
3348.244201342,2380
3348.05448868455,2381
3348.05448868455,2382
3348.3531787111,2383
3349,2384
3349.6468212889,2385
3350,2385.94551131545
3350.3531787111,2386.70130997345
3351,2387.244201342
3351.6468212889,2387.70130997345
3484.69387755102,2734.69387755102
3494.89795918367,2734.69387755102
3515.30612244898,2765.30612244898
3515.30612244898,2775.51020408163
3525.51020408163,2785.71428571429
3525.51020408163,2795.91836734694
3535.71428571429,2806.12244897959
3535.71428571429,2816.32653061225
3545.91836734694,2816.32653061225
3556.12244897959,2826.5306122449
3556.12244897959,2836.73469387755
3566.32653061224,2846.93877551021
3566.32653061224,2857.14285714286
3576.5306122449,2867.34693877551
3586.73469387755,2877.55102040816
3586.73469387755,2887.75510204082
3596.9387755102,2897.95918367347
3596.9387755102,2908.16326530612
3607.14285714286,2918.36734693878
3607.14285714286,2928.57142857143
3617.34693877551,2928.57142857143
3627.55102040816,2938.77551020408
3627.55102040816,2948.97959183674
3637.75510204082,2959.18367346939
3647.95918367347,2959.18367346939
3647.95918367347,2969.38775510204
3658.16326530612,2979.59183673469
3668.36734693877,2989.79591836735
3678.57142857143,3000
3688.77551020408,3010.20408163265
3698.97959183674,3020.40816326531
3709.18367346939,3020.40816326531
3719.38775510204,3030.61224489796
3729.59183673469,3040.81632653061
3739.79591836735,3051.02040816327
3750,3061.22448979592
3760.20408163265,3071.42857142857
3770.40816326531,3071.42857142857
3780.61224489796,3081.63265306123
3790.81632653061,3081.63265306123
3801.02040816326,3091.83673469388
3811.22448979592,3091.83673469388
3821.42857142857,3102.04081632653
3831.63265306123,3102.04081632653
3841.83673469388,3112.24489795918
3852.04081632653,3112.24489795918
3862.24489795918,3122.44897959184
3872.44897959184,3122.44897959184
3882.65306122449,3132.65306122449
3892.85714285714,3132.65306122449
3903.0612244898,3132.65306122449
