1031.15443425076,199.54128440367
1029.24311926605,199.54128440367
1027.33180428135,199.54128440367
1025.42048929664,199.54128440367
1023.50917431193,199.54128440367
1021.59785932722,197.62996941896
1019.68654434251,197.62996941896
1017.7752293578,197.62996941896
1015.86391437309,197.62996941896
1013.95259938838,197.62996941896
1012.04128440367,197.62996941896
1010.12996941896,197.62996941896
1008.21865443425,197.62996941896
1006.30733944954,195.718654434251
1004.39602446483,195.718654434251
1002.48470948012,195.718654434251
1000.57339449541,195.718654434251
998.662079510703,195.718654434251
996.750764525994,195.718654434251
994.839449541284,195.718654434251
992.928134556575,195.718654434251
991.016819571866,195.718654434251
989.105504587156,195.718654434251
987.194189602446,195.718654434251
985.282874617737,195.718654434251
983.371559633027,193.807339449541
981.460244648318,193.807339449541
979.548929663609,193.807339449541
977.637614678899,193.807339449541
975.72629969419,191.896024464832
973.81498470948,191.896024464832
971.90366972477,191.896024464832
969.992354740061,189.984709480122
968.081039755352,189.984709480122
966.169724770642,189.984709480122
964.258409785933,188.073394495413
962.347094801223,188.073394495413
960.435779816514,188.073394495413
958.524464831804,186.162079510703
956.613149847095,186.162079510703
954.701834862385,186.162079510703
952.790519877676,186.162079510703
952.790519877676,184.250764525994
950.879204892966,184.250764525994
948.967889908257,184.250764525994
947.056574923547,184.250764525994
945.145259938838,182.339449541284
943.233944954128,182.339449541284
941.322629969419,180.428134556575
939.411314984709,180.428134556575
937.5,180.428134556575
935.58868501529,180.428134556575
933.677370030581,178.516819571865
931.766055045871,178.516819571865
929.854740061162,178.516819571865
927.943425076453,178.516819571865
926.032110091743,178.516819571865
924.120795107033,176.605504587156
922.209480122324,176.605504587156
920.298165137615,176.605504587156
918.386850152905,174.694189602446
916.475535168196,174.694189602446
914.564220183486,174.694189602446
912.652905198777,172.782874617737
908.830275229358,170.871559633027
905.007645259939,170.871559633027
901.18501529052,168.960244648318
897.362385321101,168.960244648318
895.451070336391,167.048929663608
893.539755351682,167.048929663608
891.628440366972,167.048929663608
889.717125382263,167.048929663608
887.805810397553,165.137614678899
883.983180428134,165.137614678899
882.071865443425,165.137614678899
878.249235474006,163.226299694189
876.337920489296,163.226299694189
874.426605504587,161.31498470948
872.515290519877,161.31498470948
870.603975535168,161.31498470948
868.692660550459,161.31498470948
866.781345565749,161.31498470948
864.87003058104,161.31498470948
862.95871559633,161.31498470948
861.047400611621,161.31498470948
859.136085626911,161.31498470948
851.490825688073,161.31498470948
843.845565749235,161.31498470948
841.934250764526,161.31498470948
840.022935779816,161.31498470948
838.111620795107,159.40366972477
836.200305810397,159.40366972477
834.288990825688,159.40366972477
832.377675840979,159.40366972477
830.466360856269,159.40366972477
828.555045871559,159.40366972477
826.64373088685,159.40366972477
824.73241590214,157.492354740061
822.821100917431,157.492354740061
820.909785932722,157.492354740061
818.998470948012,157.492354740061
817.087155963303,157.492354740061
815.175840978593,155.581039755351
813.264525993883,155.581039755351
811.353211009174,155.581039755351
807.530581039755,155.581039755351
805.619266055046,155.581039755351
803.707951070336,155.581039755351
801.796636085627,155.581039755351
799.885321100917,155.581039755351
797.974006116208,155.581039755351
796.062691131498,155.581039755351
794.151376146789,155.581039755351
792.240061162079,155.581039755351
790.32874617737,155.581039755351
788.41743119266,155.581039755351
786.506116207951,155.581039755351
784.594801223242,155.581039755351
782.683486238532,155.581039755351
780.772171253823,155.581039755351
778.860856269113,155.581039755351
776.949541284403,155.581039755351
775.038226299694,157.492354740061
773.126911314985,157.492354740061
771.215596330275,157.492354740061
769.304281345566,157.492354740061
767.392966360856,157.492354740061
765.481651376147,157.492354740061
763.570336391437,157.492354740061
761.659021406728,157.492354740061
759.747706422018,157.492354740061
757.836391437309,157.492354740061
755.925076452599,157.492354740061
754.01376146789,157.492354740061
750.191131498471,157.492354740061
746.368501529052,157.492354740061
744.457186544343,157.492354740061
742.545871559633,157.492354740061
738.723241590214,157.492354740061
736.811926605505,157.492354740061
734.900611620795,157.492354740061
732.989296636086,157.492354740061
731.077981651376,157.492354740061
729.166666666667,157.492354740061
725.344036697248,157.492354740061
723.432721712538,157.492354740061
721.521406727829,157.492354740061
719.610091743119,157.492354740061
717.69877675841,157.492354740061
713.876146788991,157.492354740061
711.964831804281,157.492354740061
710.053516819572,157.492354740061
708.142201834862,157.492354740061
706.230886850153,157.492354740061
704.319571865443,157.492354740061
702.408256880734,157.492354740061
700.496941896024,157.492354740061
698.585626911315,157.492354740061
696.674311926605,157.492354740061
692.851681957186,157.492354740061
690.940366972477,157.492354740061
689.029051987768,157.492354740061
687.117737003058,157.492354740061
685.206422018349,157.492354740061
683.295107033639,157.492354740061
681.38379204893,157.492354740061
679.47247706422,157.492354740061
677.561162079511,157.492354740061
675.649847094801,157.492354740061
671.827217125382,157.492354740061
669.915902140673,157.492354740061
668.004587155963,157.492354740061
666.093272171254,157.492354740061
664.181957186544,157.492354740061
660.359327217125,157.492354740061
658.448012232416,157.492354740061
656.536697247706,157.492354740061
654.625382262997,157.492354740061
652.714067278287,157.492354740061
650.802752293578,157.492354740061
648.891437308868,157.492354740061
646.980122324159,157.492354740061
645.068807339449,157.492354740061
643.15749235474,157.492354740061
641.24617737003,157.492354740061
637.423547400612,157.492354740061
631.689602446483,157.492354740061
629.778287461774,157.492354740061
627.866972477064,157.492354740061
625.955657492355,157.492354740061
622.133027522936,157.492354740061
620.221712538226,157.492354740061
618.310397553517,157.492354740061
616.399082568807,157.492354740061
614.487767584098,157.492354740061
612.576452599388,159.40366972477
610.665137614679,159.40366972477
608.753822629969,159.40366972477
606.84250764526,159.40366972477
603.019877675841,159.40366972477
601.108562691132,159.40366972477
599.197247706422,159.40366972477
595.374617737003,161.31498470948
593.463302752293,161.31498470948
591.551987767584,161.31498470948
589.640672782875,161.31498470948
587.729357798165,161.31498470948
585.818042813456,161.31498470948
583.906727828746,161.31498470948
581.995412844037,161.31498470948
580.084097859327,161.31498470948
576.261467889908,161.31498470948
574.350152905199,161.31498470948
572.438837920489,161.31498470948
570.52752293578,161.31498470948
568.61620795107,161.31498470948
566.704892966361,161.31498470948
564.793577981651,161.31498470948
562.882262996942,161.31498470948
560.970948012232,161.31498470948
560.970948012232,161.31498470948
559.646821288897,159.755798657997
558.94551131545,159.542891368556
558,159.457108631444
557,159.298690026553
556,159.407667395652
555,159.94551131545
554,160.402619946894
553,160.488402684006
552,160.511597315994
551,160.597380053106
550,161.108977369099
549,161.891022630901
548,162.348131262345
547,162.244201342003
546,162.05448868455
545,161.94551131545
544,161.646821288897
543,161
542,160.407667395652
541,160.298690026553
540,160.402619946894
539,160.189712657454
538,159.755798657997
537,159.298690026553
536,159.108977369099
535,159.298690026553
534,159.755798657997
533,160.298690026553
532,160.94551131545
531,161.293642577795
530,160.891022630901
529,160.05448868455
528,159.407667395652
527,159.298690026553
526,159.457108631444
525,159.597380053106
524,160
523,160.348131262345
522,160.298690026553
521,160.353178711102
520,160.755798657997
519,161.298690026553
518,162
517,162.701309973447
516,163.298690026553
515.108977369099,164
514.651868737655,164.646821288897
514.755798657997,164.94551131545
513.188073394495,165.137614678899
511.276758409786,165.137614678899
509.365443425076,165.137614678899
509.365443425076,167.048929663608
507.454128440367,167.048929663608
505.542813455657,167.048929663608
503.631498470948,167.048929663608
501.720183486239,168.960244648318
499.808868501529,168.960244648318
495.98623853211,170.871559633027
494.0749235474,170.871559633027
492.163608562691,172.782874617737
490.252293577982,172.782874617737
488.340978593272,172.782874617737
486.429663608563,172.782874617737
484.518348623853,172.782874617737
482.607033639144,172.782874617737
480.695718654434,174.694189602446
478.784403669725,174.694189602446
476.873088685015,174.694189602446
474.961773700306,176.605504587156
473.050458715596,176.605504587156
471.139143730887,176.605504587156
471.139143730887,178.516819571865
469.227828746177,178.516819571865
467.316513761468,178.516819571865
465.405198776758,178.516819571865
463.493883792049,180.428134556575
461.582568807339,180.428134556575
459.67125382263,182.339449541284
457.75993883792,182.339449541284
455.848623853211,182.339449541284
455.848623853211,184.250764525994
453.937308868502,184.250764525994
452.025993883792,184.250764525994
450.114678899082,186.162079510703
448.203363914373,186.162079510703
448.203363914373,188.073394495413
446.292048929663,188.073394495413
446.292048929663,189.984709480122
444.380733944954,189.984709480122
442.469418960245,189.984709480122
440.558103975535,191.896024464832
440.558103975535,193.807339449541
438.646788990826,193.807339449541
436.735474006116,193.807339449541
436.735474006116,195.718654434251
434.824159021407,195.718654434251
432.912844036697,195.718654434251
431.001529051988,197.62996941896
429.090214067278,197.62996941896
427.178899082569,199.54128440367
425.267584097859,199.54128440367
423.35626911315,199.54128440367
421.44495412844,201.452599388379
419.533639143731,201.452599388379
417.622324159021,201.452599388379
415.711009174312,201.452599388379
415.711009174312,203.363914373089
413.799694189602,203.363914373089
411.888379204893,203.363914373089
409.977064220183,203.363914373089
408.065749235474,203.363914373089
406.154434250764,205.275229357798
404.243119266055,205.275229357798
402.331804281346,205.275229357798
400.420489296636,205.275229357798
398.509174311927,205.275229357798
396.597859327217,205.275229357798
394.686544342508,205.275229357798
392.775229357798,207.186544342507
390.863914373089,207.186544342507
388.952599388379,207.186544342507
387.04128440367,209.097859327217
385.12996941896,209.097859327217
383.218654434251,209.097859327217
381.307339449541,209.097859327217
379.396024464832,209.097859327217
377.484709480122,209.097859327217
375.573394495413,209.097859327217
373.662079510703,209.097859327217
371.750764525994,209.097859327217
369.839449541284,209.097859327217
367.928134556575,211.009174311926
366.016819571865,211.009174311926
364.105504587156,211.009174311926
362.194189602446,211.009174311926
362.194189602446,212.920489296636
360.282874617737,212.920489296636
358.371559633027,212.920489296636
356.460244648318,212.920489296636
354.548929663609,214.831804281346
352.637614678899,214.831804281346
350.726299694189,214.831804281346
348.81498470948,216.743119266055
346.903669724771,216.743119266055
346.903669724771,218.654434250764
344.992354740061,218.654434250764
343.081039755352,218.654434250764
341.169724770642,218.654434250764
341.169724770642,220.565749235474
339.258409785933,220.565749235474
337.347094801223,220.565749235474
337.347094801223,222.477064220183
335.435779816514,222.477064220183
333.524464831804,222.477064220183
331.613149847095,222.477064220183
329.701834862385,222.477064220183
327.790519877676,224.388379204893
325.879204892966,224.388379204893
323.967889908257,226.299694189602
322.056574923547,226.299694189602
320.145259938838,226.299694189602
320.145259938838,228.211009174312
318.233944954128,228.211009174312
316.322629969419,230.122324159021
314.411314984709,230.122324159021
312.5,232.033639143731
310.58868501529,232.033639143731
308.677370030581,232.033639143731
308.677370030581,233.94495412844
306.766055045872,233.94495412844
302.943425076453,237.767584097859
299.120795107034,241.590214067278
297.209480122324,243.501529051988
295.298165137615,245.412844036697
293.386850152905,247.324159021407
293.386850152905,249.235474006116
291.475535168196,249.235474006116
291.475535168196,251.146788990826
291.475535168196,253.058103975535
289.564220183486,253.058103975535
289.564220183486,254.969418960245
287.652905198777,256.880733944954
287.652905198777,258.792048929663
285.741590214067,260.703363914373
285.741590214067,262.614678899082
283.830275229358,264.525993883792
283.830275229358,266.437308868501
283.830275229358,268.348623853211
283.830275229358,270.25993883792
283.830275229358,272.17125382263
283.830275229358,274.082568807339
283.830275229358,275.993883792049
283.830275229358,277.905198776758
283.830275229358,279.816513761468
283.830275229358,281.727828746177
285.741590214067,281.727828746177
285.741590214067,283.639143730887
285.741590214067,285.550458715596
287.652905198777,285.550458715596
289.564220183486,287.461773700306
289.564220183486,289.373088685015
291.475535168196,289.373088685015
291.475535168196,291.284403669725
293.386850152905,293.195718654434
293.386850152905,295.107033639144
295.298165137615,297.018348623853
295.298165137615,298.929663608563
295.298165137615,300.840978593272
295.298165137615,302.752293577982
295.298165137615,304.663608562691
293.386850152905,304.663608562691
293.386850152905,306.5749235474
291.475535168196,306.5749235474
289.564220183486,308.48623853211
287.652905198777,308.48623853211
285.741590214067,308.48623853211
285.741590214067,310.397553516819
283.830275229358,310.397553516819
281.918960244648,312.308868501529
280.007645259939,312.308868501529
278.096330275229,314.220183486239
276.18501529052,314.220183486239
276.18501529052,316.131498470948
274.27370030581,316.131498470948
274.27370030581,318.042813455657
272.362385321101,318.042813455657
270.451070336391,319.954128440367
268.539755351682,321.865443425076
266.628440366972,323.776758409786
264.717125382263,325.688073394495
262.805810397554,327.599388379205
260.894495412844,329.510703363914
258.983180428134,331.422018348624
257.071865443425,333.333333333333
257.071865443425,335.244648318043
255.160550458716,337.155963302752
253.249235474006,339.067278287462
251.337920489297,339.067278287462
251.337920489297,340.978593272171
249.426605504587,342.889908256881
247.515290519878,344.80122324159
245.603975535168,344.80122324159
245.603975535168,346.7125382263
243.692660550459,346.7125382263
241.781345565749,348.623853211009
241.781345565749,350.535168195719
239.87003058104,350.535168195719
237.95871559633,352.446483180428
236.047400611621,354.357798165137
234.136085626911,356.269113149847
234.136085626911,358.180428134556
232.224770642202,360.091743119266
230.313455657492,360.091743119266
228.402140672783,362.003058103975
226.490825688073,363.914373088685
226.490825688073,365.825688073394
224.579510703364,367.737003058104
222.668195718654,367.737003058104
222.668195718654,369.648318042813
220.756880733945,369.648318042813
220.756880733945,371.559633027523
218.845565749235,371.559633027523
218.845565749235,373.470948012232
216.934250764526,373.470948012232
216.934250764526,375.382262996942
215.022935779817,377.293577981651
215.022935779817,379.204892966361
213.111620795107,379.204892966361
213.111620795107,381.11620795107
211.200305810397,381.11620795107
211.200305810397,383.02752293578
209.288990825688,384.938837920489
209.288990825688,386.850152905199
207.377675840979,386.850152905199
207.377675840979,388.761467889908
205.466360856269,390.672782874617
203.55504587156,392.584097859327
203.55504587156,394.495412844037
201.64373088685,396.406727828746
199.732415902141,398.318042813456
197.821100917431,402.140672782874
195.909785932722,404.051987767584
195.909785932722,405.963302752293
193.998470948012,407.874617737003
192.087155963303,409.785932721712
192.087155963303,411.697247706422
190.175840978593,413.608562691131
188.264525993884,415.519877675841
188.264525993884,417.43119266055
186.353211009174,417.43119266055
186.353211009174,419.34250764526
186.353211009174,421.253822629969
184.441896024465,421.253822629969
184.441896024465,423.165137614679
182.530581039755,425.076452599388
182.530581039755,426.987767584098
182.530581039755,428.899082568807
180.619266055046,428.899082568807
180.619266055046,430.810397553517
180.619266055046,432.721712538226
178.707951070336,434.633027522936
178.707951070336,436.544342507645
178.707951070336,438.455657492355
178.707951070336,440.366972477064
176.796636085627,440.366972477064
176.796636085627,442.278287461774
176.796636085627,444.189602446483
176.796636085627,446.100917431193
174.885321100917,446.100917431193
174.885321100917,448.012232415902
174.885321100917,449.923547400611
174.885321100917,451.834862385321
172.974006116208,451.834862385321
172.974006116208,453.74617737003
171.062691131498,455.65749235474
171.062691131498,457.568807339449
169.151376146789,459.480122324159
169.151376146789,461.391437308868
167.240061162079,461.391437308868
167.240061162079,463.302752293578
165.32874617737,465.214067278287
165.32874617737,467.125382262997
163.417431192661,469.036697247706
163.417431192661,470.948012232416
163.417431192661,472.859327217125
161.506116207951,472.859327217125
161.506116207951,474.770642201835
159.594801223242,476.681957186544
159.594801223242,478.593272171254
157.683486238532,480.504587155963
155.772171253823,482.415902140673
155.772171253823,484.327217125382
155.772171253823,486.238532110092
153.860856269113,486.238532110092
153.860856269113,488.149847094801
153.860856269113,490.06116207951
151.949541284404,491.97247706422
150.038226299694,495.795107033639
150.038226299694,497.706422018349
148.126911314985,499.617737003058
146.215596330275,501.529051987767
144.304281345566,503.440366972477
140.481651376147,511.085626911315
140.481651376147,512.996941896024
138.570336391437,512.996941896024
138.570336391437,514.908256880734
138.570336391437,516.819571865443
136.659021406728,518.730886850153
134.747706422018,520.642201834862
134.747706422018,522.553516819572
134.747706422018,524.464831804281
134.747706422018,526.376146788991
132.836391437309,526.376146788991
132.836391437309,528.2874617737
130.925076452599,532.110091743119
130.925076452599,534.021406727829
130.925076452599,535.932721712538
129.01376146789,537.844036697248
129.01376146789,539.755351681957
127.10244648318,539.755351681957
125.191131498471,541.666666666667
125.191131498471,543.577981651376
125.191131498471,543.577981651376
123.701309973447,545.353178711102
123.353178711103,546.05448868455
123.298690026553,547
123.402619946894,547.94551131545
123.244201342003,548.646821288898
123.279816513761,553.134556574923
121.368501529052,555.045871559633
121.368501529052,556.957186544342
121.368501529052,558.868501529052
121.368501529052,560.779816513761
121.368501529052,562.691131498471
121.368501529052,564.60244648318
119.457186544342,564.60244648318
119.457186544342,566.51376146789
117.545871559633,568.425076452599
117.545871559633,570.336391437309
117.545871559633,572.247706422018
115.634556574924,574.159021406728
115.634556574924,576.070336391437
113.723241590214,579.892966360856
111.811926605505,581.804281345566
111.811926605505,583.715596330275
109.900611620795,585.626911314985
109.900611620795,587.538226299694
107.989296636086,589.449541284403
107.989296636086,591.360856269113
107.989296636086,593.272171253822
106.077981651376,595.183486238532
106.077981651376,597.094801223241
104.166666666667,599.006116207951
104.166666666667,600.91743119266
102.255351681957,604.740061162079
102.255351681957,606.651376146789
100.344036697248,608.562691131498
100.344036697248,610.474006116208
100.344036697248,612.385321100917
98.4327217125382,614.296636085627
96.5214067278287,616.207951070336
96.5214067278287,618.119266055046
96.5214067278287,620.030581039755
96.5214067278287,621.941896024465
96.5214067278287,623.853211009174
96.5214067278287,627.675840978593
96.5214067278287,629.587155963303
96.5214067278287,631.498470948012
96.5214067278287,633.409785932722
96.5214067278287,635.321100917431
96.5214067278287,637.23241590214
96.5214067278287,639.14373088685
94.6100917431193,639.14373088685
94.6100917431193,642.966360856269
94.6100917431193,644.877675840978
94.6100917431193,646.788990825688
94.6100917431193,648.700305810397
92.6987767584097,650.611620795107
92.6987767584097,652.522935779816
92.6987767584097,654.434250764526
92.6987767584097,658.256880733945
92.6987767584097,660.168195718654
92.6987767584097,662.079510703364
92.6987767584097,663.990825688073
90.7874617737003,665.902140672783
90.7874617737003,667.813455657492
90.7874617737003,669.724770642202
90.7874617737003,671.636085626911
90.7874617737003,673.547400611621
90.7874617737003,675.45871559633
90.7874617737003,677.37003058104
90.7874617737003,679.281345565749
90.7874617737003,681.192660550459
90.7874617737003,683.103975535168
90.7874617737003,685.015290519877
90.7874617737003,686.926605504587
90.7874617737003,688.837920489296
90.7874617737003,690.749235474006
90.7874617737003,692.660550458715
88.8761467889908,692.660550458715
88.8761467889908,692.660550458715
90.0544886845496,694.353178711102
90.2442013420032,695.05448868455
90.3481312623446,696
89.8910226309007,697
89.1089773690993,698
88.6518687376554,699
88.7013099734471,700
88.6468212888975,701
88.3531787111025,702
88.4076673956522,703
88.9455113154504,704
89.4026199468942,705
89.4884026840065,706
89.4571086314439,707
89.1897126574536,708
88.7557986579968,709
88.2442013420032,710
87.7557986579968,710.94551131545
87.2986900265529,711.646821288897
86.9648318042813,713.68501529052
85.0535168195719,719.418960244648
83.1422018348623,725.152905198777
81.2308868501528,730.886850152905
81.2308868501528,732.798165137614
81.2308868501528,734.709480122324
79.3195718654434,736.620795107033
79.3195718654434,738.532110091743
77.4082568807339,740.443425076452
77.4082568807339,742.354740061162
77.4082568807339,744.266055045871
77.4082568807339,746.177370030581
77.4082568807339,748.08868501529
77.4082568807339,750
77.4082568807339,751.911314984709
77.4082568807339,753.822629969419
77.4082568807339,755.733944954128
77.4082568807339,757.645259938838
77.4082568807339,759.556574923547
77.4082568807339,761.467889908257
77.4082568807339,763.379204892966
77.4082568807339,767.201834862385
77.4082568807339,769.113149847095
77.4082568807339,771.024464831804
75.4969418960244,772.935779816514
75.4969418960244,774.847094801223
75.4969418960244,776.758409785932
75.4969418960244,778.669724770642
75.4969418960244,780.581039755352
75.4969418960244,782.492354740061
75.4969418960244,784.40366972477
75.4969418960244,786.31498470948
75.4969418960244,788.226299694189
75.4969418960244,790.137614678899
75.4969418960244,792.048929663608
75.4969418960244,793.960244648318
75.4969418960244,795.871559633027
75.4969418960244,797.782874617737
75.4969418960244,799.694189602446
77.4082568807339,801.605504587156
77.4082568807339,803.516819571865
77.4082568807339,805.428134556575
77.4082568807339,807.339449541284
77.4082568807339,809.250764525994
77.4082568807339,811.162079510703
77.4082568807339,813.073394495413
77.4082568807339,816.896024464832
77.4082568807339,818.807339449541
77.4082568807339,820.718654434251
77.4082568807339,822.62996941896
77.4082568807339,824.54128440367
77.4082568807339,826.452599388379
77.4082568807339,828.363914373088
77.4082568807339,830.275229357798
77.4082568807339,832.186544342507
77.4082568807339,834.097859327217
79.3195718654434,836.009174311926
79.3195718654434,837.920489296636
79.3195718654434,839.831804281346
79.3195718654434,841.743119266055
79.3195718654434,843.654434250764
79.3195718654434,845.565749235474
79.3195718654434,847.477064220183
79.3195718654434,849.388379204893
79.3195718654434,851.299694189602
79.3195718654434,853.211009174312
79.3195718654434,855.122324159021
79.3195718654434,857.033639143731
79.3195718654434,858.94495412844
79.3195718654434,860.85626911315
79.3195718654434,862.767584097859
79.3195718654434,864.678899082568
79.3195718654434,866.590214067278
79.3195718654434,868.501529051988
79.3195718654434,870.412844036697
79.3195718654434,872.324159021407
81.2308868501528,874.235474006116
81.2308868501528,876.146788990826
81.2308868501528,878.058103975535
83.1422018348623,879.969418960244
83.1422018348623,881.880733944954
83.1422018348623,883.792048929663
85.0535168195719,885.703363914373
85.0535168195719,887.614678899082
85.0535168195719,889.525993883792
85.0535168195719,891.437308868501
85.0535168195719,893.348623853211
86.9648318042813,895.25993883792
86.9648318042813,897.17125382263
86.9648318042813,899.082568807339
86.9648318042813,900.993883792049
86.9648318042813,902.905198776758
86.9648318042813,904.816513761467
86.9648318042813,906.727828746177
86.9648318042813,908.639143730887
86.9648318042813,910.550458715596
86.9648318042813,912.461773700306
86.9648318042813,914.373088685015
86.9648318042813,916.284403669725
86.9648318042813,918.195718654434
88.8761467889908,918.195718654434
88.8761467889908,920.107033639144
88.8761467889908,922.018348623853
90.7874617737003,923.929663608563
90.7874617737003,925.840978593272
90.7874617737003,927.752293577981
92.6987767584097,929.663608562691
92.6987767584097,931.5749235474
94.6100917431193,933.48623853211
96.5214067278287,935.397553516819
96.5214067278287,937.308868501529
96.5214067278287,939.220183486238
96.5214067278287,941.131498470948
98.4327217125382,941.131498470948
98.4327217125382,943.042813455657
98.4327217125382,944.954128440367
98.4327217125382,946.865443425076
98.4327217125382,948.776758409786
100.344036697248,950.688073394495
100.344036697248,952.599388379205
102.255351681957,954.510703363914
102.255351681957,956.422018348624
102.255351681957,958.333333333333
104.166666666667,960.244648318043
104.166666666667,962.155963302752
104.166666666667,964.067278287461
104.166666666667,965.978593272171
104.166666666667,967.889908256881
106.077981651376,969.80122324159
106.077981651376,971.7125382263
106.077981651376,973.623853211009
107.989296636086,975.535168195718
107.989296636086,977.446483180428
107.989296636086,979.357798165137
107.989296636086,981.269113149847
109.900611620795,981.269113149847
109.900611620795,983.180428134556
109.900611620795,985.091743119266
109.900611620795,987.003058103975
111.811926605505,987.003058103975
111.811926605505,988.914373088685
111.811926605505,990.825688073394
113.723241590214,992.737003058104
113.723241590214,994.648318042813
115.634556574924,996.559633027523
115.634556574924,998.470948012232
117.545871559633,1000.38226299694
117.545871559633,1002.29357798165
117.545871559633,1004.20489296636
119.457186544342,1004.20489296636
119.457186544342,1006.11620795107
121.368501529052,1008.02752293578
121.368501529052,1009.93883792049
123.279816513761,1009.93883792049
123.279816513761,1011.8501529052
123.279816513761,1013.76146788991
123.279816513761,1015.67278287462
125.191131498471,1015.67278287462
125.191131498471,1017.58409785933
125.191131498471,1019.49541284404
127.10244648318,1021.40672782875
129.01376146789,1023.31804281346
129.01376146789,1025.22935779816
130.925076452599,1027.14067278287
130.925076452599,1029.05198776758
132.836391437309,1029.05198776758
132.836391437309,1030.96330275229
134.747706422018,1032.874617737
134.747706422018,1034.78593272171
136.659021406728,1036.69724770642
138.570336391437,1038.60856269113
140.481651376147,1040.51987767584
142.392966360856,1042.43119266055
142.392966360856,1044.34250764526
144.304281345566,1046.25382262997
144.304281345566,1048.16513761468
146.215596330275,1048.16513761468
146.215596330275,1050.07645259939
146.215596330275,1051.9877675841
148.126911314985,1053.89908256881
150.038226299694,1055.81039755352
150.038226299694,1057.72171253823
151.949541284404,1059.63302752294
151.949541284404,1061.54434250765
153.860856269113,1061.54434250765
153.860856269113,1063.45565749235
155.772171253823,1063.45565749235
155.772171253823,1065.36697247706
157.683486238532,1067.27828746177
159.594801223242,1067.27828746177
159.594801223242,1069.18960244648
161.506116207951,1069.18960244648
161.506116207951,1071.10091743119
163.417431192661,1073.0122324159
163.417431192661,1074.92354740061
165.32874617737,1076.83486238532
167.240061162079,1076.83486238532
167.240061162079,1078.74617737003
169.151376146789,1078.74617737003
169.151376146789,1080.65749235474
171.062691131498,1082.56880733945
172.974006116208,1084.48012232416
174.885321100917,1086.39143730887
176.796636085627,1088.30275229358
178.707951070336,1090.21406727829
178.707951070336,1092.125382263
180.619266055046,1094.03669724771
182.530581039755,1095.94801223242
184.441896024465,1095.94801223242
184.441896024465,1097.85932721713
186.353211009174,1099.77064220183
188.264525993884,1099.77064220183
188.264525993884,1101.68195718654
190.175840978593,1101.68195718654
190.175840978593,1103.59327217125
190.175840978593,1103.59327217125
191.298690026553,1105.3531787111
191.755798657997,1106.05448868455
192.244201342003,1107
192.701309973447,1108
193,1109
193.353178711102,1110
194.05448868455,1111
195,1112
196,1113
197,1113.94551131545
197.94551131545,1114.70130997345
198.701309973447,1115.29869002655
199.298690026553,1116.05448868455
200.05448868455,1117
200.94551131545,1118
201.646821288897,1119
202,1120
202.353178711103,1121
203.05448868455,1122
204,1123
204.94551131545,1124
205.701309973447,1125
206.244201342003,1125.94551131545
206.701309973447,1126.6468212889
209.288990825688,1126.52905198777
211.200305810397,1126.52905198777
215.022935779817,1128.44036697248
216.934250764526,1130.35168195719
218.845565749235,1130.35168195719
220.756880733945,1132.2629969419
220.756880733945,1134.17431192661
222.668195718654,1136.08562691131
222.668195718654,1137.99694189602
224.579510703364,1139.90825688073
226.490825688073,1141.81957186544
226.490825688073,1143.73088685015
228.402140672783,1145.64220183486
230.313455657492,1147.55351681957
232.224770642202,1149.46483180428
234.136085626911,1151.37614678899
236.047400611621,1151.37614678899
236.047400611621,1153.2874617737
237.95871559633,1153.2874617737
239.87003058104,1153.2874617737
239.87003058104,1155.19877675841
241.781345565749,1155.19877675841
243.692660550459,1155.19877675841
245.603975535168,1155.19877675841
245.603975535168,1157.11009174312
247.515290519878,1157.11009174312
249.426605504587,1159.02140672783
251.337920489297,1159.02140672783
253.249235474006,1160.93272171254
255.160550458716,1160.93272171254
257.071865443425,1162.84403669725
258.983180428134,1162.84403669725
258.983180428134,1164.75535168196
260.894495412844,1164.75535168196
262.805810397554,1166.66666666667
262.805810397554,1168.57798165138
264.717125382263,1168.57798165138
266.628440366972,1170.48929663609
268.539755351682,1172.40061162079
270.451070336391,1174.3119266055
272.362385321101,1176.22324159021
274.27370030581,1176.22324159021
276.18501529052,1178.13455657492
278.096330275229,1178.13455657492
278.096330275229,1180.04587155963
280.007645259939,1180.04587155963
281.918960244648,1181.95718654434
283.830275229358,1181.95718654434
285.741590214067,1183.86850152905
287.652905198777,1183.86850152905
287.652905198777,1185.77981651376
289.564220183486,1185.77981651376
291.475535168196,1187.69113149847
293.386850152905,1189.60244648318
295.298165137615,1191.51376146789
297.209480122324,1193.4250764526
299.120795107034,1193.4250764526
301.032110091743,1195.33639143731
302.943425076453,1195.33639143731
302.943425076453,1197.24770642202
304.854740061162,1197.24770642202
306.766055045872,1197.24770642202
306.766055045872,1199.15902140673
308.677370030581,1199.15902140673
310.58868501529,1199.15902140673
312.5,1201.07033639144
314.411314984709,1201.07033639144
316.322629969419,1202.98165137615
318.233944954128,1202.98165137615
318.233944954128,1204.89296636086
320.145259938838,1204.89296636086
323.967889908257,1204.89296636086
325.879204892966,1204.89296636086
327.790519877676,1206.80428134557
329.701834862385,1206.80428134557
331.613149847095,1206.80428134557
333.524464831804,1208.71559633028
335.435779816514,1210.62691131498
337.347094801223,1210.62691131498
339.258409785933,1210.62691131498
341.169724770642,1212.53822629969
343.081039755352,1212.53822629969
343.081039755352,1214.4495412844
344.992354740061,1214.4495412844
346.903669724771,1214.4495412844
348.81498470948,1216.36085626911
350.726299694189,1216.36085626911
352.637614678899,1218.27217125382
354.548929663609,1218.27217125382
356.460244648318,1218.27217125382
358.371559633027,1220.18348623853
360.282874617737,1220.18348623853
362.194189602446,1222.09480122324
364.105504587156,1222.09480122324
366.016819571865,1222.09480122324
367.928134556575,1222.09480122324
369.839449541284,1222.09480122324
371.750764525994,1222.09480122324
373.662079510703,1222.09480122324
375.573394495413,1224.00611620795
377.484709480122,1224.00611620795
377.484709480122,1225.91743119266
379.396024464832,1225.91743119266
381.307339449541,1225.91743119266
383.218654434251,1225.91743119266
385.12996941896,1227.82874617737
387.04128440367,1227.82874617737
388.952599388379,1227.82874617737
390.863914373089,1227.82874617737
392.775229357798,1229.74006116208
394.686544342508,1229.74006116208
396.597859327217,1229.74006116208
398.509174311927,1229.74006116208
400.420489296636,1231.65137614679
402.331804281346,1231.65137614679
402.331804281346,1233.5626911315
404.243119266055,1233.5626911315
406.154434250764,1233.5626911315
408.065749235474,1233.5626911315
409.977064220183,1235.47400611621
411.888379204893,1235.47400611621
413.799694189602,1235.47400611621
415.711009174312,1235.47400611621
419.533639143731,1235.47400611621
421.44495412844,1235.47400611621
423.35626911315,1235.47400611621
425.267584097859,1235.47400611621
427.178899082569,1235.47400611621
429.090214067278,1235.47400611621
431.001529051988,1237.38532110092
432.912844036697,1237.38532110092
436.735474006116,1237.38532110092
442.469418960245,1237.38532110092
446.292048929663,1237.38532110092
448.203363914373,1237.38532110092
450.114678899082,1237.38532110092
450.114678899082,1239.29663608563
452.025993883792,1239.29663608563
453.937308868502,1239.29663608563
455.848623853211,1239.29663608563
457.75993883792,1239.29663608563
459.67125382263,1239.29663608563
461.582568807339,1239.29663608563
463.493883792049,1239.29663608563
463.493883792049,1241.20795107034
465.405198776758,1241.20795107034
467.316513761468,1241.20795107034
469.227828746177,1241.20795107034
471.139143730887,1243.11926605505
473.050458715596,1243.11926605505
473.050458715596,1245.03058103976
474.961773700306,1245.03058103976
476.873088685015,1245.03058103976
478.784403669725,1245.03058103976
480.695718654434,1245.03058103976
482.607033639144,1245.03058103976
484.518348623853,1245.03058103976
486.429663608563,1245.03058103976
488.340978593272,1245.03058103976
494.0749235474,1245.03058103976
495.98623853211,1245.03058103976
497.897553516819,1245.03058103976
499.808868501529,1245.03058103976
501.720183486239,1245.03058103976
503.631498470948,1245.03058103976
505.542813455657,1245.03058103976
507.454128440367,1245.03058103976
509.365443425076,1245.03058103976
511.276758409786,1245.03058103976
513.188073394495,1245.03058103976
515.099388379205,1245.03058103976
517.010703363914,1243.11926605505
518.922018348624,1243.11926605505
520.833333333333,1243.11926605505
522.744648318043,1241.20795107034
524.655963302752,1241.20795107034
526.567278287462,1241.20795107034
528.478593272171,1241.20795107034
530.389908256881,1241.20795107034
530.389908256881,1239.29663608563
532.30122324159,1239.29663608563
532.30122324159,1239.29663608563
533.353178711102,1240.244201342
534.05448868455,1240.45710863144
535,1240.48840268401
536,1240.51159731599
537,1240.48840268401
538,1240.45710863144
539,1240.18971265745
540,1239.70130997345
541,1239.05448868455
542,1238.59738005311
543,1238.40261994689
544,1237.94551131545
545,1237.29869002655
546,1236.81028734255
547,1236.54289136856
548,1236.45710863144
549,1236.18971265745
550,1235.81028734255
551,1235.65186873766
552,1236.05448868455
553,1236.59233260435
554,1236.70130997345
555,1236.65186873766
556,1237.1089773691
557,1237.8910226309
558,1238.40261994689
559,1238.59738005311
560,1239
561,1239.34813126234
562,1239.18971265745
563,1238.755798658
564,1238.244201342
565,1237.70130997345
566,1237
567,1236.29869002655
567.94551131545,1235.755798658
568.646821288897,1235.29869002655
570.52752293578,1235.47400611621
572.438837920489,1235.47400611621
574.350152905199,1235.47400611621
576.261467889908,1235.47400611621
578.172782874618,1235.47400611621
581.995412844037,1235.47400611621
583.906727828746,1235.47400611621
587.729357798165,1235.47400611621
589.640672782875,1237.38532110092
591.551987767584,1237.38532110092
593.463302752293,1237.38532110092
595.374617737003,1237.38532110092
597.285932721712,1237.38532110092
599.197247706422,1237.38532110092
599.197247706422,1239.29663608563
601.108562691132,1239.29663608563
604.93119266055,1239.29663608563
608.753822629969,1239.29663608563
610.665137614679,1237.38532110092
612.576452599388,1237.38532110092
614.487767584098,1237.38532110092
616.399082568807,1237.38532110092
618.310397553517,1237.38532110092
620.221712538226,1237.38532110092
622.133027522936,1237.38532110092
625.955657492355,1237.38532110092
627.866972477064,1237.38532110092
627.866972477064,1235.47400611621
629.778287461774,1235.47400611621
631.689602446483,1235.47400611621
633.600917431193,1235.47400611621
635.512232415902,1235.47400611621
637.423547400612,1235.47400611621
639.334862385321,1235.47400611621
641.24617737003,1235.47400611621
643.15749235474,1235.47400611621
645.068807339449,1235.47400611621
646.980122324159,1235.47400611621
648.891437308868,1235.47400611621
650.802752293578,1235.47400611621
652.714067278287,1235.47400611621
654.625382262997,1235.47400611621
658.448012232416,1233.5626911315
660.359327217125,1233.5626911315
662.270642201835,1233.5626911315
664.181957186544,1233.5626911315
666.093272171254,1233.5626911315
668.004587155963,1233.5626911315
669.915902140673,1231.65137614679
671.827217125382,1231.65137614679
673.738532110092,1231.65137614679
675.649847094801,1231.65137614679
677.561162079511,1231.65137614679
679.47247706422,1231.65137614679
681.38379204893,1231.65137614679
683.295107033639,1231.65137614679
685.206422018349,1231.65137614679
685.206422018349,1229.74006116208
687.117737003058,1229.74006116208
689.029051987768,1229.74006116208
690.940366972477,1227.82874617737
692.851681957186,1227.82874617737
694.762996941896,1227.82874617737
696.674311926605,1227.82874617737
698.585626911315,1227.82874617737
700.496941896024,1225.91743119266
702.408256880734,1225.91743119266
704.319571865443,1225.91743119266
706.230886850153,1225.91743119266
708.142201834862,1225.91743119266
710.053516819572,1225.91743119266
710.053516819572,1224.00611620795
711.964831804281,1224.00611620795
713.876146788991,1224.00611620795
715.7874617737,1224.00611620795
717.69877675841,1224.00611620795
719.610091743119,1224.00611620795
721.521406727829,1224.00611620795
723.432721712538,1224.00611620795
725.344036697248,1224.00611620795
727.255351681957,1224.00611620795
729.166666666667,1224.00611620795
729.166666666667,1222.09480122324
731.077981651376,1222.09480122324
732.989296636086,1222.09480122324
734.900611620795,1222.09480122324
736.811926605505,1222.09480122324
738.723241590214,1220.18348623853
740.634556574923,1220.18348623853
742.545871559633,1218.27217125382
744.457186544343,1218.27217125382
746.368501529052,1218.27217125382
748.279816513761,1218.27217125382
750.191131498471,1216.36085626911
752.10244648318,1216.36085626911
754.01376146789,1216.36085626911
755.925076452599,1216.36085626911
757.836391437309,1216.36085626911
759.747706422018,1216.36085626911
759.747706422018,1214.4495412844
761.659021406728,1214.4495412844
763.570336391437,1214.4495412844
765.481651376147,1214.4495412844
767.392966360856,1214.4495412844
769.304281345566,1214.4495412844
771.215596330275,1214.4495412844
773.126911314985,1214.4495412844
775.038226299694,1212.53822629969
776.949541284403,1212.53822629969
778.860856269113,1212.53822629969
780.772171253823,1212.53822629969
782.683486238532,1212.53822629969
784.594801223242,1210.62691131498
786.506116207951,1210.62691131498
788.41743119266,1210.62691131498
790.32874617737,1210.62691131498
792.240061162079,1208.71559633028
796.062691131498,1208.71559633028
797.974006116208,1208.71559633028
799.885321100917,1208.71559633028
801.796636085627,1208.71559633028
803.707951070336,1208.71559633028
805.619266055046,1208.71559633028
807.530581039755,1206.80428134557
809.441896024465,1206.80428134557
811.353211009174,1206.80428134557
813.264525993883,1206.80428134557
815.175840978593,1206.80428134557
817.087155963303,1206.80428134557
820.909785932722,1206.80428134557
824.73241590214,1206.80428134557
826.64373088685,1206.80428134557
828.555045871559,1204.89296636086
830.466360856269,1204.89296636086
832.377675840979,1204.89296636086
834.288990825688,1204.89296636086
836.200305810397,1202.98165137615
838.111620795107,1202.98165137615
840.022935779816,1202.98165137615
841.934250764526,1202.98165137615
843.845565749235,1202.98165137615
843.845565749235,1201.07033639144
845.756880733945,1201.07033639144
849.579510703364,1199.15902140673
855.313455657492,1199.15902140673
857.224770642202,1197.24770642202
859.136085626911,1197.24770642202
861.047400611621,1197.24770642202
862.95871559633,1197.24770642202
864.87003058104,1197.24770642202
864.87003058104,1195.33639143731
866.781345565749,1195.33639143731
868.692660550459,1195.33639143731
868.692660550459,1193.4250764526
872.515290519877,1193.4250764526
874.426605504587,1191.51376146789
876.337920489296,1191.51376146789
878.249235474006,1191.51376146789
880.160550458716,1191.51376146789
880.160550458716,1189.60244648318
882.071865443425,1189.60244648318
883.983180428134,1189.60244648318
885.894495412844,1187.69113149847
887.805810397553,1187.69113149847
891.628440366972,1185.77981651376
893.539755351682,1185.77981651376
895.451070336391,1183.86850152905
897.362385321101,1183.86850152905
899.27370030581,1183.86850152905
899.27370030581,1181.95718654434
901.18501529052,1181.95718654434
903.096330275229,1181.95718654434
903.096330275229,1180.04587155963
905.007645259939,1180.04587155963
906.918960244648,1180.04587155963
908.830275229358,1180.04587155963
910.741590214067,1178.13455657492
912.652905198777,1178.13455657492
914.564220183486,1176.22324159021
916.475535168196,1176.22324159021
918.386850152905,1176.22324159021
918.386850152905,1174.3119266055
920.298165137615,1174.3119266055
933.677370030581,1170.48929663609
947.056574923547,1166.66666666667
948.967889908257,1164.75535168196
950.879204892966,1164.75535168196
952.790519877676,1164.75535168196
954.701834862385,1164.75535168196
956.613149847095,1162.84403669725
958.524464831804,1162.84403669725
960.435779816514,1160.93272171254
962.347094801223,1159.02140672783
964.258409785933,1159.02140672783
966.169724770642,1157.11009174312
968.081039755352,1157.11009174312
969.992354740061,1155.19877675841
971.90366972477,1153.2874617737
973.81498470948,1153.2874617737
975.72629969419,1151.37614678899
977.637614678899,1151.37614678899
979.548929663609,1151.37614678899
981.460244648318,1149.46483180428
983.371559633027,1147.55351681957
985.282874617737,1145.64220183486
987.194189602446,1143.73088685015
989.105504587156,1143.73088685015
991.016819571866,1141.81957186544
992.928134556575,1139.90825688073
992.928134556575,1137.99694189602
994.839449541284,1137.99694189602
994.839449541284,1136.08562691131
996.750764525994,1136.08562691131
998.662079510703,1134.17431192661
1000.57339449541,1132.2629969419
1002.48470948012,1130.35168195719
1004.39602446483,1128.44036697248
1004.39602446483,1126.52905198777
1006.30733944954,1126.52905198777
1006.30733944954,1124.61773700306
1008.21865443425,1124.61773700306
1008.21865443425,1122.70642201835
1010.12996941896,1122.70642201835
1012.04128440367,1120.79510703364
1012.04128440367,1118.88379204893
1013.95259938838,1118.88379204893
1013.95259938838,1116.97247706422
1013.95259938838,1115.06116207951
1013.95259938838,1115.06116207951
1013.95259938838,807.339449541284
1012.04128440367,807.339449541284
1010.12996941896,807.339449541284
1008.21865443425,807.339449541284
1006.30733944954,807.339449541284
1004.39602446483,807.339449541284
1002.48470948012,807.339449541284
1000.57339449541,807.339449541284
998.662079510703,807.339449541284
996.750764525994,807.339449541284
994.839449541284,807.339449541284
992.928134556575,807.339449541284
991.016819571866,807.339449541284
989.105504587156,807.339449541284
987.194189602446,807.339449541284
985.282874617737,807.339449541284
983.371559633027,809.250764525994
981.460244648318,809.250764525994
979.548929663609,809.250764525994
977.637614678899,809.250764525994
975.72629969419,809.250764525994
973.81498470948,809.250764525994
973.81498470948,811.162079510703
969.992354740061,811.162079510703
966.169724770642,813.073394495413
964.258409785933,814.984709480122
960.435779816514,816.896024464832
958.524464831804,816.896024464832
958.524464831804,818.807339449541
956.613149847095,818.807339449541
954.701834862385,818.807339449541
954.701834862385,820.718654434251
952.790519877676,820.718654434251
950.879204892966,820.718654434251
948.967889908257,820.718654434251
948.967889908257,822.62996941896
947.056574923547,822.62996941896
945.145259938838,824.54128440367
943.233944954128,824.54128440367
941.322629969419,824.54128440367
941.322629969419,826.452599388379
939.411314984709,826.452599388379
937.5,826.452599388379
935.58868501529,828.363914373088
933.677370030581,828.363914373088
931.766055045871,830.275229357798
929.854740061162,832.186544342507
927.943425076453,832.186544342507
927.943425076453,834.097859327217
926.032110091743,836.009174311926
924.120795107033,836.009174311926
924.120795107033,837.920489296636
922.209480122324,839.831804281346
920.298165137615,839.831804281346
918.386850152905,841.743119266055
916.475535168196,843.654434250764
914.564220183486,843.654434250764
914.564220183486,845.565749235474
912.652905198777,847.477064220183
910.741590214067,849.388379204893
908.830275229358,851.299694189602
906.918960244648,853.211009174312
906.918960244648,855.122324159021
906.918960244648,857.033639143731
905.007645259939,857.033639143731
905.007645259939,858.94495412844
903.096330275229,860.85626911315
901.18501529052,866.590214067278
899.27370030581,874.235474006116
897.362385321101,876.146788990826
897.362385321101,878.058103975535
897.362385321101,879.969418960244
895.451070336391,879.969418960244
895.451070336391,881.880733944954
895.451070336391,883.792048929663
893.539755351682,885.703363914373
893.539755351682,887.614678899082
893.539755351682,889.525993883792
893.539755351682,891.437308868501
893.539755351682,893.348623853211
891.628440366972,895.25993883792
891.628440366972,897.17125382263
891.628440366972,899.082568807339
891.628440366972,900.993883792049
891.628440366972,902.905198776758
891.628440366972,904.816513761467
891.628440366972,906.727828746177
889.717125382263,908.639143730887
889.717125382263,910.550458715596
889.717125382263,912.461773700306
889.717125382263,914.373088685015
889.717125382263,916.284403669725
889.717125382263,918.195718654434
889.717125382263,920.107033639144
889.717125382263,922.018348623853
889.717125382263,923.929663608563
887.805810397553,925.840978593272
887.805810397553,927.752293577981
887.805810397553,929.663608562691
887.805810397553,931.5749235474
887.805810397553,933.48623853211
887.805810397553,935.397553516819
885.894495412844,935.397553516819
885.894495412844,937.308868501529
885.894495412844,939.220183486238
885.894495412844,941.131498470948
885.894495412844,943.042813455657
885.894495412844,944.954128440367
885.894495412844,946.865443425076
885.894495412844,948.776758409786
885.894495412844,950.688073394495
883.983180428134,952.599388379205
883.983180428134,954.510703363914
883.983180428134,956.422018348624
882.071865443425,956.422018348624
882.071865443425,958.333333333333
880.160550458716,960.244648318043
880.160550458716,962.155963302752
878.249235474006,964.067278287461
878.249235474006,965.978593272171
876.337920489296,965.978593272171
874.426605504587,967.889908256881
874.426605504587,969.80122324159
872.515290519877,969.80122324159
872.515290519877,971.7125382263
870.603975535168,971.7125382263
870.603975535168,973.623853211009
868.692660550459,975.535168195718
866.781345565749,977.446483180428
864.87003058104,979.357798165137
862.95871559633,981.269113149847
861.047400611621,983.180428134556
859.136085626911,985.091743119266
857.224770642202,987.003058103975
855.313455657492,988.914373088685
853.402140672783,990.825688073394
851.490825688073,992.737003058104
851.490825688073,994.648318042813
849.579510703364,994.648318042813
847.668195718654,996.559633027523
845.756880733945,998.470948012232
843.845565749235,1000.38226299694
841.934250764526,1002.29357798165
840.022935779816,1002.29357798165
838.111620795107,1004.20489296636
836.200305810397,1004.20489296636
834.288990825688,1006.11620795107
832.377675840979,1006.11620795107
830.466360856269,1008.02752293578
828.555045871559,1008.02752293578
828.555045871559,1009.93883792049
826.64373088685,1009.93883792049
824.73241590214,1009.93883792049
822.821100917431,1011.8501529052
818.998470948012,1011.8501529052
817.087155963303,1011.8501529052
815.175840978593,1013.76146788991
813.264525993883,1013.76146788991
811.353211009174,1013.76146788991
809.441896024465,1013.76146788991
807.530581039755,1015.67278287462
805.619266055046,1015.67278287462
803.707951070336,1015.67278287462
801.796636085627,1015.67278287462
799.885321100917,1017.58409785933
797.974006116208,1017.58409785933
796.062691131498,1017.58409785933
794.151376146789,1017.58409785933
792.240061162079,1019.49541284404
790.32874617737,1019.49541284404
788.41743119266,1019.49541284404
784.594801223242,1019.49541284404
782.683486238532,1019.49541284404
778.860856269113,1019.49541284404
775.038226299694,1021.40672782875
771.215596330275,1021.40672782875
769.304281345566,1023.31804281346
767.392966360856,1023.31804281346
765.481651376147,1023.31804281346
763.570336391437,1023.31804281346
761.659021406728,1023.31804281346
759.747706422018,1025.22935779816
757.836391437309,1025.22935779816
755.925076452599,1025.22935779816
754.01376146789,1025.22935779816
754.01376146789,1027.14067278287
752.10244648318,1027.14067278287
750.191131498471,1027.14067278287
748.279816513761,1029.05198776758
746.368501529052,1029.05198776758
742.545871559633,1029.05198776758
740.634556574923,1029.05198776758
738.723241590214,1030.96330275229
736.811926605505,1030.96330275229
734.900611620795,1030.96330275229
732.989296636086,1030.96330275229
731.077981651376,1032.874617737
729.166666666667,1032.874617737
727.255351681957,1032.874617737
725.344036697248,1034.78593272171
723.432721712538,1034.78593272171
721.521406727829,1034.78593272171
717.69877675841,1034.78593272171
715.7874617737,1034.78593272171
713.876146788991,1034.78593272171
711.964831804281,1036.69724770642
708.142201834862,1036.69724770642
702.408256880734,1036.69724770642
700.496941896024,1036.69724770642
696.674311926605,1036.69724770642
694.762996941896,1036.69724770642
692.851681957186,1036.69724770642
690.940366972477,1036.69724770642
689.029051987768,1036.69724770642
687.117737003058,1036.69724770642
685.206422018349,1038.60856269113
683.295107033639,1038.60856269113
681.38379204893,1038.60856269113
679.47247706422,1038.60856269113
677.561162079511,1038.60856269113
675.649847094801,1038.60856269113
673.738532110092,1038.60856269113
669.915902140673,1038.60856269113
668.004587155963,1038.60856269113
666.093272171254,1038.60856269113
664.181957186544,1038.60856269113
660.359327217125,1038.60856269113
658.448012232416,1038.60856269113
656.536697247706,1038.60856269113
654.625382262997,1038.60856269113
650.802752293578,1040.51987767584
648.891437308868,1040.51987767584
646.980122324159,1040.51987767584
645.068807339449,1040.51987767584
643.15749235474,1040.51987767584
641.24617737003,1040.51987767584
639.334862385321,1040.51987767584
637.423547400612,1040.51987767584
635.512232415902,1040.51987767584
635.512232415902,1042.43119266055
633.600917431193,1042.43119266055
629.778287461774,1042.43119266055
625.955657492355,1042.43119266055
624.044342507645,1042.43119266055
620.221712538226,1042.43119266055
618.310397553517,1044.34250764526
616.399082568807,1044.34250764526
612.576452599388,1044.34250764526
610.665137614679,1044.34250764526
608.753822629969,1044.34250764526
604.93119266055,1044.34250764526
603.019877675841,1044.34250764526
599.197247706422,1044.34250764526
597.285932721712,1044.34250764526
595.374617737003,1044.34250764526
591.551987767584,1046.25382262997
589.640672782875,1046.25382262997
585.818042813456,1046.25382262997
583.906727828746,1046.25382262997
581.995412844037,1046.25382262997
578.172782874618,1046.25382262997
576.261467889908,1046.25382262997
576.261467889908,1048.16513761468
574.350152905199,1048.16513761468
570.52752293578,1048.16513761468
568.61620795107,1048.16513761468
566.704892966361,1048.16513761468
564.793577981651,1048.16513761468
560.970948012232,1048.16513761468
557.148318042813,1048.16513761468
555.237003058104,1048.16513761468
553.325688073394,1048.16513761468
551.414373088685,1048.16513761468
547.591743119266,1048.16513761468
545.680428134556,1048.16513761468
543.769113149847,1048.16513761468
541.857798165138,1048.16513761468
539.946483180428,1048.16513761468
538.035168195719,1048.16513761468
536.123853211009,1048.16513761468
534.2125382263,1048.16513761468
532.30122324159,1048.16513761468
530.389908256881,1048.16513761468
528.478593272171,1046.25382262997
526.567278287462,1046.25382262997
524.655963302752,1046.25382262997
522.744648318043,1046.25382262997
518.922018348624,1046.25382262997
517.010703363914,1046.25382262997
515.099388379205,1046.25382262997
513.188073394495,1046.25382262997
511.276758409786,1046.25382262997
509.365443425076,1046.25382262997
507.454128440367,1046.25382262997
505.542813455657,1046.25382262997
503.631498470948,1046.25382262997
501.720183486239,1046.25382262997
499.808868501529,1046.25382262997
497.897553516819,1046.25382262997
495.98623853211,1046.25382262997
494.0749235474,1046.25382262997
492.163608562691,1046.25382262997
488.340978593272,1046.25382262997
486.429663608563,1046.25382262997
482.607033639144,1046.25382262997
480.695718654434,1046.25382262997
476.873088685015,1046.25382262997
474.961773700306,1046.25382262997
473.050458715596,1046.25382262997
471.139143730887,1044.34250764526
469.227828746177,1044.34250764526
467.316513761468,1044.34250764526
465.405198776758,1042.43119266055
463.493883792049,1042.43119266055
457.75993883792,1040.51987767584
453.937308868502,1040.51987767584
452.025993883792,1038.60856269113
450.114678899082,1038.60856269113
448.203363914373,1038.60856269113
448.203363914373,1036.69724770642
446.292048929663,1036.69724770642
444.380733944954,1034.78593272171
442.469418960245,1034.78593272171
442.469418960245,1032.874617737
440.558103975535,1032.874617737
438.646788990826,1030.96330275229
436.735474006116,1030.96330275229
432.912844036697,1029.05198776758
431.001529051988,1027.14067278287
429.090214067278,1027.14067278287
425.267584097859,1025.22935779816
423.35626911315,1025.22935779816
421.44495412844,1025.22935779816
421.44495412844,1023.31804281346
419.533639143731,1023.31804281346
417.622324159021,1023.31804281346
415.711009174312,1021.40672782875
413.799694189602,1021.40672782875
411.888379204893,1019.49541284404
408.065749235474,1017.58409785933
406.154434250764,1017.58409785933
404.243119266055,1017.58409785933
404.243119266055,1015.67278287462
402.331804281346,1015.67278287462
400.420489296636,1015.67278287462
398.509174311927,1013.76146788991
396.597859327217,1013.76146788991
394.686544342508,1011.8501529052
392.775229357798,1011.8501529052
390.863914373089,1011.8501529052
388.952599388379,1009.93883792049
385.12996941896,1009.93883792049
383.218654434251,1008.02752293578
381.307339449541,1006.11620795107
379.396024464832,1006.11620795107
377.484709480122,1006.11620795107
375.573394495413,1004.20489296636
373.662079510703,1002.29357798165
371.750764525994,1000.38226299694
369.839449541284,1000.38226299694
367.928134556575,998.470948012232
366.016819571865,998.470948012232
366.016819571865,996.559633027523
364.105504587156,996.559633027523
362.194189602446,994.648318042813
360.282874617737,992.737003058104
358.371559633027,992.737003058104
356.460244648318,990.825688073394
354.548929663609,988.914373088685
350.726299694189,987.003058103975
346.903669724771,981.269113149847
344.992354740061,979.357798165137
343.081039755352,977.446483180428
343.081039755352,975.535168195718
341.169724770642,975.535168195718
339.258409785933,973.623853211009
339.258409785933,971.7125382263
337.347094801223,971.7125382263
337.347094801223,969.80122324159
335.435779816514,969.80122324159
333.524464831804,965.978593272171
329.701834862385,962.155963302752
327.790519877676,960.244648318043
325.879204892966,958.333333333333
323.967889908257,956.422018348624
322.056574923547,954.510703363914
322.056574923547,952.599388379205
320.145259938838,952.599388379205
320.145259938838,950.688073394495
318.233944954128,948.776758409786
318.233944954128,946.865443425076
316.322629969419,944.954128440367
316.322629969419,943.042813455657
314.411314984709,941.131498470948
314.411314984709,939.220183486238
312.5,935.397553516819
312.5,933.48623853211
312.5,931.5749235474
310.58868501529,929.663608562691
310.58868501529,927.752293577981
310.58868501529,925.840978593272
310.58868501529,923.929663608563
308.677370030581,922.018348623853
308.677370030581,920.107033639144
306.766055045872,920.107033639144
306.766055045872,918.195718654434
304.854740061162,916.284403669725
304.854740061162,914.373088685015
304.854740061162,912.461773700306
304.854740061162,910.550458715596
302.943425076453,908.639143730887
302.943425076453,906.727828746177
302.943425076453,904.816513761467
302.943425076453,902.905198776758
301.032110091743,900.993883792049
301.032110091743,899.082568807339
301.032110091743,897.17125382263
299.120795107034,895.25993883792
299.120795107034,893.348623853211
299.120795107034,891.437308868501
299.120795107034,889.525993883792
299.120795107034,887.614678899082
299.120795107034,885.703363914373
297.209480122324,885.703363914373
297.209480122324,883.792048929663
297.209480122324,881.880733944954
297.209480122324,879.969418960244
297.209480122324,878.058103975535
297.209480122324,876.146788990826
297.209480122324,874.235474006116
297.209480122324,872.324159021407
297.209480122324,870.412844036697
297.209480122324,868.501529051988
297.209480122324,866.590214067278
297.209480122324,864.678899082568
297.209480122324,862.767584097859
297.209480122324,860.85626911315
299.120795107034,860.85626911315
299.120795107034,858.94495412844
299.120795107034,857.033639143731
299.120795107034,855.122324159021
299.120795107034,853.211009174312
301.032110091743,851.299694189602
301.032110091743,849.388379204893
302.943425076453,847.477064220183
302.943425076453,845.565749235474
304.854740061162,843.654434250764
304.854740061162,841.743119266055
304.854740061162,839.831804281346
304.854740061162,837.920489296636
304.854740061162,836.009174311926
306.766055045872,834.097859327217
306.766055045872,832.186544342507
306.766055045872,830.275229357798
306.766055045872,828.363914373088
308.677370030581,826.452599388379
308.677370030581,824.54128440367
308.677370030581,822.62996941896
310.58868501529,820.718654434251
310.58868501529,818.807339449541
310.58868501529,816.896024464832
312.5,816.896024464832
312.5,814.984709480122
314.411314984709,813.073394495413
314.411314984709,811.162079510703
316.322629969419,809.250764525994
316.322629969419,807.339449541284
318.233944954128,805.428134556575
320.145259938838,803.516819571865
320.145259938838,801.605504587156
322.056574923547,801.605504587156
322.056574923547,799.694189602446
323.967889908257,799.694189602446
323.967889908257,797.782874617737
325.879204892966,797.782874617737
325.879204892966,795.871559633027
327.790519877676,793.960244648318
327.790519877676,792.048929663608
329.701834862385,790.137614678899
331.613149847095,788.226299694189
331.613149847095,786.31498470948
333.524464831804,786.31498470948
335.435779816514,784.40366972477
335.435779816514,782.492354740061
337.347094801223,780.581039755352
339.258409785933,778.669724770642
341.169724770642,776.758409785932
343.081039755352,774.847094801223
344.992354740061,772.935779816514
346.903669724771,771.024464831804
348.81498470948,769.113149847095
350.726299694189,767.201834862385
352.637614678899,765.290519877676
354.548929663609,761.467889908257
358.371559633027,759.556574923547
362.194189602446,757.645259938838
362.194189602446,755.733944954128
364.105504587156,755.733944954128
364.105504587156,753.822629969419
366.016819571865,751.911314984709
367.928134556575,751.911314984709
369.839449541284,751.911314984709
371.750764525994,750
373.662079510703,748.08868501529
375.573394495413,748.08868501529
377.484709480122,748.08868501529
377.484709480122,746.177370030581
379.396024464832,746.177370030581
379.396024464832,746.177370030581
379.396024464832,746.177370030581
381.307339449541,746.177370030581
387.04128440367,740.443425076452
388.952599388379,738.532110091743
390.863914373089,738.532110091743
392.775229357798,736.620795107033
394.686544342508,734.709480122324
396.597859327217,734.709480122324
398.509174311927,734.709480122324
404.243119266055,730.886850152905
413.799694189602,725.152905198777
419.533639143731,723.241590214067
421.44495412844,723.241590214067
423.35626911315,723.241590214067
425.267584097859,721.330275229358
427.178899082569,719.418960244648
429.090214067278,719.418960244648
431.001529051988,717.507645259939
432.912844036697,715.596330275229
434.824159021407,713.68501529052
434.824159021407,711.77370030581
436.735474006116,711.77370030581
438.646788990826,711.77370030581
438.646788990826,709.862385321101
440.558103975535,709.862385321101
442.469418960245,709.862385321101
442.469418960245,707.951070336391
444.380733944954,707.951070336391
444.380733944954,706.039755351682
446.292048929663,706.039755351682
448.203363914373,704.128440366972
450.114678899082,702.217125382263
452.025993883792,702.217125382263
452.025993883792,700.305810397553
453.937308868502,698.394495412844
455.848623853211,696.483180428134
457.75993883792,696.483180428134
457.75993883792,694.571865443425
459.67125382263,694.571865443425
459.67125382263,692.660550458715
461.582568807339,692.660550458715
461.582568807339,690.749235474006
463.493883792049,690.749235474006
465.405198776758,688.837920489296
465.405198776758,686.926605504587
467.316513761468,686.926605504587
467.316513761468,685.015290519877
467.316513761468,683.103975535168
469.227828746177,681.192660550459
471.139143730887,681.192660550459
471.139143730887,679.281345565749
473.050458715596,677.37003058104
474.961773700306,675.45871559633
474.961773700306,673.547400611621
476.873088685015,671.636085626911
476.873088685015,669.724770642202
476.873088685015,667.813455657492
478.784403669725,667.813455657492
478.784403669725,665.902140672783
480.695718654434,663.990825688073
480.695718654434,662.079510703364
482.607033639144,660.168195718654
482.607033639144,658.256880733945
482.607033639144,656.345565749235
484.518348623853,654.434250764526
484.518348623853,652.522935779816
484.518348623853,650.611620795107
484.518348623853,648.700305810397
484.518348623853,646.788990825688
484.518348623853,644.877675840978
486.429663608563,642.966360856269
486.429663608563,641.055045871559
486.429663608563,639.14373088685
486.429663608563,635.321100917431
486.429663608563,633.409785932722
486.429663608563,631.498470948012
486.429663608563,629.587155963303
486.429663608563,627.675840978593
484.518348623853,627.675840978593
484.518348623853,625.764525993884
484.518348623853,623.853211009174
484.518348623853,621.941896024465
484.518348623853,620.030581039755
482.607033639144,618.119266055046
482.607033639144,616.207951070336
482.607033639144,614.296636085627
480.695718654434,612.385321100917
480.695718654434,610.474006116208
480.695718654434,608.562691131498
480.695718654434,608.562691131498
480.298690026553,607.701309973447
480.701309973447,607.298690026553
480.695718654434,604.740061162079
480.695718654434,602.82874617737
478.784403669725,599.006116207951
478.784403669725,597.094801223241
478.784403669725,595.183486238532
476.873088685015,593.272171253822
476.873088685015,591.360856269113
476.873088685015,589.449541284403
476.873088685015,587.538226299694
476.873088685015,585.626911314985
476.873088685015,583.715596330275
476.873088685015,579.892966360856
476.873088685015,577.981651376147
476.873088685015,576.070336391437
476.873088685015,574.159021406728
476.873088685015,572.247706422018
476.873088685015,570.336391437309
476.873088685015,568.425076452599
476.873088685015,566.51376146789
476.873088685015,564.60244648318
476.873088685015,562.691131498471
476.873088685015,560.779816513761
476.873088685015,558.868501529052
476.873088685015,556.957186544342
476.873088685015,555.045871559633
476.873088685015,553.134556574923
476.873088685015,551.223241590214
476.873088685015,549.311926605504
476.873088685015,547.400611620795
476.873088685015,545.489296636085
476.873088685015,543.577981651376
476.873088685015,541.666666666667
476.873088685015,539.755351681957
476.873088685015,537.844036697248
476.873088685015,535.932721712538
476.873088685015,534.021406727829
476.873088685015,532.110091743119
476.873088685015,530.19877675841
476.873088685015,528.2874617737
476.873088685015,526.376146788991
474.961773700306,524.464831804281
474.961773700306,522.553516819572
474.961773700306,520.642201834862
474.961773700306,518.730886850153
474.961773700306,516.819571865443
474.961773700306,514.908256880734
474.961773700306,512.996941896024
474.961773700306,511.085626911315
474.961773700306,509.174311926605
473.050458715596,509.174311926605
473.050458715596,507.262996941896
473.050458715596,505.351681957186
473.050458715596,503.440366972477
473.050458715596,501.529051987767
473.050458715596,499.617737003058
473.050458715596,497.706422018349
473.050458715596,495.795107033639
473.050458715596,493.88379204893
473.050458715596,491.97247706422
473.050458715596,490.06116207951
473.050458715596,488.149847094801
473.050458715596,486.238532110092
473.050458715596,484.327217125382
473.050458715596,482.415902140673
471.139143730887,480.504587155963
471.139143730887,478.593272171254
471.139143730887,476.681957186544
471.139143730887,474.770642201835
469.227828746177,472.859327217125
469.227828746177,470.948012232416
469.227828746177,469.036697247706
467.316513761468,467.125382262997
467.316513761468,465.214067278287
467.316513761468,463.302752293578
465.405198776758,463.302752293578
465.405198776758,461.391437308868
465.405198776758,459.480122324159
465.405198776758,457.568807339449
463.493883792049,455.65749235474
463.493883792049,453.74617737003
461.582568807339,451.834862385321
461.582568807339,449.923547400611
461.582568807339,448.012232415902
459.67125382263,448.012232415902
459.67125382263,446.100917431193
457.75993883792,444.189602446483
457.75993883792,442.278287461774
455.848623853211,442.278287461774
455.848623853211,440.366972477064
453.937308868502,440.366972477064
453.937308868502,438.455657492355
452.025993883792,438.455657492355
452.025993883792,436.544342507645
450.114678899082,436.544342507645
450.114678899082,434.633027522936
448.203363914373,434.633027522936
446.292048929663,434.633027522936
446.292048929663,432.721712538226
444.380733944954,432.721712538226
442.469418960245,432.721712538226
440.558103975535,430.810397553517
438.646788990826,430.810397553517
438.646788990826,428.899082568807
436.735474006116,428.899082568807
434.824159021407,426.987767584098
432.912844036697,426.987767584098
432.912844036697,425.076452599388
431.001529051988,425.076452599388
429.090214067278,425.076452599388
429.090214067278,423.165137614679
427.178899082569,423.165137614679
425.267584097859,423.165137614679
423.35626911315,423.165137614679
421.44495412844,423.165137614679
419.533639143731,423.165137614679
419.533639143731,421.253822629969
417.622324159021,421.253822629969
415.711009174312,421.253822629969
413.799694189602,421.253822629969
411.888379204893,421.253822629969
409.977064220183,421.253822629969
408.065749235474,421.253822629969
406.154434250764,421.253822629969
404.243119266055,421.253822629969
402.331804281346,421.253822629969
398.509174311927,421.253822629969
392.775229357798,421.253822629969
388.952599388379,421.253822629969
387.04128440367,421.253822629969
385.12996941896,421.253822629969
383.218654434251,421.253822629969
379.396024464832,421.253822629969
377.484709480122,421.253822629969
375.573394495413,421.253822629969
373.662079510703,421.253822629969
371.750764525994,421.253822629969
369.839449541284,421.253822629969
367.928134556575,421.253822629969
366.016819571865,421.253822629969
364.105504587156,421.253822629969
362.194189602446,421.253822629969
360.282874617737,421.253822629969
358.371559633027,421.253822629969
356.460244648318,421.253822629969
354.548929663609,421.253822629969
352.637614678899,421.253822629969
350.726299694189,421.253822629969
348.81498470948,421.253822629969
346.903669724771,421.253822629969
344.992354740061,421.253822629969
343.081039755352,421.253822629969
341.169724770642,421.253822629969
339.258409785933,421.253822629969
337.347094801223,421.253822629969
335.435779816514,421.253822629969
331.613149847095,421.253822629969
329.701834862385,421.253822629969
327.790519877676,421.253822629969
325.879204892966,421.253822629969
323.967889908257,421.253822629969
322.056574923547,421.253822629969
322.056574923547,419.34250764526
320.145259938838,419.34250764526
318.233944954128,419.34250764526
316.322629969419,419.34250764526
314.411314984709,417.43119266055
312.5,417.43119266055
310.58868501529,417.43119266055
308.677370030581,415.519877675841
306.766055045872,415.519877675841
304.854740061162,415.519877675841
302.943425076453,415.519877675841
301.032110091743,415.519877675841
299.120795107034,415.519877675841
299.120795107034,413.608562691131
297.209480122324,413.608562691131
297.209480122324,411.697247706422
295.298165137615,411.697247706422
293.386850152905,411.697247706422
293.386850152905,409.785932721712
293.386850152905,409.785932721712
291.646821288898,408.755798657997
291,408.651868737655
290.353178711102,409.05448868455
290.05448868455,409.646821288897
287.652905198777,409.785932721712
283.830275229358,405.963302752293
283.830275229358,404.051987767584
281.918960244648,404.051987767584
281.918960244648,402.140672782874
280.007645259939,400.229357798165
278.096330275229,396.406727828746
278.096330275229,394.495412844037
278.096330275229,392.584097859327
276.18501529052,392.584097859327
276.18501529052,390.672782874617
274.27370030581,388.761467889908
274.27370030581,386.850152905199
274.27370030581,384.938837920489
274.27370030581,383.02752293578
272.362385321101,381.11620795107
272.362385321101,379.204892966361
272.362385321101,377.293577981651
272.362385321101,375.382262996942
272.362385321101,373.470948012232
272.362385321101,371.559633027523
274.27370030581,369.648318042813
274.27370030581,367.737003058104
274.27370030581,365.825688073394
274.27370030581,363.914373088685
274.27370030581,362.003058103975
276.18501529052,360.091743119266
276.18501529052,358.180428134556
276.18501529052,356.269113149847
278.096330275229,352.446483180428
278.096330275229,350.535168195719
278.096330275229,348.623853211009
278.096330275229,346.7125382263
278.096330275229,344.80122324159
280.007645259939,344.80122324159
280.007645259939,342.889908256881
280.007645259939,340.978593272171
281.918960244648,339.067278287462
281.918960244648,337.155963302752
283.830275229358,335.244648318043
285.741590214067,333.333333333333
285.741590214067,331.422018348624
287.652905198777,331.422018348624
287.652905198777,329.510703363914
289.564220183486,327.599388379205
289.564220183486,325.688073394495
291.475535168196,325.688073394495
291.475535168196,323.776758409786
293.386850152905,323.776758409786
293.386850152905,321.865443425076
295.298165137615,321.865443425076
295.298165137615,319.954128440367
297.209480122324,319.954128440367
299.120795107034,319.954128440367
299.120795107034,318.042813455657
301.032110091743,318.042813455657
302.943425076453,316.131498470948
304.854740061162,316.131498470948
304.854740061162,314.220183486239
306.766055045872,314.220183486239
306.766055045872,312.308868501529
308.677370030581,312.308868501529
308.677370030581,310.397553516819
310.58868501529,310.397553516819
310.58868501529,308.48623853211
312.5,308.48623853211
314.411314984709,306.5749235474
316.322629969419,304.663608562691
318.233944954128,304.663608562691
320.145259938838,302.752293577982
322.056574923547,302.752293577982
323.967889908257,300.840978593272
325.879204892966,300.840978593272
327.790519877676,298.929663608563
329.701834862385,298.929663608563
335.435779816514,295.107033639144
337.347094801223,295.107033639144
339.258409785933,295.107033639144
341.169724770642,293.195718654434
343.081039755352,293.195718654434
343.081039755352,291.284403669725
344.992354740061,291.284403669725
346.903669724771,291.284403669725
348.81498470948,289.373088685015
350.726299694189,289.373088685015
352.637614678899,289.373088685015
354.548929663609,287.461773700306
356.460244648318,287.461773700306
358.371559633027,287.461773700306
360.282874617737,287.461773700306
362.194189602446,287.461773700306
364.105504587156,287.461773700306
366.016819571865,285.550458715596
367.928134556575,285.550458715596
367.928134556575,283.639143730887
369.839449541284,283.639143730887
371.750764525994,283.639143730887
373.662079510703,283.639143730887
373.662079510703,281.727828746177
375.573394495413,281.727828746177
377.484709480122,281.727828746177
377.484709480122,279.816513761468
379.396024464832,279.816513761468
381.307339449541,277.905198776758
383.218654434251,275.993883792049
385.12996941896,274.082568807339
387.04128440367,274.082568807339
388.952599388379,272.17125382263
390.863914373089,272.17125382263
392.775229357798,270.25993883792
394.686544342508,270.25993883792
396.597859327217,268.348623853211
398.509174311927,266.437308868501
400.420489296636,266.437308868501
402.331804281346,264.525993883792
404.243119266055,264.525993883792
406.154434250764,262.614678899082
408.065749235474,262.614678899082
408.065749235474,260.703363914373
409.977064220183,260.703363914373
411.888379204893,258.792048929663
413.799694189602,258.792048929663
415.711009174312,256.880733944954
417.622324159021,256.880733944954
419.533639143731,256.880733944954
421.44495412844,254.969418960245
425.267584097859,254.969418960245
427.178899082569,253.058103975535
429.090214067278,253.058103975535
431.001529051988,251.146788990826
432.912844036697,251.146788990826
434.824159021407,249.235474006116
436.735474006116,249.235474006116
438.646788990826,249.235474006116
440.558103975535,247.324159021407
442.469418960245,247.324159021407
444.380733944954,247.324159021407
446.292048929663,245.412844036697
448.203363914373,245.412844036697
450.114678899082,245.412844036697
452.025993883792,245.412844036697
452.025993883792,243.501529051988
453.937308868502,243.501529051988
455.848623853211,243.501529051988
457.75993883792,243.501529051988
459.67125382263,243.501529051988
461.582568807339,243.501529051988
463.493883792049,241.590214067278
465.405198776758,241.590214067278
467.316513761468,241.590214067278
467.316513761468,239.678899082569
469.227828746177,239.678899082569
471.139143730887,239.678899082569
473.050458715596,237.767584097859
474.961773700306,237.767584097859
476.873088685015,237.767584097859
478.784403669725,237.767584097859
478.784403669725,235.85626911315
480.695718654434,235.85626911315
482.607033639144,235.85626911315
486.429663608563,233.94495412844
488.340978593272,233.94495412844
490.252293577982,232.033639143731
492.163608562691,232.033639143731
494.0749235474,232.033639143731
495.98623853211,232.033639143731
497.897553516819,230.122324159021
499.808868501529,230.122324159021
503.631498470948,230.122324159021
505.542813455657,228.211009174312
507.454128440367,228.211009174312
509.365443425076,228.211009174312
511.276758409786,228.211009174312
513.188073394495,226.299694189602
515.099388379205,226.299694189602
517.010703363914,226.299694189602
518.922018348624,226.299694189602
520.833333333333,226.299694189602
522.744648318043,226.299694189602
524.655963302752,226.299694189602
526.567278287462,224.388379204893
530.389908256881,224.388379204893
532.30122324159,224.388379204893
536.123853211009,224.388379204893
538.035168195719,224.388379204893
539.946483180428,224.388379204893
541.857798165138,224.388379204893
543.769113149847,224.388379204893
545.680428134556,224.388379204893
547.591743119266,226.299694189602
549.503058103975,226.299694189602
551.414373088685,226.299694189602
553.325688073394,226.299694189602
555.237003058104,226.299694189602
560.970948012232,226.299694189602
562.882262996942,226.299694189602
564.793577981651,226.299694189602
566.704892966361,226.299694189602
568.61620795107,226.299694189602
570.52752293578,228.211009174312
572.438837920489,228.211009174312
574.350152905199,228.211009174312
576.261467889908,228.211009174312
578.172782874618,228.211009174312
580.084097859327,228.211009174312
583.906727828746,228.211009174312
585.818042813456,228.211009174312
587.729357798165,228.211009174312
589.640672782875,228.211009174312
595.374617737003,230.122324159021
597.285932721712,230.122324159021
599.197247706422,232.033639143731
603.019877675841,232.033639143731
604.93119266055,232.033639143731
606.84250764526,232.033639143731
608.753822629969,232.033639143731
610.665137614679,232.033639143731
612.576452599388,232.033639143731
614.487767584098,232.033639143731
616.399082568807,232.033639143731
618.310397553517,232.033639143731
620.221712538226,232.033639143731
624.044342507645,232.033639143731
625.955657492355,232.033639143731
629.778287461774,232.033639143731
631.689602446483,232.033639143731
633.600917431193,232.033639143731
637.423547400612,232.033639143731
639.334862385321,232.033639143731
641.24617737003,232.033639143731
643.15749235474,232.033639143731
645.068807339449,232.033639143731
646.980122324159,232.033639143731
648.891437308868,232.033639143731
650.802752293578,232.033639143731
652.714067278287,232.033639143731
654.625382262997,232.033639143731
658.448012232416,233.94495412844
662.270642201835,233.94495412844
666.093272171254,233.94495412844
668.004587155963,233.94495412844
673.738532110092,233.94495412844
675.649847094801,233.94495412844
677.561162079511,233.94495412844
679.47247706422,233.94495412844
681.38379204893,235.85626911315
689.029051987768,237.767584097859
694.762996941896,237.767584097859
696.674311926605,237.767584097859
698.585626911315,237.767584097859
702.408256880734,239.678899082569
706.230886850153,239.678899082569
708.142201834862,239.678899082569
710.053516819572,239.678899082569
711.964831804281,239.678899082569
713.876146788991,241.590214067278
715.7874617737,241.590214067278
717.69877675841,241.590214067278
719.610091743119,241.590214067278
721.521406727829,241.590214067278
723.432721712538,241.590214067278
725.344036697248,241.590214067278
727.255351681957,243.501529051988
729.166666666667,243.501529051988
731.077981651376,245.412844036697
732.989296636086,245.412844036697
736.811926605505,245.412844036697
738.723241590214,245.412844036697
738.723241590214,247.324159021407
740.634556574923,247.324159021407
742.545871559633,247.324159021407
746.368501529052,249.235474006116
748.279816513761,249.235474006116
750.191131498471,249.235474006116
752.10244648318,249.235474006116
754.01376146789,251.146788990826
757.836391437309,251.146788990826
759.747706422018,251.146788990826
759.747706422018,253.058103975535
761.659021406728,253.058103975535
763.570336391437,253.058103975535
765.481651376147,253.058103975535
767.392966360856,253.058103975535
769.304281345566,253.058103975535
771.215596330275,254.969418960245
773.126911314985,254.969418960245
775.038226299694,254.969418960245
776.949541284403,254.969418960245
778.860856269113,254.969418960245
782.683486238532,256.880733944954
784.594801223242,256.880733944954
786.506116207951,256.880733944954
788.41743119266,258.792048929663
790.32874617737,258.792048929663
792.240061162079,260.703363914373
794.151376146789,260.703363914373
796.062691131498,260.703363914373
797.974006116208,260.703363914373
799.885321100917,262.614678899082
803.707951070336,264.525993883792
805.619266055046,266.437308868501
807.530581039755,266.437308868501
809.441896024465,266.437308868501
811.353211009174,268.348623853211
813.264525993883,268.348623853211
815.175840978593,270.25993883792
817.087155963303,270.25993883792
818.998470948012,270.25993883792
820.909785932722,272.17125382263
822.821100917431,272.17125382263
824.73241590214,274.082568807339
826.64373088685,274.082568807339
826.64373088685,275.993883792049
828.555045871559,275.993883792049
830.466360856269,277.905198776758
832.377675840979,277.905198776758
834.288990825688,279.816513761468
836.200305810397,279.816513761468
836.200305810397,281.727828746177
838.111620795107,281.727828746177
840.022935779816,283.639143730887
841.934250764526,285.550458715596
843.845565749235,285.550458715596
845.756880733945,287.461773700306
847.668195718654,289.373088685015
849.579510703364,289.373088685015
851.490825688073,291.284403669725
853.402140672783,293.195718654434
855.313455657492,295.107033639144
855.313455657492,297.018348623853
857.224770642202,297.018348623853
859.136085626911,298.929663608563
861.047400611621,300.840978593272
862.95871559633,302.752293577982
862.95871559633,304.663608562691
864.87003058104,304.663608562691
866.781345565749,306.5749235474
868.692660550459,308.48623853211
870.603975535168,308.48623853211
872.515290519877,310.397553516819
874.426605504587,312.308868501529
874.426605504587,314.220183486239
874.426605504587,316.131498470948
876.337920489296,316.131498470948
876.337920489296,318.042813455657
878.249235474006,319.954128440367
878.249235474006,321.865443425076
880.160550458716,323.776758409786
880.160550458716,325.688073394495
880.160550458716,327.599388379205
882.071865443425,329.510703363914
882.071865443425,331.422018348624
882.071865443425,333.333333333333
882.071865443425,335.244648318043
883.983180428134,337.155963302752
883.983180428134,339.067278287462
883.983180428134,340.978593272171
885.894495412844,342.889908256881
885.894495412844,344.80122324159
885.894495412844,346.7125382263
885.894495412844,348.623853211009
887.805810397553,350.535168195719
887.805810397553,352.446483180428
889.717125382263,354.357798165137
889.717125382263,356.269113149847
891.628440366972,358.180428134556
891.628440366972,360.091743119266
893.539755351682,362.003058103975
893.539755351682,363.914373088685
895.451070336391,367.737003058104
895.451070336391,369.648318042813
897.362385321101,371.559633027523
897.362385321101,373.470948012232
899.27370030581,375.382262996942
899.27370030581,377.293577981651
901.18501529052,379.204892966361
901.18501529052,381.11620795107
903.096330275229,383.02752293578
903.096330275229,384.938837920489
903.096330275229,386.850152905199
905.007645259939,388.761467889908
905.007645259939,392.584097859327
905.007645259939,394.495412844037
905.007645259939,396.406727828746
905.007645259939,398.318042813456
906.918960244648,400.229357798165
906.918960244648,404.051987767584
906.918960244648,405.963302752293
906.918960244648,407.874617737003
908.830275229358,411.697247706422
908.830275229358,413.608562691131
908.830275229358,415.519877675841
910.741590214067,417.43119266055
910.741590214067,419.34250764526
910.741590214067,423.165137614679
912.652905198777,425.076452599388
912.652905198777,426.987767584098
914.564220183486,428.899082568807
914.564220183486,430.810397553517
914.564220183486,432.721712538226
916.475535168196,434.633027522936
916.475535168196,436.544342507645
918.386850152905,438.455657492355
918.386850152905,440.366972477064
920.298165137615,442.278287461774
920.298165137615,444.189602446483
920.298165137615,446.100917431193
920.298165137615,448.012232415902
920.298165137615,449.923547400611
922.209480122324,451.834862385321
922.209480122324,453.74617737003
922.209480122324,455.65749235474
922.209480122324,457.568807339449
922.209480122324,459.480122324159
922.209480122324,461.391437308868
922.209480122324,463.302752293578
922.209480122324,465.214067278287
922.209480122324,467.125382262997
922.209480122324,469.036697247706
922.209480122324,470.948012232416
924.120795107033,472.859327217125
924.120795107033,474.770642201835
924.120795107033,476.681957186544
924.120795107033,478.593272171254
924.120795107033,480.504587155963
924.120795107033,482.415902140673
924.120795107033,484.327217125382
924.120795107033,486.238532110092
924.120795107033,488.149847094801
926.032110091743,490.06116207951
926.032110091743,491.97247706422
926.032110091743,493.88379204893
926.032110091743,495.795107033639
926.032110091743,497.706422018349
926.032110091743,499.617737003058
926.032110091743,503.440366972477
926.032110091743,505.351681957186
926.032110091743,507.262996941896
926.032110091743,509.174311926605
926.032110091743,511.085626911315
926.032110091743,512.996941896024
926.032110091743,514.908256880734
926.032110091743,516.819571865443
926.032110091743,518.730886850153
926.032110091743,524.464831804281
926.032110091743,530.19877675841
926.032110091743,535.932721712538
927.943425076453,539.755351681957
927.943425076453,541.666666666667
927.943425076453,543.577981651376
927.943425076453,545.489296636085
927.943425076453,547.400611620795
927.943425076453,549.311926605504
927.943425076453,551.223241590214
927.943425076453,553.134556574923
929.854740061162,555.045871559633
929.854740061162,556.957186544342
929.854740061162,560.779816513761
931.766055045871,562.691131498471
931.766055045871,564.60244648318
931.766055045871,566.51376146789
933.677370030581,566.51376146789
933.677370030581,568.425076452599
933.677370030581,570.336391437309
935.58868501529,572.247706422018
935.58868501529,574.159021406728
937.5,576.070336391437
937.5,577.981651376147
939.411314984709,579.892966360856
939.411314984709,581.804281345566
941.322629969419,583.715596330275
941.322629969419,585.626911314985
943.233944954128,587.538226299694
943.233944954128,589.449541284403
943.233944954128,591.360856269113
945.145259938838,593.272171253822
945.145259938838,595.183486238532
947.056574923547,595.183486238532
947.056574923547,597.094801223241
948.967889908257,599.006116207951
948.967889908257,600.91743119266
950.879204892966,600.91743119266
952.790519877676,604.740061162079
954.701834862385,604.740061162079
956.613149847095,606.651376146789
956.613149847095,608.562691131498
958.524464831804,610.474006116208
960.435779816514,612.385321100917
962.347094801223,612.385321100917
962.347094801223,614.296636085627
964.258409785933,614.296636085627
966.169724770642,616.207951070336
966.169724770642,618.119266055046
968.081039755352,618.119266055046
969.992354740061,618.119266055046
971.90366972477,620.030581039755
973.81498470948,621.941896024465
975.72629969419,621.941896024465
977.637614678899,623.853211009174
979.548929663609,625.764525993884
981.460244648318,625.764525993884
983.371559633027,627.675840978593
985.282874617737,627.675840978593
987.194189602446,627.675840978593
991.016819571866,629.587155963303
992.928134556575,631.498470948012
994.839449541284,631.498470948012
996.750764525994,631.498470948012
998.662079510703,631.498470948012
1000.57339449541,631.498470948012
1002.48470948012,633.409785932722
1004.39602446483,633.409785932722
1006.30733944954,633.409785932722
1006.30733944954,635.321100917431
1008.21865443425,635.321100917431
1010.12996941896,637.23241590214
1012.04128440367,637.23241590214
1013.95259938838,637.23241590214
1015.86391437309,637.23241590214
1017.7752293578,637.23241590214
1019.68654434251,637.23241590214
1021.59785932722,637.23241590214
1021.59785932722,635.321100917431
1021.59785932722,635.321100917431
1033.06574923547,224.388379204893
1032.3531787111,222.646821288897
1033.05448868455,221.94551131545
1033.94551131545,221
1034.70130997345,220
1035.18971265745,219
1035.45710863144,218
1035.59738005311,217
1036,216
1036.40261994689,215
1036.48840268401,214
1036.40261994689,213
1036,212
1035.59738005311,211
1035.45710863144,210
1035.29869002655,209
1035.29869002655,208
1035.34813126234,207
1034.8910226309,206
1034,205
1033,204.05448868455
1032.05448868455,203.353178711102
1031.3531787111,203.05448868455
