5223.21428571429,4489.79591836735
5202.72314920866,5021.65438879633
5197.24040764265,5021.65438879633
5191.75766607663,5021.65438879633
5191.75766607663,5027.13713036235
5186.27492451062,5027.13713036235
5180.79218294461,5027.13713036235
5175.30944137859,5027.13713036235
5169.82669981258,5027.13713036235
5147.89573354852,5038.10261349438
5109.51654258642,5049.0680966264
5082.10283475635,5060.03357975843
5071.13735162432,5060.03357975843
5065.65461005831,5065.51632132445
5060.17186849229,5065.51632132445
5054.68912692628,5065.51632132445
5049.20638536027,5065.51632132445
5032.75816066222,5070.99906289046
5016.30993596418,5070.99906289046
4983.4134865681,5081.96454602249
4950.51703717201,5087.4472875885
4934.06881247397,5098.41277072053
4917.62058777593,5109.37825385256
4906.6551046439,5114.86099541857
4901.17236307788,5120.34373698459
4895.68962151187,5120.34373698459
4895.68962151187,5125.8264785506
4890.20687994586,5125.8264785506
4884.72413837984,5131.30922011662
4873.75865524781,5136.79196168263
4868.2759136818,5142.27470324865
4862.79317211578,5147.75744481466
4857.31043054977,5147.75744481466
4851.82768898376,5153.24018638067
4846.34494741774,5158.72292794669
4840.86220585173,5164.2056695127
4840.86220585173,5169.68841107872
4835.37946428571,5175.17115264473
4829.8967227197,5175.17115264473
4824.41398115369,5186.13663577676
4818.93123958767,5191.61937734277
4807.96575645564,5197.10211890879
4802.48301488963,5202.5848604748
4797.00027332361,5208.06760204082
4791.5175317576,5213.55034360683
4786.03479019159,5224.51582673886
4786.03479019159,5229.99856830487
4780.55204862557,5229.99856830487
4775.06930705956,5235.48130987089
4775.06930705956,5240.9640514369
4747.65559922949,5273.86050083299
4714.7591498334,5306.75695022907
4709.27640826739,5317.7224333611
4703.79366670137,5323.20517492711
4698.31092513536,5328.68791649313
4698.31092513536,5334.17065805914
4692.82818356935,5334.17065805914
4692.82818356935,5339.65339962516
4687.34544200333,5345.13614119117
4687.34544200333,5350.61888275718
4681.86270043732,5356.1016243232
4676.3799588713,5356.1016243232
4676.3799588713,5361.58436588921
4670.89721730529,5367.06710745523
4670.89721730529,5372.54984902124
4670.89721730529,5378.03259058725
4665.41447573928,5383.51533215327
4659.93173417326,5394.4808152853
4659.93173417326,5399.96355685131
4654.44899260725,5405.44629841733
4654.44899260725,5410.92903998334
4648.96625104123,5416.41178154935
4648.96625104123,5421.89452311537
4643.48350947522,5421.89452311537
4643.48350947522,5427.37726468138
4638.0007679092,5432.8600062474
4638.0007679092,5438.34274781341
4632.51802634319,5443.82548937942
4632.51802634319,5449.30823094544
4632.51802634319,5454.79097251145
4627.03528477718,5454.79097251145
4627.03528477718,5460.27371407747
4627.03528477718,5465.75645564348
4621.55254321116,5471.2391972095
4621.55254321116,5476.72193877551
4616.06980164515,5482.20468034152
4616.06980164515,5487.68742190754
4610.58706007913,5493.17016347355
4610.58706007913,5498.65290503957
4605.10431851312,5504.13564660558
4605.10431851312,5509.61838817159
4599.6215769471,5515.10112973761
4599.6215769471,5520.58387130362
4599.6215769471,5526.06661286964
4594.13883538109,5531.54935443565
4594.13883538109,5537.03209600167
4588.65609381508,5537.03209600167
4588.65609381508,5542.51483756768
4583.17335224906,5547.99757913369
4583.17335224906,5553.48032069971
4577.69061068305,5558.96306226572
4577.69061068305,5564.44580383174
4572.20786911703,5575.41128696376
4566.72512755102,5580.89402852978
4561.24238598501,5586.37677009579
4561.24238598501,5591.85951166181
4555.75964441899,5597.34225322782
4555.75964441899,5602.82499479383
4550.27690285298,5608.30773635985
4544.79416128696,5613.79047792586
4539.31141972095,5619.27321949188
4533.82867815494,5624.75596105789
4533.82867815494,5630.23870262391
4528.34593658892,5635.72144418992
4522.86319502291,5641.20418575593
4522.86319502291,5646.68692732195
4517.38045345689,5652.16966888796
4511.89771189088,5657.65241045398
4506.41497032486,5663.13515201999
4500.93222875885,5668.617893586
4495.44948719284,5679.58337671803
4489.96674562682,5685.06611828405
4479.00126249479,5696.03160141608
4473.51852092878,5701.51434298209
4457.07029623074,5717.96256768013
4446.10481309871,5728.92805081216
4435.13932996668,5734.41079237817
4429.65658840067,5745.3762755102
4424.17384683465,5745.3762755102
4418.69110526864,5750.85901707622
4413.20836370262,5756.34175864223
4407.72562213661,5767.30724177426
4396.76013900458,5772.78998334027
4391.27739743857,5778.27272490629
4391.27739743857,5783.7554664723
4385.79465587255,5789.23820803832
4380.31191430654,5794.72094960433
4374.82917274052,5800.20369117035
4369.34643117451,5805.68643273636
4363.8636896085,5811.16917430237
4358.38094804248,5816.65191586839
4352.89820647647,5827.61739900042
4347.41546491045,5833.10014056643
4341.93272334444,5838.58288213244
4330.96724021241,5844.06562369846
4325.4844986464,5849.54836526447
4320.00175708038,5855.03110683049
4314.51901551437,5860.5138483965
4314.51901551437,5865.99658996251
4309.03627394835,5871.47933152853
4303.55353238234,5876.96207309454
4298.07079081633,5882.44481466056
4292.58804925031,5887.92755622657
4281.62256611828,5893.41029779258
4276.13982455227,5898.8930393586
4270.65708298625,5904.37578092461
4265.17434142024,5909.85852249063
4259.69159985423,5915.34126405664
4248.7261167222,5926.30674718867
4243.24337515618,5931.78948875468
4237.76063359017,5937.2722303207
4232.27789202416,5942.75497188671
4226.79515045814,5948.23771345273
4221.31240889213,5953.72045501874
4221.31240889213,5959.20319658476
4215.82966732611,5964.68593815077
4210.3469257601,5975.6514212828
4199.38144262807,5986.61690441483
4188.41595949604,5997.58238754685
4182.93321793003,6003.06512911287
4177.45047636401,6019.51335381091
4166.48499323199,6030.47883694294
4161.00225166597,6041.44432007497
4155.51951009996,6052.409803207
4150.03676853394,6057.89254477301
4144.55402696793,6063.37528633902
4144.55402696793,6068.85802790504
4139.07128540192,6074.34076947105
4139.07128540192,6079.82351103707
4133.5885438359,6085.30625260308
4128.10580226989,6090.7889941691
4122.62306070387,6101.75447730112
4117.14031913786,6107.23721886714
4111.65757757184,6112.71996043315
4106.17483600583,6118.20270199917
4095.2093528738,6134.65092669721
4084.24386974177,6151.09915139525
4073.27838660975,6156.58189296127
4067.79564504373,6162.06463452728
4062.31290347772,6167.54737609329
4034.89919564765,6194.96108392336
3996.52000468555,6227.85753331945
3985.55452155352,6238.82301645148
3974.58903842149,6249.78849958351
3969.10629685548,6255.27124114952
3958.14081372345,6266.23672428155
3952.65807215743,6271.71946584756
3947.17533059142,6277.20220741358
3941.69258902541,6282.68494897959
3936.20984745939,6288.16769054561
3930.72710589338,6293.65043211162
3925.24436432736,6299.13317367763
3919.76162276135,6304.61591524365
3908.79613962932,6310.09865680966
3903.31339806331,6315.58139837568
3897.83065649729,6321.06413994169
3892.34791493128,6326.5468815077
3886.86517336526,6332.02962307372
3881.38243179925,6337.51236463973
3870.41694866722,6342.99510620575
3864.93420710121,6348.47784777176
3848.48598240316,6364.9260724698
3832.03775770512,6375.89155560183
3821.07227457309,6386.85703873386
3810.10679144107,6392.33978029987
3799.14130830904,6403.3052634319
3793.65856674302,6408.78800499792
3782.693083611,6414.27074656393
3777.21034204498,6419.75348812995
3771.72760047897,6425.23622969596
3766.24485891295,6430.71897126197
3760.76211734694,6436.20171282799
3749.79663421491,6441.684454394
3744.3138926489,6452.64993752603
3738.83115108288,6458.13267909204
3733.34840951687,6463.61542065806
3727.86566795085,6474.58090379009
3722.38292638484,6480.0636453561
3722.38292638484,6485.54638692211
3716.90018481882,6501.99461162016
3705.9347016868,6518.4428363182
3700.45196012078,6529.40831945023
3700.45196012078,6540.37380258226
3694.96921855477,6545.85654414827
3689.48647698875,6556.8220272803
3684.00373542274,6562.30476884631
3684.00373542274,6567.78751041233
3678.52099385673,6573.27025197834
3673.03825229071,6578.75299354436
3673.03825229071,6589.71847667638
3667.5555107247,6595.2012182424
3662.07276915868,6600.68395980841
3656.59002759267,6606.16670137443
3651.10728602665,6611.64944294044
3618.21083663057,6639.06315077051
3585.31438723449,6671.9596001666
3574.34890410246,6677.44234173261
3568.86616253644,6677.44234173261
3563.38342097043,6682.92508329862
3557.90067940441,6688.40782486464
3552.4179378384,6693.89056643065
3541.45245470637,6699.37330799667
3535.96971314036,6704.85604956268
3525.00423000833,6710.3387911287
3519.52148844231,6715.82153269471
3514.0387468763,6721.30427426072
3503.07326374427,6726.78701582674
3497.59052217826,6732.26975739275
3492.10778061224,6737.75249895877
3481.14229748022,6737.75249895877
3475.6595559142,6743.23524052478
3470.17681434819,6748.71798209079
3453.72858965015,6765.16620678884
3426.31488182007,6781.61443148688
3404.38391555602,6792.57991461891
3393.41843242399,6798.06265618492
3382.45294929196,6809.02813931695
3366.00472459392,6814.51088088296
3355.03924146189,6825.47636401499
3338.59101676385,6830.95910558101
3322.14279206581,6841.92458871303
3316.66005049979,6847.40733027905
3311.17730893378,6852.89007184506
3305.69456736776,6852.89007184506
3300.21182580175,6858.37281341108
3294.72908423573,6863.85555497709
3289.24634266972,6869.33829654311
3278.28085953769,6874.82103810912
3272.79811797168,6874.82103810912
3261.83263483965,6880.30377967513
3256.34989327364,6885.78652124115
3250.86715170762,6885.78652124115
3245.38441014161,6891.26926280716
3239.90166857559,6891.26926280716
3234.41892700958,6896.75200437318
3223.45344387755,6896.75200437318
3212.48796074552,6902.23474593919
3190.55699448147,6907.71748750521
3179.59151134944,6913.20022907122
3168.62602821741,6918.68297063723
3163.14328665139,6918.68297063723
3157.66054508538,6924.16571220325
3146.69506195335,6924.16571220325
3135.72957882132,6924.16571220325
3119.28135412328,6929.64845376926
3097.35038785922,6935.13119533528
3080.90216316118,6940.61393690129
3064.45393846314,6946.0966784673
3053.48845533111,6946.0966784673
3042.52297219908,6951.57942003332
3037.04023063307,6951.57942003332
3031.55748906706,6951.57942003332
3020.59200593503,6951.57942003332
3015.10926436901,6951.57942003332
3009.626522803,6951.57942003332
3004.14378123698,6957.06216159933
2993.17829810496,6957.06216159933
2987.69555653894,6957.06216159933
2982.21281497293,6957.06216159933
2976.73007340691,6957.06216159933
2971.2473318409,6957.06216159933
2965.76459027488,6957.06216159933
2960.28184870887,6957.06216159933
2949.31636557684,6957.06216159933
2932.8681408788,6957.06216159933
2916.41991618076,6957.06216159933
2899.97169148271,6957.06216159933
2883.52346678467,6957.06216159933
2867.07524208663,6957.06216159933
2856.1097589546,6957.06216159933
2850.62701738859,6957.06216159933
2839.66153425656,6957.06216159933
2834.17879269054,6951.57942003332
2823.21330955852,6951.57942003332
2812.24782642649,6951.57942003332
2795.79960172845,6951.57942003332
2784.83411859642,6951.57942003332
2779.3513770304,6946.0966784673
2768.38589389838,6946.0966784673
2757.42041076635,6940.61393690129
2740.9721860683,6940.61393690129
2730.00670293628,6940.61393690129
2713.55847823823,6935.13119533528
2691.62751197418,6929.64845376926
2675.17928727613,6924.16571220325
2658.73106257809,6924.16571220325
2653.24832101208,6918.68297063723
2647.76557944606,6918.68297063723
2642.28283788005,6918.68297063723
2642.28283788005,6918.68297063723
2640.6468212889,6917.6468212889
2639.94551131545,6916.94551131545
2639,6916
2638,6915
2637,6914.1089773691
2636,6913.65186873765
2635,6913.70130997345
2634,6913.59233260435
2633,6913.05448868455
2632,6912.65186873765
2631,6912.70130997345
2630,6912.59233260435
2629,6912.05448868455
2628,6911.5973800531
2627,6911.40261994689
2626,6910.8910226309
2625,6910.1089773691
2624,6909.65186873765
2623,6909.70130997345
2622,6909.6468212889
2621,6909.244201342
2620,6908.70130997345
2619,6907.94551131545
2618,6907.05448868455
2617,6906.3531787111
2616,6906.05448868455
2615,6905.94551131545
2614,6905.70130997345
2613,6905.244201342
2612,6904.755798658
2611,6904.244201342
2610,6903.755798658
2609,6903.244201342
2608,6902.70130997345
2607,6901.94551131545
2606,6901.05448868455
2605,6900.29869002655
2604,6899.70130997345
2603,6898.94551131545
2602,6898.1089773691
2601,6897.59738005311
2600,6897.40261994689
2599,6897
2598,6896.5973800531
2597,6896.51159731599
2596,6896.48840268401
2595,6896.45710863144
2594,6896.18971265745
2593,6895.81028734255
2592,6895.54289136856
2591,6895.45710863144
2590,6895.18971265745
2589,6894.70130997345
2588,6893.94551131545
2587,6893.1089773691
2586,6892.65186873765
2585,6892.755798658
2584,6892.8910226309
2583,6892.6468212889
2582,6892.05448868455
2581,6891.5973800531
2580,6891.51159731599
2579,6891.48840268401
2578,6891.51159731599
2577,6891.54289136856
2576,6891.70130997345
2575,6891.59233260435
2574,6890.94551131545
2573,6890
2572,6889.05448868455
2571,6888.29869002655
2570,6887.755798658
2569,6887.29869002655
2568,6887
2567,6886.70130997345
2566,6886.3531787111
2565,6886.3531787111
2564,6886.755798658
2563,6887.18971265745
2562,6887.45710863144
2561,6887.48840268401
2560,6887.40261994689
2559,6886.8910226309
2558,6886
2557,6885.1089773691
2556,6884.5973800531
2555,6884.40261994689
2554,6883.8910226309
2553,6883
2552,6882
2551,6881
2550,6880
2549,6879.1089773691
2548,6878.7063574222
2547,6879
2546,6879.29364257779
2545,6878.8910226309
2544,6878.05448868455
2543,6877.29869002655
2542,6876.70130997345
2541,6875.94551131545
2540,6875
2539,6874.05448868455
2538,6873.40766739565
2537,6873.40766739565
2536,6873.94551131545
2535,6874.29364257779
2534,6873.8910226309
2533,6873
2532,6872
2531,6871
2530,6870.05448868455
2529,6869.29869002655
2528,6868.70130997345
2527,6868.05448868455
2526,6867.65186873765
2525,6867.70130997345
2524,6867.6468212889
2523,6867.3531787111
2522,6867.29869002655
2521,6867.34813126234
2520,6866.8910226309
2519,6866
2518,6865.1089773691
2517,6864.7063574222
2516,6865.1089773691
2515,6865.94551131545
2514,6866.59233260435
2513,6866.6468212889
2512,6866.244201342
2511,6865.755798658
2510,6865.244201342
2509,6864.755798658
2508,6864.244201342
2507,6863.755798658
2506,6863.244201342
2505,6862.81028734255
2504,6862.54289136856
2503,6862.40261994689
2502,6861.8910226309
2501,6861
2500,6860
2499,6859.05448868455
2498,6858.40766739565
2497,6858.29869002655
2496,6858.34813126234
2495,6857.8910226309
2494,6857
2493,6856.05448868455
2492,6855.29869002655
2491,6854.755798658
2490,6854.244201342
2489,6853.70130997345
2488,6852.94551131545
2487,6852
2486,6851.05448868455
2485,6850.29869002655
2484,6849.70130997345
2483,6848.94551131545
2482,6848.05448868455
2481,6847.29869002655
2480,6846.755798658
2479,6846.3531787111
2478,6846.3531787111
2477,6846.6468212889
2476,6846.59233260435
2475,6845.94551131545
2474,6845
2473,6844
2472,6843
2471,6842
2470,6841
2469,6840.1089773691
2468,6839.59738005311
2467,6839.40261994689
2466,6839
2465,6838.59738005311
2464,6838.51159731599
2463,6838.59738005311
2462,6839
2461,6839.29364257779
2460,6839
2459,6838.65186873765
2458,6838.70130997345
2457,6838.59233260435
2456,6837.94551131545
2455,6837
2454,6836
2453,6835
2452,6834
2451,6833
2450,6832.05448868455
2449,6831.29869002655
2448,6830.755798658
2447,6830.244201342
2446,6829.70130997345
2445,6829.05448868455
2444,6828.7063574222
2443,6829
2442,6829.34813126234
2441,6829.29869002655
2440,6829.3531787111
2439,6829.6468212889
2438,6829.6468212889
2437,6829.244201342
2436,6828.81028734255
2435,6828.65186873765
2434,6829
2433,6829.29364257779
2432,6828.8910226309
2431,6828
2430,6827
2429,6826
2428,6825.05448868455
2427,6824.29869002655
2426,6823.81028734255
2425,6823.54289136856
2424,6823.51159731599
2423,6823.48840268401
2422,6823.51159731599
2421,6823.48840268401
2420,6823.40261994689
2419,6823
2418,6822.59738005311
2417,6822.40261994689
2416,6821.8910226309
2415,6821
2414,6820
2413,6819.05448868455
2412,6818.29869002655
2411,6817.70130997345
2410,6816.94551131545
2409,6816
2408,6815
2407,6814
2406,6813
2405,6812
2404,6811.05448868455
2403,6810.40766739565
2402,6810.29869002655
2401,6810.40261994689
2400,6810.18971265745
2399,6809.70130997345
2398,6809
2397,6808.40766739565
2396,6808.40766739565
2395,6808.94551131545
2394,6809.34813126234
2393,6809.29869002655
2392,6809.29869002655
2391,6809.40261994689
2390,6809.18971265745
2389,6808.70130997345
2388,6808
2387,6807.3531787111
2386,6807
2385,6806.6468212889
2384,6806
2383,6805.29869002655
2382,6804.70130997345
2381,6803.94551131545
2380,6803
2379,6802.1089773691
2378,6801.65186873766
2377,6801.70130997345
2376,6801.59233260435
2375,6800.94551131545
2374,6800
2373,6799.1089773691
2372,6798.5973800531
2371,6798.45710863144
2370,6798.29869002655
2369,6798.40766739565
2368,6799.05448868455
2367,6799.94551131545
2366,6800.6468212889
2365,6801
2364,6801.3531787111
2363,6801.94551131545
2362,6802.2936425778
2361,6801.8910226309
2360,6801.1089773691
2359.05448868455,6800.65186873765
2358.3531787111,6800.755798658
2356.6468212889,6801.94551131545
2355.94551131545,6801.70130997345
2355,6801.244201342
2354,6800.81028734255
2353,6800.54289136856
2352,6800.51159731599
2351,6800.54289136856
2350,6800.81028734255
2349,6801.18971265745
2348,6801.34813126234
2347,6800.8910226309
2346,6800.1089773691
2345,6799.7063574222
2344,6800.1089773691
2343,6801
2342,6801.94551131545
2341,6802.59233260435
2340,6802.59233260435
2339,6802
2338,6801.40766739565
2337,6801.40766739565
2336,6802.05448868455
2335,6802.8910226309
2334,6803.29364257779
2333,6802.8910226309
2332,6802.1089773691
2331,6801.59738005311
2330,6801.40261994689
2329,6800.8910226309
2328,6800
2327,6799.05448868455
2326,6798.29869002655
2325,6797.81028734255
2324,6797.65186873765
2323,6798.05448868455
2322,6798.59233260435
2321,6798.59233260435
2320,6797.94551131545
2319,6797.05448868455
2318,6796.40766739565
2317,6796.40766739565
2316,6797.05448868455
2315,6798
2314,6798.94551131545
2313,6799.70130997345
2312,6800.29869002655
2311,6801.05448868455
2310,6801.94551131545
2309,6802.59233260435
2308,6802.6468212889
2307,6802.244201342
2306,6801.81028734255
2305,6801.59738005311
2304,6801.70130997345
2303,6801.70130997345
2302,6801.59738005311
2301,6801.81028734255
2300,6802.18971265745
2299,6802.40261994689
2298,6802.244201342
2297,6802
2296,6801.70130997345
2295,6801.244201342
2294,6800.755798658
2293,6800.29869002655
2292,6800
2291,6799.755798658
2290,6799.54289136856
2289,6799.40261994689
2288,6798.8910226309
2287,6798
2286,6797
2285,6796
2284,6795.1089773691
2283,6794.59738005311
2282,6794.40261994689
2281,6794
2280,6793.65186873765
2279,6793.70130997345
2278,6793.70130997345
2277,6793.54289136856
2276,6793.45710863144
2275,6793.244201342
2274,6793.05448868455
2273,6793
2272,6792.94551131545
2271,6792.6468212889
2270,6791.94551131545
2269,6791
2268,6790
2267,6789
2266,6788.05448868455
2265,6787.29869002655
2264,6786.81028734255
2263,6786.59738005311
2262,6786.70130997345
2261,6786.70130997345
2260,6786.54289136856
2259,6786.45710863144
2258,6786.18971265745
2257,6785.755798658
2256,6785.244201342
2255,6784.755798658
2254,6784.244201342
2253,6783.755798658
2252,6783.244201342
2251,6782.755798658
2250,6782.244201342
2249,6781.755798658
2248,6781.29869002655
2247,6781
2246,6780.70130997345
2245,6780.3531787111
2244,6780.3531787111
2243,6780.6468212889
2242,6780.59233260435
2241,6780.05448868455
2240,6779.65186873765
2239,6779.70130997345
2238,6779.59233260435
2237,6778.94551131545
2236,6778.1089773691
2235,6777.7063574222
2234,6778
2233,6778.34813126234
2232,6778.18971265745
2231,6777.70130997345
2230,6777.05448868455
2229,6776.59738005311
2228,6776.40261994689
2227,6776
2226,6775.5973800531
2225,6775.45710863144
2224,6775.18971265745
2223,6774.70130997345
2222,6773.94551131545
2221,6773.1089773691
2220,6772.59738005311
2219,6772.40261994689
2218,6771.8910226309
2217,6771
2216,6770
2215,6769.05448868455
2214,6768.40766739565
2213,6768.3531787111
2212,6768.70130997345
2211,6768.94551131545
2210,6768.94551131545
2209,6768.6468212889
2208,6767.94551131545
2207,6767.1089773691
2206,6766.7063574222
2205,6767
2204,6767.40261994689
2203,6767.48840268401
2202,6767.51159731599
2201,6767.48840268401
2200,6767.40261994689
2199,6766.94551131545
2198,6766.29869002655
2197,6765.755798658
2196,6765.244201342
2195,6764.755798658
2194,6764.244201342
2193,6763.70130997345
2192,6762.94551131545
2191,6762
2190,6761
2189,6760
2188,6759
2187,6758
2186,6757
2185,6756.05448868455
2184,6755.29869002655
2183,6754.70130997345
2182,6753.94551131545
2181,6753.05448868455
2180,6752.29869002655
2179,6751.70130997345
2178,6750.94551131545
2177,6750
2176,6749
2175,6748
2174,6747.05448868455
2173,6746.29869002655
2172.05448868455,6745.70130997345
2171.29869002655,6744.94551131545
2170.755798658,6744
2170.244201342,6743
2169.70130997345,6742
2168.94551131545,6741
2168,6740.1089773691
2167,6739.59738005311
2166.05448868455,6739.45710863144
2165.3531787111,6739.244201342
2159.15080955852,6738.76119325281
2152.95222042899,6732.56260412328
2146.75363129946,6726.36401499375
2140.55504216993,6720.16542586422
2134.3564530404,6713.96683673469
2128.15786391087,6707.76824760517
2121.95927478134,6701.56965847564
2115.76068565181,6695.37106934611
2115.76068565181,6689.17248021658
2109.56209652228,6689.17248021658
2103.36350739275,6682.97389108705
2097.16491826322,6676.77530195752
2090.96632913369,6670.57671282799
2090.96632913369,6664.37812369846
2084.76774000416,6658.17953456893
2078.56915087464,6651.9809454394
2072.37056174511,6645.78235630987
2066.17197261558,6639.58376718034
2059.97338348605,6633.38517805081
2059.97338348605,6627.18658892128
2053.77479435652,6620.98799979175
2047.57620522699,6608.5908215327
2041.37761609746,6608.5908215327
2041.37761609746,6602.39223240317
2035.17902696793,6596.19364327364
2028.9804378384,6589.99505414411
2022.78184870887,6583.79646501458
2022.78184870887,6577.59787588505
2016.58325957934,6571.39928675552
2016.58325957934,6565.20069762599
2010.38467044981,6559.00210849646
2004.18608132028,6552.80351936693
2004.18608132028,6546.6049302374
1997.98749219075,6540.40634110787
1991.78890306122,6534.20775197834
1991.78890306122,6528.00916284881
1985.5903139317,6521.81057371928
1985.5903139317,6509.41339546023
1979.39172480217,6503.2148063307
1979.39172480217,6490.81762807164
1973.19313567264,6484.61903894211
1966.99454654311,6478.42044981258
1966.99454654311,6466.02327155352
1960.79595741358,6459.82468242399
1960.79595741358,6453.62609329446
1954.59736828405,6447.42750416493
1954.59736828405,6441.2289150354
1948.39877915452,6435.03032590587
1942.20019002499,6428.83173677634
1942.20019002499,6422.63314764681
1936.00160089546,6410.23596938776
1929.80301176593,6404.03738025823
1923.6044226364,6397.8387911287
1923.6044226364,6391.64020199917
1917.40583350687,6385.44161286964
1911.20724437734,6379.24302374011
1911.20724437734,6373.04443461058
1905.00865524781,6366.84584548105
1898.81006611828,6354.44866722199
1898.81006611828,6348.25007809246
1892.61147698875,6348.25007809246
1892.61147698875,6342.05148896293
1886.41288785923,6335.8528998334
1886.41288785923,6329.65431070387
1880.2142987297,6323.45572157434
1880.2142987297,6317.25713244482
1874.01570960017,6311.05854331529
1874.01570960017,6304.85995418576
1867.81712047064,6298.66136505623
1867.81712047064,6286.26418679717
1861.61853134111,6280.06559766764
1861.61853134111,6273.86700853811
1855.41994221158,6267.66841940858
1855.41994221158,6261.46983027905
1849.22135308205,6255.27124114952
1843.02276395252,6242.87406289046
1843.02276395252,6230.4768846314
1836.82417482299,6218.07970637235
1836.82417482299,6211.88111724282
1830.62558569346,6199.48393898376
1830.62558569346,6193.28534985423
1824.42699656393,6180.88817159517
1824.42699656393,6174.68958246564
1818.2284074344,6168.49099333611
1818.2284074344,6162.29240420658
1818.2284074344,6149.89522594752
1812.02981830487,6137.49804768846
1805.83122917534,6118.90228029988
1805.83122917534,6100.30651291129
1805.83122917534,6087.90933465223
1799.63264004581,6081.7107455227
1799.63264004581,6075.51215639317
1799.63264004581,6069.31356726364
1799.63264004581,6056.91638900458
1799.63264004581,6050.71779987505
1793.43405091628,6032.12203248646
1793.43405091628,6013.52626509788
1793.43405091628,6007.32767596835
1793.43405091628,5994.93049770929
1793.43405091628,5988.73190857976
1793.43405091628,5976.3347303207
1793.43405091628,5970.13614119117
1793.43405091628,5957.73896293211
1793.43405091628,5945.34178467305
1793.43405091628,5932.94460641399
1793.43405091628,5926.74601728446
1793.43405091628,5920.54742815494
1793.43405091628,5914.34883902541
1793.43405091628,5889.55448250729
1793.43405091628,5870.9587151187
1793.43405091628,5852.36294773011
1793.43405091628,5839.96576947105
1799.63264004581,5833.76718034152
1799.63264004581,5827.568591212
1799.63264004581,5815.17141295294
1799.63264004581,5796.57564556435
1799.63264004581,5771.78128904623
1805.83122917534,5759.38411078717
1805.83122917534,5734.58975426905
1812.02981830487,5722.19257601
1812.02981830487,5715.99398688047
1812.02981830487,5709.79539775094
1812.02981830487,5709.79539775094
1812.02981830487,5703.59680862141
1818.2284074344,5697.39821949188
1824.42699656393,5672.60386297376
1830.62558569346,5666.40527384423
1830.62558569346,5660.2066847147
1830.62558569346,5654.00809558517
1836.82417482299,5647.80950645564
1836.82417482299,5641.61091732611
1836.82417482299,5635.41232819659
1836.82417482299,5629.21373906706
1836.82417482299,5623.01514993753
1843.02276395252,5623.01514993753
1843.02276395252,5610.61797167847
1843.02276395252,5604.41938254894
1843.02276395252,5598.22079341941
1843.02276395252,5592.02220428988
1849.22135308205,5585.82361516035
1849.22135308205,5579.62502603082
1849.22135308205,5573.42643690129
1855.41994221158,5561.02925864223
1855.41994221158,5548.63208038317
1861.61853134111,5542.43349125364
1861.61853134111,5536.23490212412
1867.81712047064,5530.03631299459
1867.81712047064,5523.83772386506
1867.81712047064,5511.440545606
1874.01570960017,5505.24195647647
1880.2142987297,5492.84477821741
1880.2142987297,5486.64618908788
1886.41288785923,5480.44759995835
1886.41288785923,5468.05042169929
1892.61147698875,5461.85183256976
1898.81006611828,5449.4546543107
1898.81006611828,5430.85888692212
1905.00865524781,5412.26311953353
1911.20724437734,5393.66735214494
1917.40583350687,5375.07158475635
1923.6044226364,5356.47581736776
1923.6044226364,5337.88004997918
1929.80301176593,5325.48287172012
1929.80301176593,5313.08569346106
1929.80301176593,5300.688515202
1936.00160089546,5288.29133694294
1936.00160089546,5275.89415868388
1936.00160089546,5269.69556955435
1936.00160089546,5263.49698042482
1942.20019002499,5257.29839129529
1942.20019002499,5251.09980216576
1942.20019002499,5244.90121303624
1948.39877915452,5232.50403477718
1948.39877915452,5226.30544564765
1954.59736828405,5220.10685651812
1954.59736828405,5213.90826738859
1960.79595741358,5207.70967825906
1960.79595741358,5201.51108912953
1960.79595741358,5195.3125
1966.99454654311,5189.11391087047
1966.99454654311,5182.91532174094
1973.19313567264,5176.71673261141
1979.39172480217,5170.51814348188
1979.39172480217,5164.31955435235
1985.5903139317,5158.12096522282
1985.5903139317,5151.92237609329
1991.78890306122,5145.72378696376
1997.98749219075,5133.32660870471
2004.18608132028,5127.12801957518
2010.38467044981,5120.92943044565
2016.58325957934,5114.73084131612
2022.78184870887,5108.53225218659
2028.9804378384,5102.33366305706
2035.17902696793,5089.936484798
2041.37761609746,5083.73789566847
2047.57620522699,5077.53930653894
2053.77479435652,5071.34071740941
2059.97338348605,5065.14212827988
2066.17197261558,5058.94353915035
2078.56915087464,5052.74495002082
2084.76774000416,5040.34777176177
2090.96632913369,5034.14918263224
2103.36350739275,5027.95059350271
2109.56209652228,5021.75200437318
2121.95927478134,5015.55341524365
2128.15786391087,5009.35482611412
2134.3564530404,5003.15623698459
2146.75363129946,4996.95764785506
2152.95222042899,4990.75905872553
2159.15080955852,4984.560469596
2165.34939868805,4978.36188046647
2171.54798781758,4972.16329133694
2177.74657694711,4965.96470220741
2183.94516607663,4959.76611307788
2190.14375520616,4953.56752394835
2196.34234433569,4953.56752394835
2202.54093346522,4947.36893481883
2208.73952259475,4941.1703456893
2214.93811172428,4934.97175655977
2221.13670085381,4934.97175655977
2227.33528998334,4928.77316743024
2239.7324682424,4922.57457830071
2245.93105737193,4916.37598917118
2252.12964650146,4910.17740004165
2258.32823563099,4903.97881091212
2270.72541389005,4903.97881091212
2276.92400301958,4897.78022178259
2283.1225921491,4891.58163265306
2295.51977040816,4885.38304352353
2307.91694866722,4879.184454394
2320.31412692628,4872.98586526447
2332.71130518534,4860.58868700541
2345.1084834444,4854.39009787588
2357.50566170346,4848.19150874635
2369.90283996252,4841.99291961683
2388.4986073511,4829.59574135777
2407.09437473969,4817.19856309871
2419.49155299875,4817.19856309871
2425.69014212828,4810.99997396918
2431.88873125781,4810.99997396918
2438.08732038734,4804.80138483965
2444.28590951687,4804.80138483965
2444.28590951687,4798.60279571012
2456.68308777593,4798.60279571012
2462.88167690546,4792.40420658059
2462.88167690546,4786.20561745106
2469.08026603499,4786.20561745106
2481.47744429404,4780.00702832153
2487.67603342357,4773.808439192
2493.8746225531,4773.808439192
2500.07321168263,4773.808439192
2506.27180081216,4767.60985006247
2512.47038994169,4767.60985006247
2518.66897907122,4761.41126093294
2531.06615733028,4755.21267180341
2537.26474645981,4749.01408267389
2555.8605138484,4736.61690441483
2574.45628123698,4730.4183152853
2586.85345949604,4724.21972615577
2599.2506377551,4718.02113702624
2605.44922688463,4711.82254789671
2605.44922688463,4718.02113702624
2605.44922688463,4718.02113702624
2606.3531787111,4716.94551131545
2607.05448868455,4716.70130997345
2608,4716.244201342
2609,4715.81028734255
2610,4715.65186873765
2611,4716
2612,4716.34813126234
2613,4716.29869002655
2614,4716.29869002655
2615,4716.45710863144
2616,4716.48840268401
2617,4716.40261994689
2618,4716
2619,4715.59738005311
2620,4715.40261994689
2621,4714.94551131545
2622,4714.29869002655
2623,4713.70130997345
2624,4712.94551131545
2625,4712
2626,4711
2627,4710
2628,4709
2629,4708
2630,4707.1089773691
2630.94551131545,4706.59738005311
2631.70130997345,4706.45710863144
2632.29869002655,4706.18971265745
2633.05448868455,4705.755798658
2634,4705.3531787111
2635,4705.40766739565
2636,4705.94551131545
2637,4706.40261994689
2638,4706.5973800531
2639,4707.05448868455
2640,4707.70130997345
2641,4708.18971265745
2642,4708.34813126234
2643,4708
2644,4707.7063574222
2645,4708.05448868455
2646,4708.59233260435
2647,4708.70130997345
2648,4708.54289136856
2649,4708.40261994689
2650,4708
2651,4707.59738005311
2652,4707.40261994689
2653,4706.8910226309
2653.94551131545,4706.1089773691
2654.6468212889,4705.65186873765
2654.94551131545,4705.755798658
2661.2365290504,4699.42536963765
2698.42806382757,4662.23383486047
2704.6266529571,4656.03524573095
2710.82524208663,4649.83665660142
2717.02383121616,4637.43947834236
2723.22242034569,4631.24088921283
2729.42100947522,4625.0423000833
2735.61959860475,4625.0423000833
2741.81818773428,4618.84371095377
2748.01677686381,4612.64512182424
2754.21536599334,4600.24794356518
2766.6125442524,4594.04935443565
2772.81113338192,4587.85076530612
2779.00972251145,4575.45358704706
2791.40690077051,4569.25499791753
2797.60548990004,4556.85781965847
2810.0026681591,4538.26205226989
2828.59843554769,4525.86487401083
2834.79702467722,4513.46769575177
2840.99561380675,4507.26910662224
2853.39279206581,4494.87192836318
2859.59138119534,4482.47475010412
2865.78997032486,4470.07757184506
2865.78997032486,4463.87898271553
2871.98855945439,4457.68039358601
2878.18714858392,4451.48180445648
2884.38573771345,4439.08462619742
2890.58432684298,4432.88603706789
2896.78291597251,4426.68744793836
2896.78291597251,4420.48885880883
2902.98150510204,4408.09168054977
2909.18009423157,4401.89309142024
2915.3786833611,4395.69450229071
2921.57727249063,4383.29732403165
2927.77586162016,4377.09873490212
2940.17303987922,4358.50296751354
2952.57021813828,4339.90720012495
2958.76880726781,4333.70861099542
2958.76880726781,4321.31143273636
2964.96739639733,4315.11284360683
2971.16598552686,4302.71566534777
2977.36457465639,4296.51707621824
2983.56316378592,4284.11989795918
2989.76175291545,4277.92130882965
2995.96034204498,4271.72271970012
2995.96034204498,4265.52413057059
3002.15893117451,4265.52413057059
3002.15893117451,4259.32554144107
3008.35752030404,4246.92836318201
3014.55610943357,4240.72977405248
3014.55610943357,4234.53118492295
3020.7546985631,4222.13400666389
3026.95328769263,4215.93541753436
3033.15187682216,4209.73682840483
3033.15187682216,4197.33965014577
3039.35046595169,4191.14106101624
3051.74764421075,4172.54529362765
3057.94623334028,4153.94952623907
3064.1448224698,4141.55234798001
3070.34341159933,4129.15516972095
3082.74058985839,4116.75799146189
3088.93917898792,4098.1622240733
3095.13776811745,4085.76504581424
3101.33635724698,4079.56645668471
3107.53494637651,4067.16927842566
3107.53494637651,4060.97068929613
3113.73353550604,4054.7721001666
3113.73353550604,4048.57351103707
3119.93212463557,4042.37492190754
3119.93212463557,4029.97774364848
3126.1307137651,4029.97774364848
3126.1307137651,4023.77915451895
3132.32930289463,4017.58056538942
3132.32930289463,4005.18338713036
3138.52789202416,3992.7862088713
3144.72648115369,3974.19044148271
3150.92507028322,3955.59467409413
3150.92507028322,3943.19749583507
3157.12365941274,3930.80031757601
3163.32224854227,3912.20455018742
3163.32224854227,3893.60878279883
3163.32224854227,3887.4101936693
3163.32224854227,3881.21160453977
3169.5208376718,3875.01301541024
3169.5208376718,3862.61583715119
3169.5208376718,3856.41724802166
3169.5208376718,3850.21865889213
3169.5208376718,3844.0200697626
3169.5208376718,3825.42430237401
3169.5208376718,3813.02712411495
3169.5208376718,3806.82853498542
3169.5208376718,3794.43135672636
3169.5208376718,3788.23276759683
3169.5208376718,3782.0341784673
3169.5208376718,3769.63700020825
3169.5208376718,3763.43841107872
3175.71942680133,3751.04123281966
3175.71942680133,3744.84264369013
3175.71942680133,3732.44546543107
3175.71942680133,3726.24687630154
3175.71942680133,3713.84969804248
3181.91801593086,3701.45251978342
3181.91801593086,3689.05534152436
3181.91801593086,3682.85675239483
3181.91801593086,3676.65816326531
3181.91801593086,3670.45957413578
3181.91801593086,3664.26098500625
3181.91801593086,3664.26098500625
3181.05448868455,3662.6468212889
3181.29869002655,3661.94551131545
3181.755798658,3661
3182.18971265745,3660
3182.34813126234,3659
3181.8910226309,3658
3181,3657
3180,3656
3179,3655
3178.05448868455,3654
3177.29869002655,3653
3176.81028734255,3652
3176.54289136856,3651
3176.51159731599,3650
3176.59738005311,3649
3177,3648
3177.29364257779,3647
3176.8910226309,3646
3176.05448868455,3645
3175.29869002655,3644
3174.81028734255,3643
3174.65186873766,3642
3175.1089773691,3641
3175.8910226309,3640
3176.40261994689,3639
3176.59738005311,3638
3177.1089773691,3637
3177.94551131545,3636
3178.59233260435,3635
3178.59233260435,3634
3177.94551131545,3633
3177.05448868455,3632
3176.40766739565,3631
3176.3531787111,3630
3176.755798658,3629
3177.29869002655,3628
3178.05448868455,3627
3179,3626
3179.8910226309,3625
3180.2936425778,3624
3180,3623
3179.59738005311,3622
3179.51159731599,3621
3179.48840268401,3620
3179.40261994689,3619
3178.8910226309,3618
3178,3617
3177.1089773691,3616
3176.65186873765,3615
3176.81028734255,3614
3177.244201342,3613
3177.755798658,3612
3178.244201342,3611
3178.6468212889,3610
3178.59233260435,3609
3177.94551131545,3608
3177.05448868455,3607
3176.40766739565,3606
3176.29869002655,3605
3176.34813126234,3604
3175.94551131545,3603
3175.29869002655,3602
3174.70130997345,3601
3174.05448868455,3600
3173.59738005311,3599
3173.51159731599,3598
3173.48840268401,3597
3173.51159731599,3596
3173.54289136856,3595
3173.81028734255,3594
3174.29869002655,3593
3174.94551131545,3592
3175.29364257779,3591
3174.94551131545,3590
3174.40766739565,3589
3174.3531787111,3588
3174.755798658,3587
3175.244201342,3586
3175.6468212889,3585
3175.70130997345,3584
3175.65186873766,3583
3176.1089773691,3582
3177,3581
3177.94551131545,3580
3178.70130997345,3579
3179.244201342,3578
3179.70130997345,3577
3179.8910226309,3576
3179.6468212889,3575
3179.05448868455,3574
3178.70635742221,3573
3179.1089773691,3572
3180,3571
3181,3570
3181.94551131545,3569
3182.59233260435,3568
3182.70130997345,3567
3182.65186873766,3566
3183.1089773691,3565
3183.94551131545,3564
3184.70130997345,3563
3185.244201342,3562
3185.6468212889,3561
3185.70130997345,3560
3185.65186873765,3559
3186.1089773691,3558
3187,3557
3187.8910226309,3556
3188.34813126234,3555
3188.29869002655,3554
3188.40766739565,3553
3189.05448868455,3552
3190,3551
3190.8910226309,3550
3191.40261994689,3549
3191.48840268401,3548
3191.40261994689,3547
3191,3546
3190.7063574222,3545
3191.1089773691,3544
3191.94551131545,3543
3192.6468212889,3542
3193,3541
3193.3531787111,3540
3193.94551131545,3539
3194.40261994689,3538
3194.54289136856,3537
3194.81028734255,3536
3195.29869002655,3535
3196.05448868455,3534
3196.8910226309,3533
3197.29364257779,3532
3197,3531
3196.59738005311,3530
3196.40261994689,3529
3195.8910226309,3528
3195.05448868455,3527
3194.29869002655,3526
3193.81028734255,3525
3193.65186873766,3524
3194.1089773691,3523
3195,3522
3196,3521
3197,3520
3197.94551131545,3519
3198.59233260435,3518
3198.59233260435,3517
3198.05448868455,3516
3197.59738005311,3515
3197.40261994689,3514
3196.94551131545,3513
3196.40766739565,3512
3196.29869002655,3511
3196.34813126234,3510
3196,3509
3195.7063574222,3508
3196.05448868455,3507
3196.70130997345,3506
3197.29869002655,3505
3198.05448868455,3504
3198.94551131545,3503
3199.6468212889,3502
3199.94551131545,3501
3199.94551131545,3500
3199.70130997345,3499
3199.3531787111,3498
3199.29869002655,3497
3199.45710863144,3496
3199.59738005311,3495
3200,3494
3200.29364257779,3493
3200,3492
3199.59738005311,3491
3199.45710863144,3490
3199.18971265745,3489
3198.755798658,3488
3198.244201342,3487
3197.755798658,3486
3197.29869002655,3485
3197.1089773691,3484
3197.29869002655,3483
3197.70130997345,3482
3197.94551131545,3481
3198,3480
3198.05448868455,3479
3198.3531787111,3478
3198.94551131545,3477
3199.34813126234,3476
3199.29869002655,3475
3199.3531787111,3474
3199.6468212889,3473
3199.6468212889,3472
3199.244201342,3471
3198.81028734255,3470
3198.65186873766,3469
3199,3468
3199.29364257779,3467
3198.8910226309,3466
3198,3465
3197,3464
3196,3463
3195.1089773691,3462
3194.7063574222,3461
3195.05448868455,3460
3195.59233260435,3459
3195.6468212889,3458
3195.3531787111,3457
3195.3531787111,3456
3195.755798658,3455
3196.18971265745,3454
3196.45710863144,3453
3196.48840268401,3452
3196.40261994689,3451
3195.8910226309,3450
3195.1089773691,3449
3194.65186873765,3448
3194.81028734255,3447
3195.18971265745,3446
3195.40261994689,3445
3195.29869002655,3444
3195.40766739565,3443
3196.05448868455,3442
3197,3441
3197.94551131545,3440
3198.59233260435,3439
3198.70130997345,3438
3198.65186873766,3437
3199.1089773691,3436
3200,3435
3200.8910226309,3434
3201.29364257779,3433
3200.8910226309,3432
3200.1089773691,3431
3199.59738005311,3430
3199.51159731599,3429
3199.54289136856,3428
3199.81028734255,3427
3200.18971265745,3426
3200.45710863144,3425
3200.59738005311,3424
3201.1089773691,3423
3202,3422
3202.8910226309,3421
3203.29364257779,3420
3202.8910226309,3419
3202.1089773691,3418
3201.59738005311,3417
3201.45710863144,3416
3201.29869002655,3415
3201.3531787111,3414
3201.6468212889,3413
3201.70130997345,3412
3201.59738005311,3411
3201.81028734255,3410
3202.29869002655,3409
3203.05448868455,3408
3203.8910226309,3407
3204.40261994689,3406
3204.48840268401,3405
3204.45710863144,3404
3204.18971265745,3403
3203.70130997345,3402
3202.94551131545,3401
3202.05448868455,3400
3201.3531787111,3399
3201,3398
3200.6468212889,3397
3200.05448868455,3396
3199.59738005311,3395
3199.40261994689,3394
3199,3393
3198.59738005311,3392
3198.51159731599,3391
3198.54289136856,3390
3198.81028734255,3389
3199.29869002655,3388
3200.05448868455,3387
3200.8910226309,3386
3201.40261994689,3385
3201.48840268401,3384
3201.51159731599,3383
3201.59738005311,3382
3202,3381
3202.40261994689,3380
3202.59738005311,3379
3203.05448868455,3378
3203.59233260435,3377
3203.70130997345,3376
3203.54289136856,3375
3203.51159731599,3374
3203.59738005311,3373
3204.05448868455,3372
3204.59233260435,3371
3204.70130997345,3370
3204.54289136856,3369
3204.40261994689,3368
3203.8910226309,3367
3203,3366
3202,3365
3201.05448868455,3364
3200.40766739565,3363
3200.40766739565,3362
3201.05448868455,3361
3201.94551131545,3360
3202.6468212889,3359
3202.94551131545,3358
3202.94551131545,3357
3202.755798658,3356
3202.65186873766,3355
3203.05448868455,3354
3203.70130997345,3353
3204.244201342,3352
3204.755798658,3351
3205.29869002655,3350
3206.05448868455,3349
3207,3348
3207.8910226309,3347
3208.34813126234,3346
3208.18971265745,3345
3207.70130997345,3344
3207.05448868455,3343.05448868455
3206.65186873766,3342.3531787111
3206.755798658,3342.05448868455
3206.71237267777,3335.3409516868
3200.51378354824,3310.54659516868
3200.51378354824,3304.34800603915
3200.51378354824,3291.95082778009
3200.51378354824,3285.75223865056
3194.31519441871,3279.55364952103
3194.31519441871,3273.35506039151
3194.31519441871,3267.15647126198
3194.31519441871,3260.95788213245
3194.31519441871,3254.75929300292
3194.31519441871,3248.56070387339
3194.31519441871,3242.36211474386
3194.31519441871,3236.16352561433
3188.11660528918,3223.76634735527
3188.11660528918,3217.56775822574
3188.11660528918,3211.36916909621
3188.11660528918,3198.97199083715
3188.11660528918,3192.77340170762
3181.91801615965,3186.57481257809
3181.91801615965,3180.37622344856
3181.91801615965,3167.97904518951
3181.91801615965,3161.78045605998
3175.71942703012,3161.78045605998
3175.71942703012,3155.58186693045
3175.71942703012,3149.38327780092
3175.71942703012,3143.18468867139
3175.71942703012,3136.98609954186
3175.71942703012,3130.78751041233
3175.71942703012,3124.5889212828
3169.52083790059,3112.19174302374
3169.52083790059,3105.99315389421
3169.52083790059,3093.59597563515
3169.52083790059,3087.39738650562
3169.52083790059,3081.1987973761
3169.52083790059,3075.00020824657
3163.32224877106,3068.80161911704
3163.32224877106,3062.60302998751
3163.32224877106,3056.40444085798
3163.32224877106,3044.00726259892
3163.32224877106,3037.80867346939
3163.32224877106,3031.61008433986
3163.32224877106,3025.41149521033
3163.32224877106,3019.2129060808
3163.32224877106,3013.01431695127
3163.32224877106,3006.81572782174
3157.12365964153,2994.41854956268
3157.12365964153,2982.02137130363
3150.925070512,2969.62419304457
3150.925070512,2957.22701478551
3150.925070512,2938.63124739692
3150.925070512,2926.23406913786
3150.925070512,2920.03548000833
3150.925070512,2913.8368908788
3150.925070512,2907.63830174927
3144.72648138247,2901.43971261974
3144.72648138247,2895.24112349021
3144.72648138247,2889.04253436068
3144.72648138247,2882.84394523115
3144.72648138247,2876.64535610163
3144.72648138247,2870.4467669721
3144.72648138247,2864.24817784257
3144.72648138247,2858.04958871304
3144.72648138247,2851.85099958351
3144.72648138247,2839.45382132445
3144.72648138247,2833.25523219492
3144.72648138247,2827.05664306539
3138.52789225294,2820.85805393586
3138.52789225294,2814.65946480633
3138.52789225294,2802.26228654727
3138.52789225294,2796.06369741774
3138.52789225294,2789.86510828821
3138.52789225294,2777.46793002916
3138.52789225294,2771.26934089963
3132.32930312341,2765.0707517701
3132.32930312341,2752.67357351104
3132.32930312341,2746.47498438151
3132.32930312341,2740.27639525198
3132.32930312341,2734.07780612245
3126.13071399388,2727.87921699292
3126.13071399388,2721.68062786339
3126.13071399388,2715.48203873386
3126.13071399388,2709.28344960433
3126.13071399388,2696.88627134527
3119.93212486436,2690.68768221575
3119.93212486436,2684.48909308622
3119.93212486436,2678.29050395669
3119.93212486436,2672.09191482716
3113.73353573483,2665.89332569763
3113.73353573483,2659.6947365681
3113.73353573483,2653.49614743857
3113.73353573483,2647.29755830904
3113.73353573483,2641.09896917951
3107.5349466053,2634.90038004998
3107.5349466053,2628.70179092045
3101.33635747577,2622.50320179092
3101.33635747577,2616.30461266139
3101.33635747577,2610.10602353186
3095.13776834624,2603.90743440233
3095.13776834624,2597.7088452728
3088.93917921671,2591.51025614327
3082.74059008718,2579.11307788422
3076.54200095765,2572.91448875469
3070.34341182812,2566.71589962516
3064.14482269859,2560.51731049563
3057.94623356906,2554.3187213661
3057.94623356906,2548.12013223657
3051.74764443953,2541.92154310704
3045.54905531,2535.72295397751
3039.35046618047,2529.52436484798
3033.15187705094,2523.32577571845
3026.95328792141,2523.32577571845
3026.95328792141,2517.12718658892
3020.75469879188,2510.92859745939
3014.55610966236,2510.92859745939
3008.35752053283,2504.73000832986
2995.96034227377,2498.53141920033
2995.96034227377,2492.3328300708
2989.76175314424,2486.13424094128
2977.36457488518,2479.93565181175
2971.16598575565,2473.73706268222
2964.96739662612,2467.53847355269
2958.76880749659,2461.33988442316
2952.57021836706,2455.14129529363
2946.37162923753,2448.9427061641
2940.173040108,2442.74411703457
2933.97445097847,2436.54552790504
2927.77586184895,2430.34693877551
2921.57727271942,2424.14834964598
2915.37868358989,2417.94976051645
2909.18009446036,2411.75117138692
2902.98150533083,2411.75117138692
2896.7829162013,2405.55258225739
2896.7829162013,2399.35399312786
2890.58432707177,2393.15540399833
2884.38573794224,2386.95681486881
2878.18714881271,2380.75822573928
2871.98855968318,2374.55963660975
2865.78997055365,2368.36104748022
2865.78997055365,2362.16245835069
2859.59138142412,2362.16245835069
2853.39279229459,2355.96386922116
2847.19420316506,2349.76528009163
2840.99561403553,2343.5666909621
2834.797024906,2337.36810183257
2828.59843577647,2331.16951270304
2822.39984664695,2324.97092357351
2816.20125751742,2324.97092357351
2816.20125751742,2318.77233444398
2810.00266838789,2312.57374531445
2797.60549012883,2306.37515618492
2791.4069009993,2300.17656705539
2785.20831186977,2293.97797792587
2779.00972274024,2287.77938879634
2772.81113361071,2281.58079966681
2766.61254448118,2275.38221053728
2760.41395535165,2269.18362140775
2754.21536622212,2262.98503227822
2748.01677709259,2256.78644314869
2741.81818796306,2250.58785401916
2735.61959883353,2244.38926488963
2729.421009704,2244.38926488963
2729.421009704,2238.1906757601
2723.22242057448,2231.99208663057
2717.02383144495,2225.79349750104
2710.82524231542,2225.79349750104
2704.62665318589,2219.59490837151
2704.62665318589,2213.39631924198
2698.42806405636,2207.19773011245
2692.22947492683,2200.99914098292
2686.0308857973,2194.8005518534
2679.83229666777,2188.60196272387
2673.63370753824,2182.40337359434
2673.63370753824,2176.20478446481
2667.43511840871,2170.00619533528
2661.23652927918,2163.80760620575
2661.23652927918,2157.60901707622
2655.03794014965,2151.41042794669
2655.03794014965,2145.21183881716
2648.83935102012,2139.01324968763
2648.83935102012,2132.8146605581
2642.64076189059,2126.61607142857
2642.64076189059,2120.41748229904
2636.44217276106,2114.21889316951
2636.44217276106,2108.02030403998
2630.24358363153,2101.82171491045
2630.24358363153,2095.62312578093
2624.04499450201,2089.4245366514
2624.04499450201,2083.22594752187
2624.04499450201,2077.02735839234
2624.04499450201,2070.82876926281
2617.84640537248,2064.63018013328
2617.84640537248,2058.43159100375
2617.84640537248,2046.03441274469
2611.64781624295,2039.83582361516
2611.64781624295,2033.63723448563
2611.64781624295,2027.4386453561
2605.44922711342,2021.24005622657
2605.44922711342,2021.24005622657
2605.6468212889,2019.6468212889
2605,2018.94551131545
2604.40766739565,2018
2604.40766739565,2017
2605.05448868455,2016
2605.94551131545,2015
2606.70130997345,2014
2607.244201342,2013
2607.755798658,2012
2608.29869002655,2011
2609.05448868455,2010
2609.94551131545,2009
2610.6468212889,2008
2611,2007
2611.29869002655,2006
2611.755798658,2005
2612.244201342,2004
2612.6468212889,2003
2612.70130997345,2002
2612.54289136856,2001
2612.51159731599,2000
2612.54289136856,1999
2612.70130997345,1998
2612.70130997345,1997
2612.54289136856,1996
2612.40261994689,1995
2611.94551131545,1994
2611.40766739565,1993
2611.29869002655,1992
2611.34813126234,1991
2610.8910226309,1990
2610.1089773691,1989
2609.70635742221,1988
2610,1987
2610.34813126234,1986
2610.29869002655,1985
2610.3531787111,1984
2610.6468212889,1983
2610.59233260435,1982
2610.05448868455,1981
2609.65186873766,1980
2609.70130997345,1979
2609.70130997345,1978
2609.65186873766,1977
2610,1976
2610.34813126234,1975
2610.29869002655,1974
2610.3531787111,1973
2610.755798658,1972
2611.244201342,1971
2611.70130997345,1970
2612,1969
2612.3531787111,1968
2612.94551131545,1967
2613.40261994689,1966
2613.54289136856,1965
2613.755798658,1964
2614,1963
2614.29869002655,1962
2614.6468212889,1961
2614.70130997345,1960
2614.54289136856,1959
2614.40261994689,1958
2613.8910226309,1957
2613.1089773691,1956
2612.65186873766,1955
2612.755798658,1954
2613,1953
2613.29869002655,1952
2613.6468212889,1951
2613.59233260435,1950
2613.05448868455,1949
2612.7063574222,1948
2613.1089773691,1947
2614,1946
2614.8910226309,1945
2615.34813126234,1944
2615.18971265745,1943
2614.81028734255,1942
2614.54289136856,1941
2614.40261994689,1940
2614,1939
2613.7063574222,1938
2614.1089773691,1937
2615,1936
2615.8910226309,1935
2616.34813126234,1934
2616.18971265745,1933
2615.81028734255,1932
2615.54289136856,1931
2615.45710863144,1930
2615.18971265745,1929
2614.81028734255,1928
2614.65186873766,1927
2615.05448868455,1926
2615.70130997345,1925
2616.18971265745,1924
2616.34813126234,1923
2615.94551131545,1922
2615.40766739565,1921
2615.3531787111,1920
2615.6468212889,1919
2615.6468212889,1918
2615.29869002655,1917
2615,1916
2614.755798658,1915
2614.54289136856,1914
2614.51159731599,1913
2614.59738005311,1912
2615,1911
2615.40261994689,1910
2615.54289136856,1909
2615.70130997345,1908
2615.6468212889,1907
2615.244201342,1906
2614.70130997345,1905
2613.94551131545,1904
2613.1089773691,1903
2612.65186873766,1902
2612.755798658,1901
2613,1900
2613.244201342,1899
2613.45710863144,1898
2613.48840268401,1897
2613.40261994689,1896
2613,1895
2612.7063574222,1894
2613.05448868455,1893
2613.70130997345,1892
2614.29869002655,1891
2615.05448868455,1890
2616,1889
2616.94551131545,1888
2617.70130997345,1887
2618.244201342,1886
2618.755798658,1885
2619.244201342,1884
2619.755798658,1883
2620.18971265745,1882
2620.34813126234,1881
2620,1880
2619.59738005311,1879
2619.45710863144,1878
2619.244201342,1877
2619.1089773691,1876
2619.3531787111,1875
2619.94551131545,1874
2620.29364257779,1873
2619.94551131545,1872
2619.29869002655,1871
2618.755798658,1870
2618.244201342,1869
2617.70130997345,1868
2616.94551131545,1867
2616.05448868455,1866
2615.40766739565,1865
2615.40766739565,1864
2616.05448868455,1863
2616.94551131545,1862
2617.70130997345,1861
2618.244201342,1860
2618.755798658,1859
2619.29869002655,1858
2620.05448868455,1857
2620.94551131545,1856
2621.59233260435,1855
2621.70130997345,1854
2621.59738005311,1853
2621.81028734255,1852
2622.18971265745,1851
2622.45710863144,1850
2622.48840268401,1849
2622.51159731599,1848
2622.54289136856,1847
2622.81028734255,1846
2623.29869002655,1845
2624.05448868455,1844
2625,1843
2625.8910226309,1842
2626.40261994689,1841
2626.54289136856,1840
2626.70130997345,1839
2626.59233260435,1838
2626.05448868455,1837
2625.65186873766,1836
2625.81028734255,1835
2626.29869002655,1834
2626.94551131545,1833
2627.40261994689,1832
2627.59738005311,1831
2628.1089773691,1830
2628.8910226309,1829
2629.40261994689,1828
2629.48840268401,1827
2629.51159731599,1826
2629.59738005311,1825
2630.1089773691,1824
2630.8910226309,1823
2631.34813126234,1822
2631.18971265745,1821
2630.81028734255,1820
2630.54289136856,1819
2630.51159731599,1818
2630.54289136856,1817
2630.81028734255,1816
2631.18971265745,1815
2631.40261994689,1814
2631.18971265745,1813
2630.81028734255,1812
2630.54289136856,1811
2630.40261994689,1810
2629.94551131545,1809
2629.3531787111,1808
2629,1807
2628.6468212889,1806
2628,1805
2627.3531787111,1804
2627,1803
2626.6468212889,1802
2625.94551131545,1801
2625,1800
2624,1799
2623,1798
2622.05448868455,1797
2621.29869002655,1796
2620.70130997345,1795
2619.94551131545,1794
2619,1793
2618,1792
2617.05448868455,1791
2616.3531787111,1790
2616.05448868455,1789
2615.94551131545,1788
2615.6468212889,1787
2615.05448868455,1786
2614.65186873766,1785
2614.70130997345,1784
2614.59233260435,1783
2614.05448868455,1782
2613.59738005311,1781
2613.40261994689,1780.05448868455
2612.94551131545,1779.3531787111
2612.3531787111,1779.05448868455
2611.64781624295,1773.2964910454
2611.64781624295,1754.70072365681
2617.84640537248,1742.30354539775
2617.84640537248,1729.90636713869
2617.84640537248,1717.50918887963
2617.84640537248,1711.3105997501
2624.04499450201,1698.91342149105
2624.04499450201,1674.11906497293
2624.04499450201,1661.72188671387
2624.04499450201,1655.52329758434
2630.24358363153,1649.32470845481
2630.24358363153,1636.92753019575
2630.24358363153,1630.72894106622
2636.44217276106,1624.53035193669
2636.44217276106,1618.33176280716
2636.44217276106,1612.13317367763
2636.44217276106,1605.93458454811
2642.64076189059,1599.73599541858
2642.64076189059,1593.53740628905
2648.83935102012,1587.33881715952
2648.83935102012,1581.14022802999
2655.03794014965,1574.94163890046
2661.23652927918,1568.74304977093
2661.23652927918,1562.5444606414
2667.43511840871,1556.34587151187
2673.63370753824,1550.14728238234
2679.83229666777,1543.94869325281
2686.0308857973,1537.75010412328
2692.22947492683,1531.55151499375
2692.22947492683,1525.35292586422
2698.42806405636,1525.35292586422
2704.62665318589,1519.15433673469
2710.82524231542,1512.95574760516
2710.82524231542,1506.75715847564
2717.02383144495,1500.55856934611
2723.22242057448,1494.35998021658
2729.421009704,1488.16139108705
2735.61959883353,1481.96280195752
2741.81818796306,1475.76421282799
2748.01677709259,1469.56562369846
2754.21536622212,1469.56562369846
2754.21536622212,1463.36703456893
2760.41395535165,1463.36703456893
2760.41395535165,1457.1684454394
2766.61254448118,1457.1684454394
2772.81113361071,1450.96985630987
2779.00972274024,1450.96985630987
2785.20831186977,1444.77126718034
2791.4069009993,1444.77126718034
2797.60549012883,1444.77126718034
2803.80407925836,1438.57267805081
2810.00266838789,1438.57267805081
2816.20125751742,1438.57267805081
2822.39984664695,1432.37408892128
2828.59843577647,1432.37408892128
2834.797024906,1432.37408892128
2847.19420316506,1426.17549979175
2853.39279229459,1426.17549979175
2859.59138142412,1426.17549979175
2865.78997055365,1426.17549979175
2878.18714881271,1426.17549979175
2884.38573794224,1426.17549979175
2890.58432707177,1426.17549979175
2896.7829162013,1419.97691066222
2902.98150533083,1419.97691066222
2909.18009446036,1419.97691066222
2915.37868358989,1419.97691066222
2927.77586184895,1419.97691066222
2933.97445097847,1426.17549979175
2940.173040108,1426.17549979175
2952.57021836706,1426.17549979175
2958.76880749659,1426.17549979175
2964.96739662612,1426.17549979175
2964.96739662612,1432.37408892128
2971.16598575565,1432.37408892128
2977.36457488518,1432.37408892128
2983.56316401471,1438.57267805081
2989.76175314424,1438.57267805081
3002.1589314033,1438.57267805081
3008.35752053283,1444.77126718034
3014.55610966236,1444.77126718034
3020.75469879188,1444.77126718034
3026.95328792141,1444.77126718034
3033.15187705094,1444.77126718034
3039.35046618047,1444.77126718034
3051.74764443953,1444.77126718034
3057.94623356906,1450.96985630987
3064.14482269859,1450.96985630987
3070.34341182812,1450.96985630987
3076.54200095765,1450.96985630987
3082.74059008718,1450.96985630987
3088.93917921671,1450.96985630987
3095.13776834624,1450.96985630987
3101.33635747577,1457.1684454394
3107.5349466053,1457.1684454394
3113.73353573483,1457.1684454394
3119.93212486436,1457.1684454394
3132.32930312341,1457.1684454394
3144.72648138247,1463.36703456893
3157.12365964153,1463.36703456893
3163.32224877106,1463.36703456893
3175.71942703012,1463.36703456893
3181.91801615965,1463.36703456893
3188.11660528918,1463.36703456893
3194.31519441871,1463.36703456893
3206.71237267777,1463.36703456893
3225.30814006635,1463.36703456893
3250.10249658447,1469.56562369846
3274.89685310259,1475.76421282799
3293.49262049118,1481.96280195752
3305.88979875024,1481.96280195752
3312.08838787977,1481.96280195752
3318.2869770093,1481.96280195752
3324.48556613882,1488.16139108705
3330.68415526835,1488.16139108705
3349.27992265694,1494.35998021658
3367.87569004553,1500.55856934611
3374.07427917506,1500.55856934611
3380.27286830459,1500.55856934611
3392.67004656365,1506.75715847564
3398.86863569318,1506.75715847564
3405.06722482271,1512.95574760516
3423.66299221129,1512.95574760516
3442.25875959988,1519.15433673469
3448.45734872941,1525.35292586422
3454.65593785894,1525.35292586422
3467.053116118,1525.35292586422
3473.25170524753,1531.55151499375
3479.45029437706,1531.55151499375
3485.64888350659,1537.75010412328
3498.04606176565,1537.75010412328
3504.24465089518,1537.75010412328
3510.44324002471,1543.94869325281
3516.64182915423,1543.94869325281
3529.03900741329,1543.94869325281
3535.23759654282,1543.94869325281
3541.43618567235,1543.94869325281
3547.63477480188,1550.14728238234
3553.83336393141,1550.14728238234
3560.03195306094,1550.14728238234
3566.23054219047,1550.14728238234
3572.42913132,1550.14728238234
3578.62772044953,1550.14728238234
3584.82630957906,1550.14728238234
3591.02489870859,1556.34587151187
3597.22348783812,1556.34587151187
3603.42207696765,1556.34587151187
3609.62066609717,1556.34587151187
3615.8192552267,1556.34587151187
3622.01784435623,1562.5444606414
3628.21643348576,1562.5444606414
3634.41502261529,1562.5444606414
3640.61361174482,1562.5444606414
3646.81220087435,1562.5444606414
3653.01079000388,1568.74304977093
3659.20937913341,1568.74304977093
3665.40796826294,1574.94163890046
3671.60655739247,1574.94163890046
3677.805146522,1574.94163890046
3690.20232478106,1581.14022802999
3696.40091391059,1581.14022802999
3702.59950304012,1587.33881715952
3714.99668129917,1587.33881715952
3721.1952704287,1587.33881715952
3727.39385955823,1593.53740628905
3733.59244868776,1593.53740628905
3745.98962694682,1599.73599541858
3752.18821607635,1599.73599541858
3758.38680520588,1605.93458454811
3770.78398346494,1605.93458454811
3776.98257259447,1612.13317367763
3783.181161724,1612.13317367763
3789.37975085353,1618.33176280716
3795.57833998306,1624.53035193669
3801.77692911259,1624.53035193669
3807.97551824211,1624.53035193669
3814.17410737164,1630.72894106622
3820.37269650117,1630.72894106622
3820.37269650117,1636.92753019575
3826.5712856307,1636.92753019575
3832.76987476023,1643.12611932528
3832.76987476023,1649.32470845481
3838.96846388976,1649.32470845481
3845.16705301929,1655.52329758434
3851.36564214882,1661.72188671387
3857.56423127835,1661.72188671387
3863.76282040788,1667.9204758434
3869.96140953741,1667.9204758434
3869.96140953741,1674.11906497293
3876.15999866694,1674.11906497293
3882.35858779647,1674.11906497293
3882.35858779647,1680.31765410246
3894.75576605553,1680.31765410246
3900.95435518506,1686.51624323199
3907.15294431458,1692.71483236152
3913.35153344411,1698.91342149105
3919.55012257364,1705.11201062058
3925.74871170317,1705.11201062058
3931.9473008327,1711.3105997501
3938.14588996223,1717.50918887963
3950.54306822129,1723.70777800916
3956.74165735082,1729.90636713869
3962.94024648035,1736.10495626822
3969.13883560988,1736.10495626822
3975.33742473941,1742.30354539775
3975.33742473941,1748.50213452728
3981.53601386894,1754.70072365681
3987.73460299847,1754.70072365681
3993.933192128,1760.89931278634
4000.13178125752,1767.09790191587
4006.33037038705,1773.2964910454
4012.52895951658,1779.49508017493
4018.72754864611,1779.49508017493
4018.72754864611,1785.69366930446
4024.92613777564,1791.89225843399
4031.12472690517,1798.09084756352
4037.3233160347,1798.09084756352
4037.3233160347,1804.28943669304
4043.52190516423,1810.48802582257
4043.52190516423,1816.6866149521
4049.72049429376,1822.88520408163
4055.91908342329,1829.08379321116
4062.11767255282,1835.28238234069
4062.11767255282,1841.48097147022
4068.31626168235,1847.67956059975
4074.51485081188,1853.87814972928
4074.51485081188,1860.07673885881
4080.71343994141,1860.07673885881
4080.71343994141,1866.27532798834
4086.91202907094,1866.27532798834
4086.91202907094,1872.47391711787
4093.11061820047,1878.6725062474
4093.11061820047,1884.87109537693
4099.30920732999,1891.06968450646
4105.50779645952,1891.06968450646
4117.90497471858,1903.46686276552
4124.10356384811,1915.86404102457
4124.10356384811,1922.0626301541
4130.30215297764,1928.26121928363
4130.30215297764,1934.45980841316
4136.50074210717,1940.65839754269
4136.50074210717,1946.85698667222
4142.6993312367,1953.05557580175
4142.6993312367,1959.25416493128
4148.89792036623,1965.45275406081
4148.89792036623,1971.65134319034
4155.09650949576,1971.65134319034
4155.09650949576,1984.0485214494
4161.29509862529,1990.24711057893
4161.29509862529,1996.44569970846
4167.49368775482,2002.64428883798
4167.49368775482,2015.04146709704
4173.69227688435,2021.24005622657
4179.89086601388,2021.24005622657
4179.89086601388,2027.4386453561
4186.08945514341,2033.63723448563
4186.08945514341,2039.83582361516
4192.28804427293,2046.03441274469
4198.48663340246,2058.43159100375
4198.48663340246,2064.63018013328
4204.68522253199,2070.82876926281
4210.88381166152,2083.22594752187
4217.08240079105,2089.4245366514
4217.08240079105,2095.62312578093
4223.28098992058,2101.82171491045
4229.47957905011,2108.02030403998
4229.47957905011,2120.41748229904
4235.67816817964,2126.61607142857
4241.87675730917,2139.01324968763
4248.0753464387,2145.21183881716
4248.0753464387,2151.41042794669
4254.27393556823,2157.60901707622
4254.27393556823,2163.80760620575
4260.47252469776,2176.20478446481
4260.47252469776,2182.40337359434
4266.67111382729,2188.60196272387
4272.86970295682,2207.19773011245
4285.26688121588,2225.79349750104
4285.26688121588,2238.1906757601
4291.46547034541,2244.38926488963
4297.66405947494,2250.58785401916
4297.66405947494,2256.78644314869
4303.86264860446,2269.18362140775
4303.86264860446,2275.38221053728
4310.06123773399,2281.58079966681
4310.06123773399,2287.77938879634
4316.25982686352,2293.97797792587
4316.25982686352,2300.17656705539
4322.45841599305,2306.37515618492
4322.45841599305,2312.57374531445
4322.45841599305,2312.57374531445
4322.755798658,2314.3531787111
4322.59738005311,2315.05448868455
4322.70130997345,2316
4322.6468212889,2317
4322.3531787111,2318
4322.40766739565,2319
4322.94551131545,2320
4323.34813126234,2321
4323.18971265745,2322
4322.81028734255,2323
4322.65186873765,2324
4323.1089773691,2325
4323.8910226309,2326
4324.29364257779,2327
4324,2328
4323.65186873765,2329
4323.81028734255,2330
4324.18971265745,2331
4324.34813126234,2332
4323.8910226309,2333
4323,2334
4322,2335
4321.1089773691,2336
4320.7063574222,2337
4321.1089773691,2338
4322,2339
4322.94551131545,2340
4323.70130997345,2341
4324.18971265745,2342
4324.45710863144,2343
4324.48840268401,2344
4324.51159731599,2345
4324.59738005311,2346
4325,2347
4325.40261994689,2348
4325.54289136856,2349
4325.755798658,2350
4325.8910226309,2351
4325.755798658,2352
4325.65186873765,2353
4326.1089773691,2354
4327,2355
4328,2356
4329,2357
4330,2358
4331,2359
4332,2360
4333,2361
4334,2362
4334.94551131545,2363
4335.70130997345,2364
4336.18971265745,2365
4336.34813126234,2366
4336,2367
4335.7063574222,2368
4336,2369
4336.40261994689,2370
4336.48840268401,2371
4336.40261994689,2372
4336,2373
4335.59738005311,2374
4335.45710863144,2375
4335.18971265745,2376
4334.755798658,2377
4334.244201342,2378
4333.755798658,2379
4333.3531787111,2380
4333.40766739565,2381
4333.94551131545,2382
4334.34813126234,2383
4334.18971265745,2384
4333.755798658,2385
4333.244201342,2386
4332.755798658,2387
4332.3531787111,2388
4332.29869002655,2389
4332.34813126234,2390
4332,2391
4331.7063574222,2392
4332.05448868455,2393
4332.70130997345,2394
4333.29869002655,2395
4333.94551131545,2396
4334.34813126234,2397
4334.18971265745,2398
4333.755798658,2399
4333.3531787111,2400
4333.3531787111,2401
4333.70130997345,2402
4333.94551131545,2403
4334.05448868455,2404
4334.3531787111,2405
4334.94551131545,2406
4335.2936425778,2407
4335,2408
4334.7063574222,2409
4335.05448868455,2410
4335.70130997345,2411
4336.29869002655,2412
4337,2413
4337.70130997345,2414
4338.29869002655,2414.94551131545
4339.05448868455,2415.70130997345
4339.94551131545,2416.29869002655
4340.6468212889,2417.05448868455
4341,2418
4341.29869002655,2419
4341.6468212889,2420
4341.70130997345,2421
4341.65186873766,2422
4342.1089773691,2423
4342.94551131545,2424
4343.6468212889,2425
4343.94551131545,2426
4344.05448868455,2427
4344.29869002655,2428
4344.70130997345,2429
4344.8910226309,2430
4344.755798658,2431
4344.54289136856,2432
4344.45710863144,2433
4344.29869002655,2434
4344.3531787111,2435
4344.6468212889,2436
4344.6468212889,2437
4344.3531787111,2438
4344.29869002655,2439
4344.40261994689,2440
4344.29869002655,2441
4344.40766739565,2442
4345,2443
4345.70130997345,2444
4346.29869002655,2445
4347.05448868455,2446
4347.94551131545,2447
4348.70130997345,2448
4349.244201342,2449
4349.755798658,2450
4350.244201342,2451
4350.755798658,2452
4351.18971265745,2453
4351.40261994689,2454
4351.29869002655,2455
4351.3531787111,2456
4351.70130997345,2457
4352,2458
4352.3531787111,2459
4353.05448868455,2460
4353.94551131545,2461
4354.70130997345,2462
4355.29869002655,2462.94551131545
4356.05448868455,2463.70130997345
4357,2464.29869002655
4358,2465.05448868455
4359,2466
4359.8910226309,2467
4360.29364257779,2468
4359.8910226309,2469
4359.05448868455,2470
4358.40766739565,2471
4358.3531787111,2472
4358.755798658,2473
4359.244201342,2474
4359.755798658,2475
4360.18971265745,2476
4360.45710863144,2477
4360.59738005311,2478
4361,2479
4361.29364257779,2480
4361,2481
4360.65186873766,2482
4360.81028734255,2483
4361.29869002655,2484
4362.05448868455,2485
4363,2486
4363.94551131545,2487
4364.70130997345,2488
4365.29869002655,2488.94551131545
4366.05448868455,2489.70130997345
4366.8910226309,2490.29869002655
4367.34813126234,2491.05448868455
4367.244201342,2492
4367.05448868455,2493
4367,2494
4367,2495
4367,2496
4367.05448868455,2497
4367.29869002655,2498
4367.70130997345,2499
4368,2500
4368.3531787111,2501
4369,2502
4369.70130997345,2503
4370.29869002655,2504
4371,2505
4371.6468212889,2506
4371.94551131545,2507
4372,2508
4372,2509
4372.05448868455,2510
4372.244201342,2511
4372.45710863144,2512
4372.5973800531,2513
4373.1089773691,2514
4374,2515
4375,2516
4376,2517
4377,2518
4377.94551131545,2519
4378.70130997345,2520
4379.29869002655,2521
4380.05448868455,2522
4381,2523
4382,2523.94551131545
4383,2524.70130997345
4384,2525.29869002655
4385,2526.05448868455
4385.94551131545,2527
4386.70130997345,2528
4387.29869002655,2529
4388,2530
4388.70130997345,2531
4389.244201342,2532
4389.755798658,2533
4390.29869002655,2534
4391.05448868455,2535
4392,2536
4392.8910226309,2537
4393.34813126235,2538
4393.29869002655,2539
4393.40766739565,2540
4393.94551131545,2541
4394.34813126234,2542
4394.18971265745,2543
4393.70130997345,2544
4393.05448868455,2545
4392.65186873766,2546
4392.70130997345,2547
4392.59233260435,2548
4392,2549
4391.40766739565,2550
4391.40766739565,2551
4392,2552
4392.70130997345,2553
4393.18971265745,2554
4393.34813126234,2555
4393,2556
4392.70635742221,2557
4393.1089773691,2558
4393.8910226309,2559
4394.34813126234,2560
4394.29869002655,2561
4394.40766739565,2562
4395.05448868455,2563
4395.94551131545,2564
4396.6468212889,2565
4396.94551131545,2566
4397.05448868455,2567
4397.3531787111,2568
4398.05448868455,2569
4398.8910226309,2570
4399.34813126234,2571
4399.244201342,2572
4399.05448868455,2573
4399.05448868455,2574
4399.29869002655,2575
4399.70130997345,2576
4399.8910226309,2577
4399.70130997345,2578
4399.29869002655,2579
4399,2580
4398.755798658,2581
4398.65186873765,2582
4399.1089773691,2583
4400,2584
4400.94551131545,2585
4401.70130997345,2586
4402.29869002655,2587
4403.05448868455,2588
4403.94551131545,2589
4404.70130997345,2590
4405.244201342,2591
4405.755798658,2592
4406.29869002655,2593
4407.05448868455,2594
4407.94551131545,2595
4408.70130997345,2596
4409.29869002655,2597
4410.05448868455,2598
4410.94551131545,2599
4411.70130997345,2600
4412.29869002655,2601
4413.05448868455,2602
4413.94551131545,2603
4414.70130997345,2604
4415.18971265745,2605
4415.40261994689,2606
4415.18971265745,2607
4414.755798658,2608
4414.244201342,2609
4413.70130997345,2610
4413.05448868455,2611
4412.7063574222,2612
4413,2613
4413.34813126234,2614
4413.29869002655,2615
4413.3531787111,2616
4413.6468212889,2617
4413.59233260435,2618
4413.05448868455,2619
4412.59738005311,2620
4412.51159731599,2621
4412.48840268401,2622
4412.51159731599,2623
4412.54289136856,2624
4412.81028734255,2625
4413.29869002655,2626
4413.94551131545,2627
4414.40261994689,2628
4414.48840268401,2629
4414.45710863144,2630
4414.29869002655,2631
4414.3531787111,2632
4414.755798658,2633
4415.29869002655,2634
4416,2635
4416.70130997345,2636
4417.244201342,2637
4417.755798658,2638
4418.244201342,2639
4418.6468212889,2640
4418.6468212889,2641
4418.244201342,2642
4417.755798658,2643
4417.29869002655,2644
4417.1089773691,2645
4417.3531787111,2646
4418,2647
4418.6468212889,2648
4419,2649
4419.244201342,2650
4419.45710863144,2651
4419.54289136856,2652
4419.70130997345,2653
4419.59233260435,2654
4418.94551131545,2655
4418,2656
4417.05448868455,2657
4416.40766739565,2658
4416.3531787111,2659
4416.70130997345,2660
4416.94551131545,2661
4417,2662
4417,2663
4416.94551131545,2664
4416.6468212889,2665
4416.05448868455,2666
4415.65186873765,2667
4415.81028734255,2668
4416.29869002655,2669
4417.05448868455,2670
4418,2671
4419,2672
4419.94551131545,2673
4420.70130997345,2674
4421.244201342,2675
4421.755798658,2676
4422.244201342,2677
4422.6468212889,2678
4422.6468212889,2679
4422.29869002655,2680
4422.05448868455,2681
4422.05448868455,2682
4422.3531787111,2682.94551131545
4423.05448868455,2683.70130997345
4424,2684.29869002655
4424.8910226309,2685.05448868455
4425.40261994689,2686
4425.48840268401,2687
4425.45710863144,2688
4425.18971265745,2689
4424.755798658,2690
4424.29869002655,2691
4424.1089773691,2692
4424.3531787111,2693
4424.94551131545,2694
4425.34813126234,2695
4425.29869002655,2696
4425.40766739565,2697
4426,2698
4426.70130997345,2699
4427.29869002655,2700
4428.05448868455,2701
4429,2702
4429.94551131545,2703
4430.70130997345,2704
4431.29869002655,2705
4432,2706
4432.70130997345,2707
4433.244201342,2708
4433.755798658,2709
4434.29869002655,2710
4435,2711
4435.70130997345,2712
4436.29869002655,2713
4437,2714
4437.59233260435,2715
4437.70130997345,2716
4437.59738005311,2717
4437.70130997345,2718
4437.70130997345,2719
4437.59738005311,2720
4437.81028734255,2721
4438.29869002655,2722
4439.05448868455,2723
4439.94551131545,2724
4440.70130997345,2725
4441.29869002655,2725.94551131545
4442.05448868455,2726.70130997345
4443,2727.29869002655
4444,2728.05448868455
4445,2729
4445.8910226309,2730
4446.40261994689,2731
4446.5973800531,2732
4447.1089773691,2733
4447.94551131545,2734
4448.70130997345,2735
4449.29869002655,2736
4450.05448868455,2737
4450.94551131545,2738
4451.70130997345,2739
4452.29869002655,2740
4453,2741
4453.70130997345,2742
4454.244201342,2743
4454.70130997345,2744
4455,2745
4455.3531787111,2746
4456.05448868455,2746.94551131545
4456.94551131545,2747.70130997345
4457.70130997345,2748.29869002655
4458.29869002655,2749.05448868455
4459.05448868455,2750
4460,2751
4460.94551131545,2752
4461.6468212889,2753
4462,2754
4462.29869002655,2755
4462.70130997345,2756
4463,2756.94551131545
4463.3531787111,2757.70130997345
4464.05448868455,2758.29869002655
4464.94551131545,2759.05448868455
4465.6468212889,2760
4465.8910226309,2761
4465.755798658,2762
4465.65186873765,2763
4466,2764
4466.40261994689,2765
4466.5973800531,2766
4467.05448868455,2767
4467.70130997345,2768
4468.244201342,2769
4468.755798658,2770
4469.29869002655,2771
4470.05448868455,2772
4470.94551131545,2773
4471.70130997345,2774
4472.29869002655,2775
4473,2776
4473.70130997345,2777
4474.244201342,2778
4474.755798658,2779
4475.29869002655,2780
4475.94551131545,2781
4476.34813126234,2782
4476.29869002655,2783
4476.3531787111,2784
4476.755798658,2785
4477.244201342,2786
4477.755798658,2787
4478.244201342,2788
4478.6468212889,2789
4478.59233260435,2790
4478.05448868455,2791
4477.7063574222,2792
4478,2793
4478.40261994689,2794
4478.59738005311,2795
4479,2796
4479.34813126234,2797
4479.244201342,2798
4479.1089773691,2799
4479.29869002655,2800
4479.70130997345,2801
4480,2802
4480.29869002655,2803
4480.755798658,2804
4481.29869002655,2804.94551131545
4482.05448868455,2805.70130997345
4482.94551131545,2806.29869002655
4483.6468212889,2807
4483.94551131545,2807.6468212889
4483.62173336082,2814.65946480633
4502.2175007494,2851.85099958351
4502.2175007494,2858.04958871304
4508.41608987893,2858.04958871304
4508.41608987893,2864.24817784257
4514.61467900846,2870.4467669721
4514.61467900846,2876.64535610163
4520.81326813799,2882.84394523115
4520.81326813799,2889.04253436068
4520.81326813799,2895.24112349021
4527.01185726752,2895.24112349021
4527.01185726752,2901.43971261974
4533.21044639705,2907.63830174927
4533.21044639705,2913.8368908788
4533.21044639705,2920.03548000833
4539.40903552658,2926.23406913786
4545.60762465611,2932.43265826739
4545.60762465611,2938.63124739692
4545.60762465611,2944.82983652645
4551.80621378564,2951.02842565598
4551.80621378564,2963.42560391504
4558.00480291517,2969.62419304457
4558.00480291517,2975.8227821741
4564.2033920447,2982.02137130363
4564.2033920447,2994.41854956268
4570.40198117423,3000.61713869221
4570.40198117423,3013.01431695127
4576.60057030376,3019.2129060808
4576.60057030376,3025.41149521033
4576.60057030376,3031.61008433986
4576.60057030376,3037.80867346939
4576.60057030376,3044.00726259892
4576.60057030376,3050.20585172845
4576.60057030376,3056.40444085798
4576.60057030376,3062.60302998751
4576.60057030376,3068.80161911704
4576.60057030376,3075.00020824657
4576.60057030376,3081.1987973761
4576.60057030376,3087.39738650562
4576.60057030376,3093.59597563515
4576.60057030376,3099.79456476468
4576.60057030376,3112.19174302374
4576.60057030376,3118.39033215327
4576.60057030376,3124.5889212828
4576.60057030376,3130.78751041233
4582.79915943329,3136.98609954186
4582.79915943329,3143.18468867139
4582.79915943329,3149.38327780092
4582.79915943329,3155.58186693045
4582.79915943329,3161.78045605998
4582.79915943329,3167.97904518951
4588.99774856282,3174.17763431904
4588.99774856282,3180.37622344856
4588.99774856282,3186.57481257809
4588.99774856282,3192.77340170762
4588.99774856282,3198.97199083715
4595.19633769234,3205.17057996668
4595.19633769234,3211.36916909621
4595.19633769234,3217.56775822574
4595.19633769234,3223.76634735527
4595.19633769234,3229.9649364848
4601.39492682187,3236.16352561433
4601.39492682187,3242.36211474386
4601.39492682187,3248.56070387339
4601.39492682187,3267.15647126198
4607.5935159514,3291.95082778009
4607.5935159514,3316.74518429821
4613.79210508093,3329.14236255727
4613.79210508093,3347.73812994586
4613.79210508093,3360.13530820492
4619.99069421046,3366.33389733445
4619.99069421046,3372.53248646398
4626.18928333999,3378.73107559351
4626.18928333999,3384.92966472303
4626.18928333999,3391.12825385256
4626.18928333999,3397.32684298209
4626.18928333999,3403.52543211162
4632.38787246952,3409.72402124115
4632.38787246952,3415.92261037068
4638.58646159905,3422.12119950021
4638.58646159905,3428.31978862974
4644.78505072858,3440.7169668888
4644.78505072858,3446.91555601833
4650.98363985811,3453.11414514786
4650.98363985811,3459.31273427739
4657.18222898764,3465.51132340692
4657.18222898764,3471.70991253644
4663.38081811717,3477.90850166597
4663.38081811717,3484.1070907955
4663.38081811717,3490.30567992503
4669.5794072467,3496.50426905456
4669.5794072467,3502.70285818409
4663.38081811717,3515.10003644315
4663.38081811717,3515.10003644315
4664.244201342,3516.3531787111
4664.45710863144,3517.05448868455
4664.48840268401,3518
4664.45710863144,3519
4664.29869002655,3520
4664.29869002655,3521
4664.40261994689,3522
4664.29869002655,3523
4664.3531787111,3524
4664.755798658,3525
4665.29869002655,3526
4666.05448868455,3527
4666.94551131545,3528
4667.6468212889,3529
4667.94551131545,3530
4667.94551131545,3531
4667.755798658,3532
4667.65186873766,3533
4668.05448868455,3534
4668.70130997345,3535
4669.18971265745,3536
4669.34813126234,3537
4668.94551131545,3538
4668.29869002655,3539
4667.755798658,3540
4667.3531787111,3541
4667.40766739565,3542
4668.05448868455,3543
4668.8910226309,3544
4669.2936425778,3545
4669,3546
4668.7063574222,3547
4669.1089773691,3548
4669.8910226309,3549
4670.40261994689,3550
4670.48840268401,3551
4670.45710863144,3552
4670.29869002655,3553
4670.3531787111,3554
4670.755798658,3555
4671.29869002655,3556
4671.94551131545,3557
4672.34813126234,3558
4672.29869002655,3559
4672.3531787111,3560
4672.6468212889,3561
4672.70130997345,3562
4672.65186873765,3563
4673.05448868455,3564
4673.70130997345,3565
4674.29869002655,3566
4674.94551131545,3567
4675.40261994689,3568
4675.48840268401,3569
4675.40261994689,3570
4674.8910226309,3571
4674.1089773691,3572
4673.65186873765,3573
4673.70130997345,3574
4673.6468212889,3575
4673.3531787111,3576
4673.40766739565,3577
4673.94551131545,3578
4674.34813126234,3579
4674.29869002655,3580
4674.29869002655,3581
4674.34813126234,3582
4673.8910226309,3583
4673,3584
4672.05448868455,3585
4671.40766739565,3586
4671.29869002655,3587
4671.45710863144,3588
4671.5973800531,3589
4672.1089773691,3590
4672.8910226309,3591
4673.2936425778,3592
4673,3593
4672.7063574222,3594
4673.1089773691,3595
4673.8910226309,3596
4674.40261994689,3597
4674.59738005311,3598
4675,3599
4675.2936425778,3600
4675,3601
4674.7063574222,3602
4675.1089773691,3603
4675.94551131545,3604
4676.70130997345,3605
4677.244201342,3606
4677.6468212889,3607
4677.6468212889,3608
4677.244201342,3609
4676.81028734255,3610
4676.54289136856,3611
4676.51159731599,3612
4676.48840268401,3613
4676.40261994689,3614
4676,3615
4675.59738005311,3616
4675.40261994689,3617
4674.94551131545,3618
4674.29869002655,3619
4673.81028734255,3620
4673.65186873766,3621
4674,3622
4674.40261994689,3623
4674.59738005311,3624
4675.1089773691,3625
4675.8910226309,3626
4676.34813126234,3627
4676.29869002655,3628
4676.29869002655,3629
4676.34813126234,3630
4675.8910226309,3631
4675.1089773691,3632
4674.7063574222,3633
4675.1089773691,3634
4675.8910226309,3635
4676.40261994689,3636
4676.54289136856,3637
4676.81028734255,3638
4677.18971265745,3639
4677.34813126234,3640
4677,3641
4676.59738005311,3642
4676.40261994689,3643
4676,3644
4675.7063574222,3645
4676,3646
4676.29364257779,3647
4676,3648
4675.65186873766,3649
4675.755798658,3650
4675.8910226309,3651
4675.755798658,3652
4675.65186873765,3653
4676.1089773691,3654
4677,3655
4677.8910226309,3656
4678.2936425778,3657
4678,3658
4677.7063574222,3659
4678.1089773691,3660
4678.8910226309,3661
4679.34813126234,3662
4679.244201342,3663
4679.05448868455,3664
4679.05448868455,3665
4679.3531787111,3666
4680.05448868455,3667
4681,3668
4682,3668.94551131545
4683,3669.70130997345
4683.94551131545,3670.29869002655
4684.6468212889,3671.05448868455
4685,3672
4685.3531787111,3673
4686.05448868455,3674
4686.94551131545,3675
4687.6468212889,3676
4688,3677
4688.3531787111,3678
4689.05448868455,3679
4690,3679.94551131545
4691,3680.70130997345
4692,3681.29869002655
4693,3682.05448868455
4694,3683
4694.94551131545,3684
4695.70130997345,3685
4696.244201342,3686
4696.6468212889,3687
4696.70130997345,3688
4696.59738005311,3689
4696.70130997345,3690
4696.6468212889,3691
4696.3531787111,3692
4696.3531787111,3693
4696.755798658,3694
4697.244201342,3695
4697.755798658,3696
4698.244201342,3697
4698.755798658,3698
4699.18971265745,3699
4699.45710863144,3700
4699.54289136856,3701
4699.81028734255,3702
4700.29869002655,3703
4701.05448868455,3704
4702,3705
4702.94551131545,3706
4703.70130997345,3707
4704.244201342,3708
4704.755798658,3709
4705.244201342,3710
4705.70130997345,3711
4705.8910226309,3712
4705.755798658,3713
4705.65186873765,3714
4706,3715
4706.34813126234,3716
4706.29869002655,3717
4706.40766739565,3717.94551131545
4707.05448868455,3718.70130997345
4708,3719.29869002655
4708.94551131545,3720.05448868455
4709.70130997345,3721
4710.29869002655,3721.94551131545
4711.05448868455,3722.70130997345
4712,3723.29869002655
4713,3724.05448868455
4714,3725
4714.8910226309,3726
4715.40261994689,3727
4715.48840268401,3728
4715.45710863144,3729
4715.29869002655,3730
4715.40766739565,3731
4715.94551131545,3732
4716.40261994689,3733
4716.48840268401,3734
4716.51159731599,3735
4716.54289136856,3736
4716.70130997345,3737
4716.70130997345,3738
4716.59738005311,3739
4716.81028734255,3740
4717.18971265745,3741
4717.45710863144,3742
4717.59738005311,3743
4718.05448868455,3744
4718.6468212889,3745
4719,3746
4719.244201342,3747
4719.45710863144,3748
4719.59738005311,3749
4720.1089773691,3750
4721,3750.94551131545
4722,3751.70130997345
4722.8910226309,3752.29869002655
4723.40261994689,3753.05448868455
4723.54289136856,3754
4723.81028734255,3755
4724.29869002655,3756
4725,3757
4725.6468212889,3758
4725.94551131545,3759
4726,3760
4725.94551131545,3761
4725.70130997345,3761.94551131545
4725.29869002655,3762.6468212889
4725.36670941246,3769.24219075386
4731.56529854199,3806.43372553103
4731.56529854199,3812.63231466056
4731.56529854199,3818.83090379009
4731.56529854199,3825.02949291962
4737.76388767152,3831.22808204915
4737.76388767152,3837.42667117868
4737.76388767152,3843.62526030821
4737.76388767152,3849.82384943774
4743.96247680105,3849.82384943774
4743.96247680105,3856.02243856727
4743.96247680105,3868.41961682633
4743.96247680105,3874.61820595585
4743.96247680105,3880.81679508538
4750.16106593058,3893.21397334444
4750.16106593058,3899.41256247397
4750.16106593058,3905.6111516035
4756.35965506011,3918.00832986256
4756.35965506011,3936.60409725115
4762.55824418964,3949.00127551021
4762.55824418964,3961.39845376927
4768.75683331917,3973.79563202832
4768.75683331917,3979.99422115785
4774.9554224487,3986.19281028738
4774.9554224487,3992.39139941691
4781.15401157823,3998.58998854644
4781.15401157823,4004.78857767597
4793.55118983728,4041.98011245315
4793.55118983728,4048.17870158268
4799.74977896681,4054.37729071221
4799.74977896681,4060.57587984174
4805.94836809634,4066.77446897126
4805.94836809634,4072.97305810079
4805.94836809634,4079.17164723032
4812.14695722587,4085.37023635985
4812.14695722587,4091.56882548938
4818.3455463554,4097.76741461891
4818.3455463554,4103.96600374844
4824.54413548493,4110.16459287797
4824.54413548493,4116.3631820075
4830.74272461446,4122.56177113703
4830.74272461446,4128.76036026656
4836.94131374399,4134.95894939609
4836.94131374399,4141.15753852562
4843.13990287352,4153.55471678468
4849.33849200305,4159.75330591421
4849.33849200305,4165.95189504374
4855.53708113258,4178.34907330279
4855.53708113258,4184.54766243232
4861.73567026211,4190.74625156185
4861.73567026211,4196.94484069138
4867.93425939164,4203.14342982091
4867.93425939164,4209.34201895044
4874.13284852117,4215.54060807997
4880.3314376507,4221.7391972095
4880.3314376507,4227.93778633903
4886.53002678022,4234.13637546856
4892.72861590975,4234.13637546856
4892.72861590975,4240.33496459809
4898.92720503928,4246.53355372762
4905.12579416881,4252.73214285715
4911.32438329834,4258.93073198667
4917.52297242787,4265.1293211162
4923.7215615574,4271.32791024573
4929.92015068693,4277.52649937526
4942.31732894599,4283.72508850479
4948.51591807552,4289.92367763432
4954.71450720505,4302.32085589338
4960.91309633458,4308.51944502291
4973.31027459364,4320.91662328197
5016.70039850034,4351.90956892962
5053.89193327752,4382.90251457726
5066.28911153658,4395.29969283632
5072.48770066611,4401.49828196585
5078.68628979563,4401.49828196585
5084.88487892516,4407.69687109538
5091.08346805469,4407.69687109538
5097.28205718422,4413.89546022491
5103.48064631375,4413.89546022491
5109.67923544328,4420.09404935444
5115.87782457281,4426.29263848397
5122.07641370234,4426.29263848397
5128.27500283187,4426.29263848397
5128.27500283187,4432.4912276135
5134.4735919614,4432.4912276135
5134.4735919614,4438.68981674303
5140.67218109093,4438.68981674303
5146.87077022046,4444.88840587256
5153.06935934999,4444.88840587256
5165.46653760905,4451.08699500209
5165.46653760905,4451.08699500209
5166.05448868455,4452.3531787111
5166.3531787111,4453
5167.05448868455,4453.6468212889
5168,4453.8910226309
5169,4453.755798658
5170,4453.54289136856
5171,4453.51159731599
5172,4453.54289136856
5173,4453.81028734255
5174,4454.244201342
5175,4454.6468212889
5176,4454.70130997345
5177,4454.65186873765
5178,4455.1089773691
5179,4456
5180,4457
5181,4458
5182,4459
5183,4460
5184,4461
5185,4462
5186,4462.94551131545
5187,4463.6468212889
5188,4464
5189,4464.3531787111
5190,4465.05448868455
5191,4466
5191.94551131545,4467
5192.70130997345,4468
5193.29869002655,4468.94551131545
5194.05448868455,4469.59233260435
5195,4469.70130997345
5196,4469.5973800531
5197,4469.81028734255
5198,4470.29869002655
5199,4471.05448868455
5200,4472
5201,4473
5202,4474
5203,4475
5204,4476
5205,4476.94551131545
5206,4477.70130997345
5207,4478.29869002655
5208,4478.94551131545
5209,4479.2936425778
5210,4478.8910226309
5211,4478
5212,4477.05448868455
5213,4476.3531787111
5213.94551131545,4476.05448868455
5214.6468212889,4476
