5866.24203821656,4617.83439490446
6222.92993630573,796.178343949043
6210.19108280255,796.178343949043
6197.45222929936,796.178343949043
6184.71337579618,796.178343949043
6171.97452229299,796.178343949043
6159.23566878981,796.178343949043
6146.49681528662,796.178343949043
6133.75796178344,796.178343949043
6121.01910828025,796.178343949043
6108.28025477707,796.178343949043
6095.54140127389,796.178343949043
6082.8025477707,796.178343949043
6070.06369426752,796.178343949043
6057.32484076433,796.178343949043
6044.58598726115,796.178343949043
6031.84713375796,796.178343949043
6019.10828025478,796.178343949043
6006.36942675159,796.178343949043
5993.63057324841,796.178343949043
5993.63057324841,783.439490445857
5980.89171974522,783.439490445857
5968.15286624204,783.439490445857
5955.41401273885,783.439490445857
5942.67515923567,783.439490445857
5929.93630573248,783.439490445857
5904.45859872611,783.439490445857
5878.98089171974,783.439490445857
5866.24203821656,783.439490445857
5853.50318471338,783.439490445857
5840.76433121019,783.439490445857
5828.02547770701,783.439490445857
5815.28662420382,783.439490445857
5789.80891719745,783.439490445857
5777.07006369427,783.439490445857
5738.85350318471,783.439490445857
5726.11464968153,783.439490445857
5700.63694267516,783.439490445857
5675.15923566879,783.439490445857
5662.4203821656,783.439490445857
5649.68152866242,783.439490445857
5636.94267515924,783.439490445857
5624.20382165605,783.439490445857
5611.46496815287,783.439490445857
5598.72611464968,783.439490445857
5573.24840764331,783.439490445857
5547.77070063694,783.439490445857
5535.03184713376,783.439490445857
5522.29299363057,783.439490445857
5509.55414012739,783.439490445857
5496.8152866242,783.439490445857
5484.07643312102,783.439490445857
5471.33757961783,783.439490445857
5458.59872611465,783.439490445857
5445.85987261147,783.439490445857
5433.12101910828,783.439490445857
5407.64331210191,783.439490445857
5394.90445859873,783.439490445857
5382.16560509554,783.439490445857
5369.42675159236,770.700636942673
5356.68789808917,770.700636942673
5331.2101910828,770.700636942673
5318.47133757962,770.700636942673
5305.73248407643,770.700636942673
5280.25477707006,770.700636942673
5267.51592356688,770.700636942673
5254.77707006369,770.700636942673
5242.03821656051,770.700636942673
5229.29936305732,770.700636942673
5216.56050955414,770.700636942673
5203.82165605096,770.700636942673
5191.08280254777,770.700636942673
5165.6050955414,770.700636942673
5152.86624203822,770.700636942673
5127.38853503185,770.700636942673
5101.91082802548,770.700636942673
5089.17197452229,770.700636942673
5076.43312101911,770.700636942673
5063.69426751592,770.700636942673
5050.95541401274,770.700636942673
5038.21656050955,770.700636942673
5025.47770700637,770.700636942673
5012.73885350318,770.700636942673
4987.26114649682,770.700636942673
4961.78343949045,770.700636942673
4949.04458598726,770.700636942673
4936.30573248408,770.700636942673
4910.82802547771,770.700636942673
4898.08917197452,770.700636942673
4885.35031847134,770.700636942673
4872.61146496815,770.700636942673
4859.87261146497,770.700636942673
4847.13375796178,770.700636942673
4821.65605095541,770.700636942673
4808.91719745223,770.700636942673
4796.17834394904,770.700636942673
4783.43949044586,770.700636942673
4770.70063694267,770.700636942673
4757.96178343949,770.700636942673
4745.22292993631,770.700636942673
4719.74522292994,770.700636942673
4707.00636942675,770.700636942673
4694.26751592357,770.700636942673
4681.52866242038,770.700636942673
4668.7898089172,770.700636942673
4656.05095541401,783.439490445857
4643.31210191083,783.439490445857
4630.57324840764,783.439490445857
4605.09554140127,783.439490445857
4579.6178343949,783.439490445857
4566.87898089172,783.439490445857
4554.14012738853,783.439490445857
4541.40127388535,796.178343949043
4515.92356687898,796.178343949043
4503.1847133758,796.178343949043
4490.44585987261,796.178343949043
4477.70700636943,808.917197452227
4464.96815286624,808.917197452227
4452.22929936306,808.917197452227
4439.49044585987,808.917197452227
4439.49044585987,821.656050955411
4414.0127388535,821.656050955411
4401.27388535032,834.394904458597
4375.79617834395,834.394904458597
4363.05732484076,834.394904458597
4350.31847133758,834.394904458597
4337.5796178344,847.133757961781
4324.84076433121,847.133757961781
4312.10191082803,847.133757961781
4299.36305732484,847.133757961781
4286.62420382166,859.872611464965
4273.88535031847,859.872611464965
4261.14649681529,859.872611464965
4248.4076433121,859.872611464965
4235.66878980892,859.872611464965
4222.92993630573,859.872611464965
4210.19108280255,872.611464968151
4197.45222929936,872.611464968151
4184.71337579618,872.611464968151
4171.97452229299,872.611464968151
4159.23566878981,872.611464968151
4146.49681528662,885.350318471335
4133.75796178344,885.350318471335
4121.01910828025,885.350318471335
4108.28025477707,898.08917197452
4095.54140127389,898.08917197452
4082.8025477707,910.828025477706
4070.06369426752,910.828025477706
4057.32484076433,923.56687898089
4044.58598726115,923.56687898089
4031.84713375796,923.56687898089
4031.84713375796,936.305732484074
4006.36942675159,949.044585987258
3993.63057324841,949.044585987258
3993.63057324841,961.783439490444
3980.89171974522,961.783439490444
3980.89171974522,974.522292993628
3955.41401273885,987.261146496812
3942.67515923567,987.261146496812
3929.93630573248,999.999999999998
3917.1974522293,1012.73885350318
3904.45859872611,1012.73885350318
3891.71974522293,1025.47770700637
3878.98089171974,1038.21656050955
3866.24203821656,1050.95541401274
3853.50318471338,1063.69426751592
3840.76433121019,1063.69426751592
3815.28662420382,1089.17197452229
3802.54777070064,1101.91082802547
3789.80891719745,1114.64968152866
3777.07006369427,1114.64968152866
3764.33121019108,1127.38853503185
3751.5923566879,1140.12738853503
3738.85350318471,1140.12738853503
3738.85350318471,1152.86624203821
3713.37579617834,1165.6050955414
3700.63694267516,1178.34394904458
3687.89808917198,1178.34394904458
3675.15923566879,1191.08280254777
3662.42038216561,1203.82165605095
3649.68152866242,1203.82165605095
3636.94267515924,1203.82165605095
3636.94267515924,1216.56050955414
3624.20382165605,1216.56050955414
3611.46496815287,1229.29936305732
3598.72611464968,1229.29936305732
3585.9872611465,1242.03821656051
3573.24840764331,1242.03821656051
3573.24840764331,1254.77707006369
3560.50955414013,1254.77707006369
3547.77070063694,1267.51592356688
3535.03184713376,1280.25477707006
3522.29299363057,1280.25477707006
3509.55414012739,1292.99363057325
3496.8152866242,1305.73248407643
3484.07643312102,1305.73248407643
3471.33757961783,1318.47133757962
3458.59872611465,1318.47133757962
3445.85987261146,1331.2101910828
3420.38216560509,1356.68789808917
3382.16560509554,1382.16560509554
3369.42675159236,1394.90445859872
3356.68789808917,1394.90445859872
3343.94904458599,1407.64331210191
3331.2101910828,1420.38216560509
3318.47133757962,1420.38216560509
3318.47133757962,1433.12101910828
3305.73248407643,1445.85987261146
3292.99363057325,1458.59872611465
3280.25477707006,1471.33757961783
3254.77707006369,1484.07643312102
3242.03821656051,1496.8152866242
3229.29936305732,1496.8152866242
3229.29936305732,1509.55414012739
3216.56050955414,1522.29299363057
3203.82165605096,1522.29299363057
3191.08280254777,1535.03184713376
3178.34394904459,1547.77070063694
3165.6050955414,1560.50955414012
3152.86624203822,1573.24840764331
3127.38853503185,1585.98726114649
3127.38853503185,1598.72611464968
3114.64968152866,1611.46496815286
3101.91082802548,1624.20382165605
3089.17197452229,1624.20382165605
3076.43312101911,1636.94267515923
3063.69426751592,1649.68152866242
3050.95541401274,1649.68152866242
3038.21656050955,1662.4203821656
3025.47770700637,1675.15923566879
3012.73885350318,1675.15923566879
3012.73885350318,1687.89808917197
3000,1687.89808917197
2974.52229299363,1700.63694267516
2961.78343949045,1713.37579617834
2949.04458598726,1713.37579617834
2936.30573248408,1726.11464968153
2923.56687898089,1738.85350318471
2910.82802547771,1738.85350318471
2898.08917197452,1751.5923566879
2885.35031847134,1751.5923566879
2885.35031847134,1764.33121019108
2872.61146496815,1764.33121019108
2859.87261146497,1777.07006369427
2847.13375796178,1777.07006369427
2834.3949044586,1789.80891719745
2821.65605095541,1789.80891719745
2808.91719745223,1802.54777070064
2796.17834394904,1802.54777070064
2783.43949044586,1815.28662420382
2783.43949044586,1828.025477707
2770.70063694267,1828.025477707
2757.96178343949,1840.76433121019
2745.2229299363,1853.50318471337
2732.48407643312,1866.24203821656
2719.74522292994,1866.24203821656
2707.00636942675,1878.98089171974
2694.26751592357,1891.71974522293
2694.26751592357,1904.45859872611
2681.52866242038,1917.1974522293
2668.7898089172,1917.1974522293
2656.05095541401,1929.93630573248
2643.31210191083,1942.67515923567
2630.57324840764,1955.41401273885
2630.57324840764,1968.15286624204
2617.83439490446,1968.15286624204
2605.09554140127,1980.89171974522
2592.35668789809,1993.63057324841
2592.35668789809,2006.36942675159
2579.6178343949,2006.36942675159
2579.6178343949,2019.10828025478
2566.87898089172,2019.10828025478
2554.14012738853,2031.84713375796
2554.14012738853,2044.58598726114
2541.40127388535,2044.58598726114
2528.66242038216,2057.32484076433
2515.92356687898,2070.06369426751
2503.18471337579,2082.8025477707
2477.70700636943,2095.54140127388
2464.96815286624,2095.54140127388
2452.22929936306,2108.28025477707
2439.49044585987,2121.01910828025
2426.75159235669,2133.75796178344
2414.0127388535,2146.49681528662
2401.27388535032,2146.49681528662
2388.53503184713,2159.23566878981
2375.79617834395,2171.97452229299
2350.31847133758,2197.45222929936
2337.57961783439,2210.19108280255
2324.84076433121,2222.92993630573
2312.10191082803,2222.92993630573
2312.10191082803,2235.66878980891
2299.36305732484,2235.66878980891
2299.36305732484,2248.4076433121
2286.62420382166,2261.14649681528
2273.88535031847,2261.14649681528
2273.88535031847,2273.88535031847
2261.14649681528,2273.88535031847
2261.14649681528,2286.62420382165
2248.4076433121,2286.62420382165
2235.66878980892,2299.36305732484
2222.92993630573,2312.10191082802
2210.19108280255,2312.10191082802
2197.45222929936,2324.84076433121
2184.71337579618,2337.57961783439
2171.97452229299,2350.31847133758
2159.23566878981,2350.31847133758
2159.23566878981,2363.05732484076
2133.75796178344,2375.79617834395
2108.28025477707,2401.27388535032
2095.54140127388,2414.0127388535
2082.8025477707,2426.75159235669
2070.06369426752,2439.49044585987
2057.32484076433,2452.22929936306
2044.58598726115,2452.22929936306
2044.58598726115,2464.96815286624
2031.84713375796,2477.70700636942
2019.10828025478,2477.70700636942
2019.10828025478,2490.44585987261
2006.36942675159,2503.18471337579
1993.63057324841,2515.92356687898
1993.63057324841,2528.66242038216
1980.89171974522,2528.66242038216
1980.89171974522,2541.40127388535
1968.15286624204,2554.14012738853
1968.15286624204,2566.87898089172
1955.41401273885,2592.35668789809
1955.41401273885,2605.09554140127
1942.67515923567,2605.09554140127
1942.67515923567,2617.83439490446
1929.93630573248,2630.57324840764
1929.93630573248,2643.31210191083
1917.1974522293,2643.31210191083
1917.1974522293,2656.05095541401
1904.45859872611,2681.52866242038
1904.45859872611,2694.26751592356
1891.71974522293,2694.26751592356
1878.98089171974,2707.00636942675
1878.98089171974,2719.74522292993
1866.24203821656,2732.48407643312
1866.24203821656,2732.48407643312
1864.94551131545,2733.3531787111
1864.6468212889,2734.05448868455
1863.94551131545,2735
1863,2736
1862,2737
1861,2737.94551131545
1860,2738.70130997345
1859,2739.29869002655
1858,2740.05448868455
1857,2741
1856,2742
1855,2743
1854,2744
1853,2745
1852,2745.94551131545
1851,2746.70130997345
1850,2747.244201342
1849,2747.755798658
1848.1089773691,2748.29869002655
1847.59738005311,2749.05448868455
1847.40261994689,2750
1846.8910226309,2751
1846,2752
1845,2753
1844,2754
1843,2755
1842,2756
1841,2757
1840,2758
1839,2759
1838,2760
1837,2760.94551131545
1836,2761.70130997345
1835,2762.29869002655
1834.05448868455,2763.05448868455
1833.29869002655,2764
1832.755798658,2765
1832.244201342,2766
1831.755798658,2767
1831.244201342,2768
1830.755798658,2769
1830.244201342,2770
1829.70130997345,2771
1828.94551131545,2772
1828,2773
1827,2774
1826,2774.94551131545
1825.05448868455,2775.70130997345
1824.29869002655,2776.29869002655
1823.70130997345,2777.05448868455
1822.94551131545,2778
1822,2778.94551131545
1821,2779.70130997345
1820,2780.244201342
1819,2780.755798658
1818,2781.29869002655
1817.05448868455,2782.05448868455
1816.29869002655,2783
1815.70130997345,2784
1814.94551131545,2785
1814.05448868455,2786
1813.40766739565,2787
1813.3531787111,2788
1813.6468212889,2789
1813.59233260435,2790
1813.05448868455,2791
1812.59738005311,2792
1812.40261994689,2792.94551131545
1811.8910226309,2793.70130997345
1811,2794.29869002655
1810.05448868455,2795.05448868455
1809.29869002655,2796
1808.70130997345,2797
1807.94551131545,2798
1807,2799
1806,2799.94551131545
1805,2800.70130997345
1804,2801.29869002655
1803,2802.05448868455
1802,2803
1801,2803.94551131545
1800,2804.70130997345
1799,2805.244201342
1798,2805.755798658
1797,2806.29869002655
1796,2807.05448868455
1795,2808
1794.05448868455,2809
1793.40766739565,2810
1793.29869002655,2811
1793.34813126234,2812
1792.8910226309,2813
1792,2814
1791,2815
1790,2816
1789.05448868455,2817
1788.29869002655,2818
1787.70130997345,2819
1786.94551131545,2819.94551131545
1786,2820.70130997345
1785,2821.29869002655
1784,2822.05448868455
1783,2823
1782,2824
1781,2825
1780,2826
1779.05448868455,2827
1778.29869002655,2828
1777.70130997345,2829
1777.05448868455,2830
1776.65186873766,2831
1776.70130997345,2832
1776.59233260435,2833
1775.94551131545,2833.94551131545
1775,2834.70130997345
1774,2835.29869002655
1773,2836.05448868455
1772.1089773691,2837
1771.59738005311,2838
1771.40261994689,2839
1770.8910226309,2839.94551131545
1770,2840.70130997345
1769,2841.244201342
1768,2841.70130997345
1767,2842
1766,2842.3531787111
1765,2843.05448868455
1764.1089773691,2844
1763.59738005311,2845
1763.45710863144,2846
1763.18971265745,2847
1762.70130997345,2848
1762,2849
1761.29869002655,2850
1760.81028734255,2851
1760.54289136856,2852
1760.40261994689,2852.94551131545
1759.8910226309,2853.70130997345
1759,2854.29869002655
1758,2855.05448868455
1757,2856
1756.05448868455,2857
1755.29869002655,2858
1754.70130997345,2859
1753.94551131545,2860
1753,2861
1752,2862
1751.05448868455,2863
1750.29869002655,2864
1749.70130997345,2865
1748.94551131545,2866
1748,2866.94551131545
1747,2867.70130997345
1746,2868.29869002655
1745,2869
1744.05448868455,2869.70130997345
1743.29869002655,2870.29869002655
1742.70130997345,2871.05448868455
1742,2872
1741.29869002655,2873
1740.70130997345,2874
1739.94551131545,2875
1739.05448868455,2876
1738.29869002655,2877
1737.70130997345,2878
1736.94551131545,2879
1736,2879.94551131545
1735,2880.70130997345
1734.05448868455,2881.29869002655
1733.29869002655,2882.05448868455
1732.81028734255,2883
1732.54289136856,2884
1732.40261994689,2885
1731.8910226309,2885.94551131545
1731,2886.70130997345
1730.1089773691,2887.29869002655
1729.59738005311,2888.05448868455
1729.40261994689,2889
1728.94551131545,2890
1728.29869002655,2891
1727.81028734255,2892
1727.54289136856,2893
1727.40261994689,2894
1726.8910226309,2894.94551131545
1726.1089773691,2895.70130997345
1725.59738005311,2896.29869002655
1725.40261994689,2897.05448868455
1724.94551131545,2898
1724.29869002655,2899
1723.81028734255,2900
1723.54289136856,2901
1723.40261994689,2902
1722.8910226309,2903
1722,2904
1721,2904.94551131545
1720,2905.70130997345
1719,2906.29869002655
1718.05448868455,2907.05448868455
1717.3531787111,2908
1717.05448868455,2909
1717.05448868455,2910
1717.3531787111,2911
1717.94551131545,2912
1718.29364257779,2913
1717.8910226309,2914
1717.05448868455,2915
1716.29869002655,2916
1715.81028734255,2917
1715.54289136856,2918
1715.40261994689,2918.94551131545
1714.8910226309,2919.70130997345
1714.05448868455,2920.29869002655
1713.29869002655,2921.05448868455
1712.81028734255,2922
1712.59738005311,2922.94551131545
1712.755798658,2923.6468212889
1713.37579617834,2936.30573248407
1700.63694267516,2949.04458598726
1687.89808917197,2961.78343949044
1687.89808917197,2974.52229299363
1675.15923566879,2987.26114649681
1675.15923566879,3000
1662.4203821656,3012.73885350318
1662.4203821656,3025.47770700637
1649.68152866242,3050.95541401274
1636.94267515923,3063.69426751592
1624.20382165605,3089.17197452229
1611.46496815287,3114.64968152866
1585.9872611465,3140.12738853503
1585.9872611465,3152.86624203822
1573.24840764331,3165.6050955414
1560.50955414013,3178.34394904458
1547.77070063694,3191.08280254777
1547.77070063694,3203.82165605095
1547.77070063694,3216.56050955414
1535.03184713376,3229.29936305732
1522.29299363057,3254.77707006369
1522.29299363057,3267.51592356688
1509.55414012739,3292.99363057325
1509.55414012739,3305.73248407643
1496.8152866242,3331.2101910828
1484.07643312102,3343.94904458599
1484.07643312102,3356.68789808917
1471.33757961783,3369.42675159235
1471.33757961783,3382.16560509554
1458.59872611465,3382.16560509554
1458.59872611465,3394.90445859872
1445.85987261146,3407.64331210191
1445.85987261146,3433.12101910828
1433.12101910828,3445.85987261146
1433.12101910828,3458.59872611465
1433.12101910828,3471.33757961783
1420.38216560509,3484.07643312102
1420.38216560509,3496.8152866242
1407.64331210191,3509.55414012739
1407.64331210191,3535.03184713376
1394.90445859872,3547.77070063694
1394.90445859872,3573.24840764331
1382.16560509554,3585.9872611465
1382.16560509554,3598.72611464968
1369.42675159236,3598.72611464968
1369.42675159236,3611.46496815286
1356.68789808917,3624.20382165605
1356.68789808917,3636.94267515923
1356.68789808917,3649.68152866242
1343.94904458599,3662.4203821656
1331.2101910828,3675.15923566879
1331.2101910828,3687.89808917197
1331.2101910828,3700.63694267516
1318.47133757962,3713.37579617834
1318.47133757962,3726.11464968153
1305.73248407643,3738.85350318471
1305.73248407643,3751.5923566879
1305.73248407643,3764.33121019108
1305.73248407643,3777.07006369427
1292.99363057325,3789.80891719745
1292.99363057325,3802.54777070063
1292.99363057325,3815.28662420382
1292.99363057325,3840.76433121019
1280.25477707006,3866.24203821656
1280.25477707006,3878.98089171974
1267.51592356688,3891.71974522293
1267.51592356688,3917.1974522293
1254.77707006369,3942.67515923567
1254.77707006369,3980.89171974522
1242.03821656051,4006.36942675159
1242.03821656051,4031.84713375796
1242.03821656051,4057.32484076433
1229.29936305732,4057.32484076433
1229.29936305732,4070.06369426751
1229.29936305732,4082.8025477707
1229.29936305732,4095.54140127388
1229.29936305732,4108.28025477707
1229.29936305732,4133.75796178344
1229.29936305732,4146.49681528662
1229.29936305732,4159.23566878981
1229.29936305732,4184.71337579618
1229.29936305732,4197.45222929936
1229.29936305732,4222.92993630573
1229.29936305732,4235.66878980892
1229.29936305732,4248.4076433121
1229.29936305732,4273.88535031847
1229.29936305732,4286.62420382165
1229.29936305732,4299.36305732484
1229.29936305732,4324.84076433121
1229.29936305732,4337.57961783439
1229.29936305732,4363.05732484076
1229.29936305732,4388.53503184713
1229.29936305732,4414.0127388535
1229.29936305732,4426.75159235669
1229.29936305732,4439.49044585987
1229.29936305732,4452.22929936306
1229.29936305732,4464.96815286624
1229.29936305732,4477.70700636943
1229.29936305732,4477.70700636943
1229.3531787111,4479.3531787111
1229.94551131545,4480.05448868455
1230.29364257779,4481
1230,4482
1229.65186873766,4483
1229.755798658,4484
1229.8910226309,4485
1229.6468212889,4486
1228.94551131545,4487
1228,4488
1227.05448868455,4489
1226.29869002655,4490
1225.70130997345,4491
1224.94551131545,4492
1224,4493
1223.1089773691,4494
1222.7063574222,4495
1223.1089773691,4496
1223.94551131545,4497
1224.59233260435,4498
1224.6468212889,4499
1224.244201342,4500
1223.81028734255,4501
1223.65186873766,4502
1224.1089773691,4503
1225,4504
1226,4505
1227,4506
1228,4507
1229,4507.94551131545
1229.94551131545,4508.70130997345
1230.70130997345,4509.29869002655
1231.29869002655,4510.05448868455
1232.05448868455,4511
1233,4512
1234,4513
1234.8910226309,4514
1235.40261994689,4515
1235.59738005311,4516
1236,4517
1236.29364257779,4518
1236,4519
1235.59738005311,4520
1235.51159731599,4521
1235.54289136856,4522
1235.81028734255,4523
1236.29869002655,4524
1237,4525
1237.59233260435,4526
1237.70130997345,4527
1237.65186873766,4528
1238,4529
1238.29364257779,4530
1238,4531
1237.7063574222,4532
1238.1089773691,4533
1238.8910226309,4534
1239.34813126234,4535
1239.29869002655,4536
1239.29869002655,4537
1239.34813126234,4538
1239,4539
1238.59738005311,4540
1238.40261994689,4541
1238,4542
1237.7063574222,4543
1238.1089773691,4544
1239,4545
1239.8910226309,4546
1240.40261994689,4547
1240.48840268401,4548
1240.40261994689,4549
1239.8910226309,4550
1239,4551
1238.1089773691,4552
1237.7063574222,4553
1238.1089773691,4554
1239,4555
1240,4556
1240.94551131545,4557
1241.6468212889,4558
1241.94551131545,4559
1242.05448868455,4560
1242.3531787111,4561
1242.94551131545,4562
1243.40261994689,4563
1243.48840268401,4564
1243.51159731599,4565
1243.48840268401,4566
1243.40261994689,4567
1242.94551131545,4568
1242.40766739565,4569
1242.3531787111,4570
1242.755798658,4571
1243.244201342,4572
1243.755798658,4573
1244.29869002655,4574
1245.05448868455,4575
1246,4576
1247,4577
1247.94551131545,4578
1248.70130997345,4579
1249.18971265745,4580
1249.45710863144,4581
1249.54289136856,4582
1249.81028734255,4583
1250.29869002655,4584
1251,4585
1251.59233260435,4586
1251.70130997345,4587
1251.54289136856,4588
1251.51159731599,4589
1251.48840268401,4590
1251.51159731599,4591
1251.54289136856,4592
1251.70130997345,4593
1251.70130997345,4594
1251.65186873766,4595
1252.1089773691,4596
1252.8910226309,4597
1253.29364257779,4598
1253,4599
1252.7063574222,4600
1253,4601
1253.34813126234,4602
1253.18971265745,4603
1252.81028734255,4604
1252.65186873766,4605
1253.05448868455,4606
1253.70130997345,4607
1254.244201342,4608
1254.6468212889,4609
1254.59233260435,4610
1254.05448868455,4611
1253.65186873766,4612
1253.755798658,4613
1253.94551131545,4614
1254.05448868455,4615
1254.3531787111,4616
1255.05448868455,4617
1255.94551131545,4618
1256.70130997345,4619
1257.244201342,4620
1257.6468212889,4621
1257.59233260435,4622
1256.94551131545,4623
1256.1089773691,4624
1255.7063574222,4625
1256,4626
1256.34813126234,4627
1256.18971265745,4628
1255.81028734255,4629
1255.54289136856,4630
1255.51159731599,4631
1255.48840268401,4632
1255.51159731599,4633
1255.59738005311,4634
1256.05448868455,4635
1256.70130997345,4636
1257.18971265745,4637
1257.34813126234,4638
1256.94551131545,4639
1256.29869002655,4640
1255.755798658,4641
1255.244201342,4642
1254.70130997345,4642.94551131545
1253.94551131545,4643.70130997345
1253.1089773691,4644.29869002655
1252.59738005311,4645.05448868455
1252.45710863144,4646
1252.29869002655,4647
1252.29869002655,4648
1252.34813126234,4649
1251.8910226309,4650
1251.1089773691,4651
1250.7063574222,4652
1251.05448868455,4653
1251.6468212889,4654
1251.8910226309,4655
1251.755798658,4656
1251.54289136856,4657
1251.45710863144,4658
1251.18971265745,4659
1250.70130997345,4660
1249.94551131545,4661
1249.05448868455,4662
1248.40766739565,4663
1248.29869002655,4664
1248.45710863144,4665
1248.59738005311,4666
1249.1089773691,4667
1249.8910226309,4668
1250.29364257779,4669
1249.94551131545,4670
1249.29869002655,4671
1248.755798658,4672
1248.244201342,4673
1247.81028734255,4674
1247.65186873766,4675
1248,4676
1248.29364257779,4677
1248,4678
1247.7063574222,4679
1248.05448868455,4680
1248.6468212889,4681
1248.8910226309,4682
1248.6468212889,4683
1248.05448868455,4684
1247.59738005311,4685
1247.51159731599,4686
1247.54289136856,4687
1247.81028734255,4688
1248.29869002655,4688.94551131545
1249.05448868455,4689.70130997345
1249.8910226309,4690.29869002655
1250.34813126234,4691.05448868455
1250.244201342,4692
1250.05448868455,4693
1249.94551131545,4694
1249.755798658,4695
1249.59738005311,4696
1249.81028734255,4697
1250.244201342,4698
1250.755798658,4699
1251.29869002655,4700
1251.94551131545,4701
1252.2936425778,4702
1251.8910226309,4703
1251.05448868455,4704
1250.29869002655,4705
1249.70130997345,4706
1249,4707
1248.40766739565,4708
1248.3531787111,4709
1248.6468212889,4710
1248.6468212889,4711
1248.3531787111,4712
1248.29869002655,4713
1248.45710863144,4714
1248.54289136856,4715
1248.70130997345,4716
1248.6468212889,4717
1248.3531787111,4718
1248.3531787111,4719
1248.755798658,4720
1249.29869002655,4721
1250.05448868455,4722
1250.94551131545,4723
1251.70130997345,4724
1252.29869002655,4725
1253.05448868455,4726
1254,4727
1254.94551131545,4728
1255.6468212889,4729
1255.8910226309,4730
1255.755798658,4731
1255.65186873766,4732
1256.1089773691,4733
1257,4733.94551131545
1257.94551131545,4734.70130997345
1258.70130997345,4735.29869002655
1259.29869002655,4736.05448868455
1260.05448868455,4737
1260.94551131545,4738
1261.59233260435,4739
1261.6468212889,4740
1261.3531787111,4741
1261.3531787111,4742
1261.70130997345,4743
1261.8910226309,4744
1261.755798658,4745
1261.65186873766,4746
1262.1089773691,4747
1263,4748
1263.8910226309,4749
1264.40261994689,4750
1264.59738005311,4751
1265.05448868455,4752
1265.59233260435,4753
1265.70130997345,4754
1265.65186873766,4755
1266.1089773691,4756
1267,4757
1268,4758
1269,4759
1270,4760
1271,4761
1271.94551131545,4762
1272.70130997345,4763
1273.29869002655,4764
1273.94551131545,4765
1274.34813126234,4766
1274.29869002655,4767
1274.29869002655,4768
1274.34813126234,4769
1273.8910226309,4770
1273,4771
1272.05448868455,4772
1271.40766739565,4773
1271.3531787111,4774
1271.755798658,4775
1272.18971265745,4776
1272.40261994689,4777
1272.29869002655,4778
1272.40766739565,4779
1272.94551131545,4780
1273.40261994689,4781
1273.59738005311,4782
1274,4783
1274.34813126234,4784
1274.29869002655,4785
1274.40766739565,4785.94551131545
1275.05448868455,4786.70130997345
1276,4787.29869002655
1276.8910226309,4788.05448868455
1277.40261994689,4789
1277.54289136856,4790
1277.81028734255,4791
1278.244201342,4792
1278.755798658,4793
1279.244201342,4794
1279.755798658,4795
1280.18971265745,4796
1280.34813126234,4797
1279.94551131545,4798
1279.29869002655,4799
1278.70130997345,4800
1277.94551131545,4801
1277.1089773691,4802
1276.59738005311,4803
1276.45710863144,4804
1276.244201342,4805
1276.1089773691,4806
1276.244201342,4807
1276.34813126234,4808
1276,4809
1275.65186873766,4810
1275.70130997345,4811
1275.70130997345,4812
1275.65186873766,4813
1276,4814
1276.34813126234,4815
1276.244201342,4816
1276,4817
1275.6468212889,4818
1274.94551131545,4819
1274.1089773691,4820
1273.59738005311,4821
1273.45710863144,4822
1273.29869002655,4823
1273.40766739565,4824
1274,4825
1274.6468212889,4826
1275,4827
1275.244201342,4828
1275.45710863144,4829
1275.54289136856,4830
1275.755798658,4831
1276,4832
1276.3531787111,4833
1277.05448868455,4834
1277.8910226309,4835
1278.40261994689,4836
1278.59738005311,4837
1279,4838
1279.29364257779,4839
1279,4840
1278.65186873766,4841
1278.70130997345,4842
1278.6468212889,4843
1278.244201342,4844
1277.70130997345,4845
1277.05448868455,4846
1276.7063574222,4847
1277.1089773691,4848
1277.94551131545,4849
1278.59233260435,4850
1278.6468212889,4851
1278.244201342,4852
1277.70130997345,4853
1277.05448868455,4854
1276.7063574222,4855
1277.05448868455,4856
1277.70130997345,4857
1278.244201342,4858
1278.755798658,4858.94551131545
1279.244201342,4859.6468212889
1279.70130997345,4859.94551131545
1292.99363057325,4872.61146496815
1305.73248407643,4923.56687898089
1305.73248407643,4987.26114649681
1305.73248407643,5203.82165605095
1305.73248407643,5407.64331210191
1305.73248407643,5433.12101910828
1305.73248407643,5445.85987261146
1305.73248407643,5471.33757961783
1305.73248407643,5484.07643312102
1305.73248407643,5496.8152866242
1305.73248407643,5509.55414012739
1305.73248407643,5522.29299363057
1305.73248407643,5547.77070063694
1305.73248407643,5560.50955414013
1292.99363057325,5573.24840764331
1292.99363057325,5585.9872611465
1292.99363057325,5598.72611464968
1292.99363057325,5611.46496815287
1292.99363057325,5624.20382165605
1292.99363057325,5636.94267515923
1292.99363057325,5649.68152866242
1292.99363057325,5662.4203821656
1292.99363057325,5675.15923566879
1292.99363057325,5700.63694267516
1292.99363057325,5713.37579617834
1292.99363057325,5738.85350318471
1292.99363057325,5751.5923566879
1292.99363057325,5777.07006369426
1292.99363057325,5789.80891719745
1292.99363057325,5802.54777070064
1292.99363057325,5815.28662420382
1292.99363057325,5828.025477707
1292.99363057325,5840.76433121019
1292.99363057325,5853.50318471337
1292.99363057325,5866.24203821656
1292.99363057325,5878.98089171974
1292.99363057325,5891.71974522293
1292.99363057325,5904.45859872611
1292.99363057325,5929.93630573248
1292.99363057325,5942.67515923567
1292.99363057325,5968.15286624204
1292.99363057325,5993.63057324841
1292.99363057325,6019.10828025478
1292.99363057325,6057.32484076433
1292.99363057325,6082.8025477707
1292.99363057325,6108.28025477707
1292.99363057325,6121.01910828025
1292.99363057325,6146.49681528662
1292.99363057325,6159.23566878981
1292.99363057325,6171.97452229299
1292.99363057325,6184.71337579618
1292.99363057325,6197.45222929936
1292.99363057325,6222.92993630573
1305.73248407643,6235.66878980892
1305.73248407643,6261.14649681528
1305.73248407643,6273.88535031847
1305.73248407643,6299.36305732484
1305.73248407643,6312.10191082802
1305.73248407643,6324.84076433121
1318.47133757962,6337.57961783439
1318.47133757962,6363.05732484076
1318.47133757962,6375.79617834395
1318.47133757962,6388.53503184713
1318.47133757962,6401.27388535032
1318.47133757962,6426.75159235669
1318.47133757962,6452.22929936306
1318.47133757962,6464.96815286624
1331.2101910828,6477.70700636943
1331.2101910828,6503.18471337579
1331.2101910828,6528.66242038216
1331.2101910828,6541.40127388535
1343.94904458599,6554.14012738853
1343.94904458599,6579.6178343949
1356.68789808917,6592.35668789809
1369.42675159236,6630.57324840764
1369.42675159236,6643.31210191083
1382.16560509554,6668.7898089172
1382.16560509554,6681.52866242038
1382.16560509554,6694.26751592357
1382.16560509554,6707.00636942675
1394.90445859872,6732.48407643312
1394.90445859872,6745.2229299363
1394.90445859872,6757.96178343949
1394.90445859872,6770.70063694267
1407.64331210191,6783.43949044586
1407.64331210191,6808.91719745223
1407.64331210191,6821.65605095541
1420.38216560509,6834.3949044586
1420.38216560509,6847.13375796178
1420.38216560509,6859.87261146497
1420.38216560509,6885.35031847134
1420.38216560509,6910.82802547771
1420.38216560509,6923.56687898089
1433.12101910828,6923.56687898089
1433.12101910828,6936.30573248408
1433.12101910828,6949.04458598726
1433.12101910828,6961.78343949044
1445.85987261146,6974.52229299363
1445.85987261146,6987.26114649681
1445.85987261146,7000
1458.59872611465,7025.47770700637
1471.33757961783,7038.21656050955
1471.33757961783,7063.69426751592
1471.33757961783,7076.43312101911
1484.07643312102,7089.17197452229
1484.07643312102,7101.91082802548
1484.07643312102,7114.64968152866
1484.07643312102,7127.38853503185
1496.8152866242,7140.12738853503
1496.8152866242,7152.86624203822
1509.55414012739,7165.6050955414
1522.29299363057,7178.34394904458
1522.29299363057,7191.08280254777
1522.29299363057,7203.82165605095
1522.29299363057,7216.56050955414
1535.03184713376,7242.03821656051
1535.03184713376,7254.77707006369
1547.77070063694,7267.51592356688
1547.77070063694,7280.25477707006
1547.77070063694,7292.99363057325
1560.50955414013,7305.73248407643
1560.50955414013,7318.47133757962
1560.50955414013,7331.2101910828
1573.24840764331,7356.68789808917
1573.24840764331,7369.42675159235
1585.9872611465,7382.16560509554
1585.9872611465,7394.90445859872
1585.9872611465,7407.64331210191
1598.72611464968,7420.38216560509
1598.72611464968,7433.12101910828
1611.46496815287,7445.85987261146
1624.20382165605,7458.59872611465
1636.94267515923,7471.33757961783
1636.94267515923,7484.07643312102
1636.94267515923,7484.07643312102
1638.3531787111,7485.3531787111
1639.05448868455,7486.05448868455
1640,7487
1640.94551131545,7488
1641.70130997345,7489
1642.244201342,7490
1642.6468212889,7491
1642.6468212889,7492
1642.3531787111,7493
1642.40766739565,7494
1642.94551131545,7495
1643.40261994689,7496
1643.59738005311,7497
1644.05448868455,7498
1644.70130997345,7499
1645.244201342,7500
1645.755798658,7501
1646.18971265745,7502
1646.40261994689,7503
1646.29869002655,7504
1646.40766739565,7505
1647,7506
1647.6468212889,7507
1648,7508
1648.3531787111,7509
1649.05448868455,7510
1649.94551131545,7511
1650.6468212889,7512
1651,7513
1651.3531787111,7514
1652,7515
1652.70130997345,7516
1653.244201342,7517
1653.755798658,7518
1654.244201342,7519
1654.755798658,7520
1655.244201342,7521
1655.755798658,7522
1656.29869002655,7523
1657,7524
1657.70130997345,7525
1658.29869002655,7526
1659,7527
1659.6468212889,7528
1659.8910226309,7529
1659.755798658,7530
1659.54289136856,7531
1659.51159731599,7532
1659.48840268401,7533
1659.40261994689,7534
1659,7535
1658.7063574222,7536
1659.1089773691,7537
1659.94551131545,7538
1660.6468212889,7539
1661,7540
1661.244201342,7541
1661.34813126234,7542
1661,7543
1660.7063574222,7544
1661,7545
1661.34813126234,7546
1661.29869002655,7547
1661.3531787111,7548
1661.70130997345,7549
1662,7549.94551131545
1662.3531787111,7550.70130997345
1663.05448868455,7551.29869002655
1664,7552.05448868455
1664.8910226309,7553
1665.40261994689,7554
1665.59738005311,7555
1666.05448868455,7556
1666.70130997345,7557
1667.18971265745,7558
1667.45710863144,7559
1667.54289136856,7560
1667.755798658,7561
1667.94551131545,7562
1668.05448868455,7563
1668.3531787111,7564
1668.94551131545,7565
1669.40261994689,7566
1669.48840268401,7567
1669.45710863144,7568
1669.29869002655,7569
1669.3531787111,7570
1669.755798658,7571
1670.29869002655,7572
1671.05448868455,7573
1672,7574
1673,7575
1674,7576
1675,7577
1675.94551131545,7578
1676.6468212889,7579
1677,7580
1677.29869002655,7581
1677.70130997345,7582
1678,7583
1678.244201342,7584
1678.34813126234,7585
1678,7586
1677.65186873766,7587
1677.755798658,7588
1677.94551131545,7589
1678,7590
1678,7591
1678,7592
1678,7593
1678.05448868455,7594
1678.29869002655,7595
1678.6468212889,7596
1678.70130997345,7597
1678.54289136856,7598
1678.45710863144,7599
1678.244201342,7600
1678,7601
1677.70130997345,7602
1677.244201342,7603
1676.755798658,7604
1676.3531787111,7605
1676.29869002655,7606
1676.34813126234,7607
1675.94551131545,7608
1675.40766739565,7609
1675.40766739565,7610
1676.05448868455,7611
1677,7612
1678,7613
1679,7614
1679.8910226309,7615
1680.2936425778,7616
1679.8910226309,7617
1679.05448868455,7618
1678.29869002655,7619
1677.755798658,7620
1677.244201342,7621
1676.81028734255,7622
1676.65186873766,7623
1677.1089773691,7624
1678,7625
1678.94551131545,7626
1679.59233260435,7627
1679.70130997345,7628
1679.54289136856,7629
1679.45710863144,7630
1679.29869002655,7631
1679.40766739565,7632
1680.05448868455,7633
1681,7633.94551131545
1682,7634.70130997345
1683,7635.29869002655
1684,7636.05448868455
1684.94551131545,7637
1685.6468212889,7638
1686,7639
1686.29869002655,7640
1686.70130997345,7641
1686.8910226309,7642
1686.755798658,7643
1686.59738005311,7644
1686.70130997345,7645
1686.6468212889,7646
1686.3531787111,7647
1686.3531787111,7648
1686.6468212889,7649
1686.6468212889,7650
1686.3531787111,7651
1686.29869002655,7652
1686.45710863144,7653
1686.48840268401,7654
1686.51159731599,7655
1686.59738005311,7656
1687,7657
1687.29364257779,7658
1686.94551131545,7659
1686.29869002655,7660
1685.81028734255,7661
1685.59738005311,7662
1685.70130997345,7663
1685.6468212889,7664
1685.3531787111,7665
1685.40766739565,7666
1686.05448868455,7666.94551131545
1687,7667.70130997345
1688,7668.29869002655
1689,7669.05448868455
1689.94551131545,7670
1690.59233260435,7671
1690.70130997345,7672
1690.54289136856,7673
1690.40261994689,7674
1689.8910226309,7675
1689.1089773691,7676
1688.7063574222,7677
1689.05448868455,7678
1689.70130997345,7679
1690.244201342,7680
1690.6468212889,7681
1690.59233260435,7682
1690.05448868455,7683
1689.59738005311,7684
1689.51159731599,7685
1689.59738005311,7686
1690.1089773691,7687
1691,7688
1692,7689
1692.94551131545,7690
1693.59233260435,7691
1693.70130997345,7692
1693.59738005311,7693
1693.81028734255,7694
1694.18971265745,7695
1694.45710863144,7696
1694.59738005311,7697
1695.1089773691,7698
1695.8910226309,7699
1696.40261994689,7700
1696.48840268401,7701
1696.51159731599,7702
1696.59738005311,7702.94551131545
1697.1089773691,7703.70130997345
1697.94551131545,7704.29869002655
1698.6468212889,7705.05448868455
1698.94551131545,7706
1699,7707
1699.05448868455,7708
1699.244201342,7709
1699.45710863144,7710
1699.48840268401,7711
1699.40261994689,7712
1698.8910226309,7713
1698.1089773691,7714
1697.7063574222,7715
1698.1089773691,7716
1698.94551131545,7717
1699.59233260435,7718
1699.6468212889,7719
1699.3531787111,7720
1699.3531787111,7721
1699.755798658,7722
1700.29869002655,7723
1701.05448868455,7724
1701.94551131545,7725
1702.6468212889,7726
1702.94551131545,7727
1703.05448868455,7728
1703.3531787111,7729
1704.05448868455,7730
1705,7731
1705.94551131545,7732
1706.70130997345,7733
1707.29869002655,7734
1708.05448868455,7735
1708.94551131545,7736
1709.70130997345,7737
1710.29869002655,7738
1711,7739
1711.6468212889,7740
1711.94551131545,7741
1712.05448868455,7742
1712.29869002655,7743
1712.755798658,7744
1713.18971265745,7745
1713.45710863144,7746
1713.54289136856,7747
1713.755798658,7748
1713.94551131545,7749
1714,7750
1713.94551131545,7751
1713.755798658,7752
1713.54289136856,7753
1713.45710863144,7754
1713.29869002655,7755
1713.40766739565,7756
1713.94551131545,7757
1714.40261994689,7758
1714.54289136856,7759
1714.70130997345,7760
1714.59233260435,7761
1713.94551131545,7762
1713.1089773691,7762.94551131545
1712.65186873766,7763.6468212889
1712.755798658,7763.94551131545
1726.11464968153,7764.33121019108
1738.85350318471,7777.07006369427
1751.5923566879,7777.07006369427
1764.33121019108,7789.80891719745
1777.07006369427,7789.80891719745
1789.80891719745,7802.54777070063
1802.54777070064,7802.54777070063
1802.54777070064,7815.28662420382
1815.28662420382,7828.02547770701
1828.02547770701,7840.76433121019
1840.76433121019,7840.76433121019
1840.76433121019,7853.50318471337
1853.50318471338,7853.50318471337
1866.24203821656,7878.98089171974
1878.98089171974,7891.71974522293
1891.71974522293,7904.45859872611
1904.45859872611,7904.45859872611
1904.45859872611,7917.1974522293
1917.1974522293,7917.1974522293
1929.93630573248,7929.93630573248
1942.67515923567,7929.93630573248
1955.41401273885,7942.67515923567
1968.15286624204,7955.41401273885
1980.89171974522,7955.41401273885
1993.63057324841,7955.41401273885
2006.36942675159,7968.15286624204
2019.10828025478,7980.89171974522
2031.84713375796,7980.89171974522
2044.58598726115,7993.63057324841
2057.32484076433,7993.63057324841
2070.06369426752,8006.36942675159
2070.06369426752,8019.10828025478
2082.8025477707,8019.10828025478
2095.54140127388,8019.10828025478
2095.54140127388,8031.84713375796
2108.28025477707,8031.84713375796
2121.01910828025,8044.58598726115
2133.75796178344,8044.58598726115
2146.49681528662,8057.32484076433
2159.23566878981,8070.06369426752
2171.97452229299,8070.06369426752
2184.71337579618,8082.8025477707
2197.45222929936,8095.54140127388
2210.19108280255,8108.28025477707
2222.92993630573,8108.28025477707
2235.66878980892,8108.28025477707
2248.4076433121,8121.01910828025
2261.14649681528,8121.01910828025
2273.88535031847,8133.75796178344
2286.62420382166,8146.49681528662
2299.36305732484,8146.49681528662
2312.10191082803,8146.49681528662
2324.84076433121,8159.23566878981
2337.57961783439,8159.23566878981
2337.57961783439,8171.97452229299
2350.31847133758,8171.97452229299
2363.05732484076,8184.71337579618
2375.79617834395,8197.45222929936
2388.53503184713,8210.19108280255
2401.27388535032,8222.92993630573
2414.0127388535,8235.66878980892
2426.75159235669,8248.4076433121
2439.49044585987,8261.14649681528
2452.22929936306,8261.14649681528
2452.22929936306,8273.88535031847
2464.96815286624,8273.88535031847
2477.70700636943,8286.62420382166
2490.44585987261,8299.36305732484
2503.18471337579,8299.36305732484
2503.18471337579,8312.10191082803
2515.92356687898,8312.10191082803
2528.66242038216,8324.84076433121
2541.40127388535,8324.84076433121
2554.14012738853,8337.57961783439
2566.87898089172,8337.57961783439
2579.6178343949,8350.31847133758
2592.35668789809,8350.31847133758
2605.09554140127,8363.05732484076
2630.57324840764,8363.05732484076
2630.57324840764,8375.79617834395
2643.31210191083,8375.79617834395
2656.05095541401,8375.79617834395
2668.7898089172,8388.53503184713
2694.26751592357,8401.27388535032
2707.00636942675,8414.0127388535
2732.48407643312,8414.0127388535
2757.96178343949,8426.75159235669
2770.70063694267,8426.75159235669
2783.43949044586,8439.49044585987
2796.17834394904,8439.49044585987
2821.65605095541,8452.22929936306
2834.3949044586,8452.22929936306
2872.61146496815,8452.22929936306
2910.82802547771,8464.96815286624
2936.30573248408,8464.96815286624
2961.78343949045,8464.96815286624
2987.26114649681,8464.96815286624
3000,8464.96815286624
3012.73885350318,8464.96815286624
3025.47770700637,8464.96815286624
3038.21656050955,8464.96815286624
3050.95541401274,8464.96815286624
3063.69426751592,8464.96815286624
3076.43312101911,8464.96815286624
3089.17197452229,8464.96815286624
3101.91082802548,8464.96815286624
3114.64968152866,8464.96815286624
3127.38853503185,8452.22929936306
3140.12738853503,8452.22929936306
3165.6050955414,8452.22929936306
3191.08280254777,8452.22929936306
3203.82165605096,8452.22929936306
3216.56050955414,8452.22929936306
3229.29936305732,8452.22929936306
3242.03821656051,8452.22929936306
3254.77707006369,8452.22929936306
3267.51592356688,8439.49044585987
3280.25477707006,8439.49044585987
3292.99363057325,8439.49044585987
3305.73248407643,8439.49044585987
3318.47133757962,8439.49044585987
3331.2101910828,8439.49044585987
3331.2101910828,8426.75159235669
3343.94904458599,8426.75159235669
3356.68789808917,8426.75159235669
3369.42675159236,8426.75159235669
3394.90445859872,8426.75159235669
3407.64331210191,8426.75159235669
3420.38216560509,8426.75159235669
3433.12101910828,8426.75159235669
3445.85987261146,8426.75159235669
3458.59872611465,8426.75159235669
3484.07643312102,8426.75159235669
3522.29299363057,8426.75159235669
3573.24840764331,8426.75159235669
3611.46496815287,8426.75159235669
3624.20382165605,8426.75159235669
3636.94267515924,8426.75159235669
3662.42038216561,8426.75159235669
3687.89808917198,8426.75159235669
3726.11464968153,8414.0127388535
3751.5923566879,8414.0127388535
3789.80891719745,8401.27388535032
3815.28662420382,8401.27388535032
3866.24203821656,8401.27388535032
3904.45859872611,8388.53503184713
3917.1974522293,8388.53503184713
3929.93630573248,8388.53503184713
3942.67515923567,8375.79617834395
3955.41401273885,8375.79617834395
3968.15286624204,8375.79617834395
3980.89171974522,8375.79617834395
4006.36942675159,8363.05732484076
4019.10828025478,8363.05732484076
4031.84713375796,8363.05732484076
4044.58598726115,8363.05732484076
4044.58598726115,8350.31847133758
4057.32484076433,8350.31847133758
4070.06369426752,8350.31847133758
4082.8025477707,8350.31847133758
4095.54140127389,8337.57961783439
4108.28025477707,8337.57961783439
4121.01910828025,8337.57961783439
4133.75796178344,8337.57961783439
4146.49681528662,8337.57961783439
4146.49681528662,8324.84076433121
4171.97452229299,8324.84076433121
4184.71337579618,8324.84076433121
4197.45222929936,8312.10191082803
4210.19108280255,8312.10191082803
4235.66878980892,8299.36305732484
4248.4076433121,8299.36305732484
4261.14649681529,8299.36305732484
4273.88535031847,8286.62420382166
4286.62420382166,8286.62420382166
4299.36305732484,8286.62420382166
4312.10191082803,8273.88535031847
4324.84076433121,8273.88535031847
4337.5796178344,8273.88535031847
4350.31847133758,8273.88535031847
4363.05732484076,8261.14649681528
4375.79617834395,8261.14649681528
4401.27388535032,8248.4076433121
4414.0127388535,8235.66878980892
4426.75159235669,8235.66878980892
4439.49044585987,8222.92993630573
4452.22929936306,8222.92993630573
4464.96815286624,8210.19108280255
4477.70700636943,8210.19108280255
4490.44585987261,8197.45222929936
4503.1847133758,8197.45222929936
4515.92356687898,8184.71337579618
4528.66242038216,8184.71337579618
4541.40127388535,8171.97452229299
4554.14012738853,8159.23566878981
4566.87898089172,8146.49681528662
4579.6178343949,8146.49681528662
4592.35668789809,8133.75796178344
4605.09554140127,8121.01910828025
4617.83439490446,8108.28025477707
4630.57324840764,8108.28025477707
4643.31210191083,8095.54140127388
4656.05095541401,8082.8025477707
4668.7898089172,8070.06369426752
4681.52866242038,8070.06369426752
4681.52866242038,8057.32484076433
4694.26751592357,8057.32484076433
4707.00636942675,8044.58598726115
4719.74522292994,8031.84713375796
4732.48407643312,8019.10828025478
4745.22292993631,8006.36942675159
4757.96178343949,7993.63057324841
4770.70063694267,7980.89171974522
4783.43949044586,7968.15286624204
4796.17834394904,7955.41401273885
4808.91719745223,7955.41401273885
4808.91719745223,7942.67515923567
4821.65605095541,7929.93630573248
4834.3949044586,7929.93630573248
4847.13375796178,7929.93630573248
4847.13375796178,7917.1974522293
4872.61146496815,7904.45859872611
4885.35031847134,7891.71974522293
4898.08917197452,7878.98089171974
4910.82802547771,7866.24203821656
4923.56687898089,7853.50318471337
4936.30573248408,7840.76433121019
4949.04458598726,7840.76433121019
4961.78343949045,7828.02547770701
4974.52229299363,7815.28662420382
4987.26114649682,7815.28662420382
4987.26114649682,7802.54777070063
5000,7802.54777070063
5012.73885350318,7802.54777070063
5012.73885350318,7789.80891719745
5025.47770700637,7789.80891719745
5038.21656050955,7789.80891719745
5050.95541401274,7789.80891719745
5050.95541401274,7777.07006369427
5076.43312101911,7764.33121019108
5101.91082802548,7738.85350318471
5114.64968152866,7738.85350318471
5127.38853503185,7726.11464968153
5127.38853503185,7713.37579617834
5140.12738853503,7713.37579617834
5152.86624203822,7713.37579617834
5165.6050955414,7700.63694267516
5178.34394904459,7700.63694267516
5191.08280254777,7700.63694267516
5191.08280254777,7687.89808917197
5203.82165605096,7687.89808917197
5216.56050955414,7687.89808917197
5229.29936305732,7675.15923566879
5242.03821656051,7675.15923566879
5242.03821656051,7675.15923566879
5243.3531787111,7674.6468212889
5244.05448868455,7674.05448868455
5245,7673.59738005311
5246,7673.45710863144
5247,7673.18971265745
5248,7672.81028734255
5249,7672.54289136856
5250,7672.45710863144
5251,7672.29869002655
5252,7672.29869002655
5253,7672.34813126234
5254,7672
5255,7671.7063574222
5256,7672
5257,7672.40261994689
5258,7672.54289136856
5259,7672.70130997345
5260,7672.59233260435
5261,7671.94551131545
5262,7671.1089773691
5263,7670.7063574222
5264,7671
5265,7671.40261994689
5266,7671.48840268401
5267,7671.40261994689
5268,7670.8910226309
5269,7670
5270,7669
5271,7668
5272,7667.05448868455
5273,7666.29869002655
5273.94551131545,7665.70130997345
5274.70130997345,7664.94551131545
5275.29869002655,7664
5276.05448868455,7663
5277,7662
5278,7661
5279,7660.1089773691
5280,7659.5973800531
5281,7659.40261994689
5282,7658.8910226309
5283,7658.05448868455
5284,7657.29869002655
5285,7656.70130997345
5286,7655.94551131545
5287,7655
5288,7654.1089773691
5289,7653.7063574222
5290,7654.1089773691
5291,7654.8910226309
5292,7655.29364257779
5293,7654.8910226309
5294,7654.1089773691
5295,7653.59738005311
5296,7653.45710863144
5297,7653.244201342
5298,7653
5299,7652.70130997345
5300,7652.244201342
5301,7651.755798658
5302,7651.244201342
5303,7650.70130997345
5304,7650.05448868455
5305,7649.7063574222
5306,7650
5307,7650.29364257779
5307.94551131545,7649.8910226309
5308.70130997345,7649
5309.29869002655,7648
5310.05448868455,7647
5311,7646.05448868455
5312,7645.29869002655
5313,7644.70130997345
5314,7644.05448868455
5315,7643.59738005311
5316,7643.40261994689
5317,7642.94551131545
5318,7642.29869002655
5319,7641.755798658
5320,7641.3531787111
5321,7641.29869002655
5322,7641.34813126234
5323,7640.94551131545
5324,7640.29869002655
5325,7639.81028734255
5326,7639.54289136856
5327,7639.51159731599
5328,7639.48840268401
5329,7639.40261994689
5330,7638.8910226309
5331,7638.05448868455
5332,7637.40766739565
5333,7637.3531787111
5334,7637.6468212889
5335,7637.70130997345
5336,7637.54289136856
5337,7637.45710863144
5338,7637.18971265745
5339,7636.755798658
5340,7636.244201342
5341,7635.755798658
5342,7635.3531787111
5343,7635.40766739565
5344,7636.05448868455
5345,7636.94551131545
5346,7637.59233260435
5347,7637.70130997345
5348,7637.54289136856
5349,7637.40261994689
5350,7636.8910226309
5351,7636.05448868455
5352,7635.29869002655
5353,7634.70130997345
5354,7634
5355,7633.29869002655
5356,7632.70130997345
5357,7632.05448868455
5358,7631.7063574222
5359,7632.05448868455
5360,7632.59233260435
5361,7632.59233260435
5362,7632.05448868455
5362.94551131545,7631.7063574222
5363.70130997345,7632
5364.29869002655,7632.29364257779
5365.05448868455,7631.94551131545
5366,7631.29869002655
5367,7630.755798658
5368,7630.244201342
5369,7629.755798658
5370,7629.244201342
5371,7628.81028734255
5372,7628.65186873765
5373,7629.1089773691
5374,7630
5375,7630.94551131545
5376,7631.59233260435
5377,7631.70130997345
5378,7631.65186873765
5379,7632
5380,7632.29364257779
5381,7632
5382,7631.7063574222
5383,7632
5384,7632.29364257779
5385,7632
5386,7631.5973800531
5387,7631.51159731599
5388,7631.48840268401
5388.94551131545,7631.40261994689
5389.70130997345,7630.8910226309
5390.29869002655,7630
5391.05448868455,7629.1089773691
5392,7628.5973800531
5393,7628.51159731599
5394,7628.48840268401
5395,7628.40261994689
5396,7627.94551131545
5397,7627.3531787111
5398,7627
5399,7626.755798658
5400,7626.54289136856
5401,7626.40261994689
5402,7625.8910226309
5403,7625.05448868455
5404,7624.29869002655
5405,7623.81028734255
5406,7623.54289136856
5406.94551131545,7623.51159731599
5407.6468212889,7623.54289136856
5407.94551131545,7623.755798658
5866.24203821656,5000
