5993.63057324841,4528.66242038216
5929.93630573248,592.356687898087
5917.1974522293,592.356687898087
5904.45859872611,592.356687898087
5891.71974522293,592.356687898087
5878.98089171974,592.356687898087
5866.24203821656,592.356687898087
5840.76433121019,592.356687898087
5828.02547770701,592.356687898087
5815.28662420382,592.356687898087
5802.54777070064,592.356687898087
5789.80891719745,592.356687898087
5777.07006369427,592.356687898087
5764.33121019108,592.356687898087
5751.5923566879,592.356687898087
5738.85350318471,592.356687898087
5726.11464968153,592.356687898087
5700.63694267516,592.356687898087
5675.15923566879,605.095541401271
5624.20382165605,617.834394904456
5560.50955414013,617.834394904456
5535.03184713376,630.573248407642
5522.29299363057,630.573248407642
5509.55414012739,630.573248407642
5496.8152866242,630.573248407642
5484.07643312102,630.573248407642
5458.59872611465,630.573248407642
5420.38216560509,630.573248407642
5407.64331210191,630.573248407642
5394.90445859873,630.573248407642
5382.16560509554,630.573248407642
5369.42675159236,630.573248407642
5356.68789808917,630.573248407642
5343.94904458599,643.312101910826
5318.47133757962,643.312101910826
5305.73248407643,643.312101910826
5292.99363057325,643.312101910826
5280.25477707006,643.312101910826
5254.77707006369,643.312101910826
5229.29936305732,656.05095541401
5216.56050955414,656.05095541401
5203.82165605096,656.05095541401
5191.08280254777,656.05095541401
5178.34394904459,668.789808917194
5165.6050955414,668.789808917194
5152.86624203822,668.789808917194
5140.12738853503,668.789808917194
5127.38853503185,668.789808917194
5114.64968152866,668.789808917194
5101.91082802548,681.52866242038
5089.17197452229,681.52866242038
5063.69426751592,681.52866242038
5050.95541401274,681.52866242038
5038.21656050955,694.267515923564
5025.47770700637,694.267515923564
5012.73885350318,707.006369426748
5000,707.006369426748
4987.26114649682,719.745222929934
4974.52229299363,719.745222929934
4961.78343949045,719.745222929934
4961.78343949045,732.484076433118
4949.04458598726,732.484076433118
4936.30573248408,745.222929936303
4923.56687898089,745.222929936303
4910.82802547771,757.961783439488
4898.08917197452,757.961783439488
4885.35031847134,770.700636942673
4872.61146496815,770.700636942673
4859.87261146497,770.700636942673
4847.13375796178,770.700636942673
4834.3949044586,770.700636942673
4821.65605095541,770.700636942673
4808.91719745223,770.700636942673
4783.43949044586,770.700636942673
4757.96178343949,770.700636942673
4745.22292993631,770.700636942673
4732.48407643312,770.700636942673
4707.00636942675,783.439490445857
4694.26751592357,783.439490445857
4681.52866242038,783.439490445857
4668.7898089172,796.178343949043
4656.05095541401,796.178343949043
4643.31210191083,808.917197452227
4630.57324840764,808.917197452227
4617.83439490446,808.917197452227
4605.09554140127,808.917197452227
4605.09554140127,821.656050955411
4592.35668789809,821.656050955411
4579.6178343949,821.656050955411
4566.87898089172,821.656050955411
4566.87898089172,834.394904458597
4554.14012738853,834.394904458597
4541.40127388535,834.394904458597
4528.66242038216,847.133757961781
4515.92356687898,847.133757961781
4503.1847133758,847.133757961781
4490.44585987261,847.133757961781
4477.70700636943,847.133757961781
4464.96815286624,859.872611464965
4452.22929936306,859.872611464965
4439.49044585987,859.872611464965
4426.75159235669,872.611464968151
4414.0127388535,872.611464968151
4401.27388535032,885.350318471335
4388.53503184713,885.350318471335
4375.79617834395,898.08917197452
4363.05732484076,898.08917197452
4350.31847133758,910.828025477706
4337.5796178344,910.828025477706
4324.84076433121,910.828025477706
4312.10191082803,923.56687898089
4299.36305732484,923.56687898089
4286.62420382166,936.305732484074
4273.88535031847,936.305732484074
4261.14649681529,936.305732484074
4261.14649681529,949.044585987258
4248.4076433121,961.783439490444
4235.66878980892,961.783439490444
4222.92993630573,974.522292993628
4210.19108280255,974.522292993628
4184.71337579618,987.261146496812
4184.71337579618,999.999999999998
4171.97452229299,999.999999999998
4159.23566878981,999.999999999998
4146.49681528662,1012.73885350318
4133.75796178344,1012.73885350318
4121.01910828025,1012.73885350318
4108.28025477707,1025.47770700637
4095.54140127389,1025.47770700637
4070.06369426752,1038.21656050955
4057.32484076433,1038.21656050955
4044.58598726115,1038.21656050955
4031.84713375796,1050.95541401274
4019.10828025478,1050.95541401274
4006.36942675159,1063.69426751592
3993.63057324841,1076.4331210191
3968.15286624204,1089.17197452229
3942.67515923567,1101.91082802547
3917.1974522293,1101.91082802547
3904.45859872611,1114.64968152866
3891.71974522293,1127.38853503185
3866.24203821656,1127.38853503185
3853.50318471338,1140.12738853503
3840.76433121019,1140.12738853503
3840.76433121019,1152.86624203821
3828.02547770701,1152.86624203821
3815.28662420382,1152.86624203821
3815.28662420382,1165.6050955414
3802.54777070064,1178.34394904458
3789.80891719745,1178.34394904458
3777.07006369427,1178.34394904458
3764.33121019108,1191.08280254777
3751.5923566879,1191.08280254777
3751.5923566879,1203.82165605095
3738.85350318471,1203.82165605095
3726.11464968153,1216.56050955414
3713.37579617834,1216.56050955414
3700.63694267516,1216.56050955414
3700.63694267516,1229.29936305732
3687.89808917198,1229.29936305732
3675.15923566879,1242.03821656051
3662.42038216561,1254.77707006369
3649.68152866242,1254.77707006369
3624.20382165605,1267.51592356688
3611.46496815287,1267.51592356688
3611.46496815287,1280.25477707006
3598.72611464968,1280.25477707006
3585.9872611465,1292.99363057325
3573.24840764331,1292.99363057325
3573.24840764331,1305.73248407643
3560.50955414013,1305.73248407643
3547.77070063694,1305.73248407643
3535.03184713376,1318.47133757962
3509.55414012739,1331.2101910828
3496.8152866242,1331.2101910828
3484.07643312102,1343.94904458598
3471.33757961783,1343.94904458598
3458.59872611465,1356.68789808917
3445.85987261146,1356.68789808917
3445.85987261146,1369.42675159235
3433.12101910828,1382.16560509554
3420.38216560509,1382.16560509554
3420.38216560509,1394.90445859872
3407.64331210191,1394.90445859872
3394.90445859872,1407.64331210191
3382.16560509554,1407.64331210191
3382.16560509554,1420.38216560509
3369.42675159236,1420.38216560509
3356.68789808917,1433.12101910828
3356.68789808917,1445.85987261146
3343.94904458599,1445.85987261146
3331.2101910828,1458.59872611465
3318.47133757962,1471.33757961783
3305.73248407643,1471.33757961783
3292.99363057325,1484.07643312102
3280.25477707006,1496.8152866242
3280.25477707006,1509.55414012739
3267.51592356688,1509.55414012739
3267.51592356688,1522.29299363057
3254.77707006369,1522.29299363057
3254.77707006369,1535.03184713376
3242.03821656051,1547.77070063694
3229.29936305732,1560.50955414012
3216.56050955414,1573.24840764331
3216.56050955414,1585.98726114649
3203.82165605096,1585.98726114649
3203.82165605096,1598.72611464968
3191.08280254777,1611.46496815286
3178.34394904459,1611.46496815286
3165.6050955414,1624.20382165605
3165.6050955414,1636.94267515923
3152.86624203822,1636.94267515923
3140.12738853503,1649.68152866242
3127.38853503185,1662.4203821656
3114.64968152866,1675.15923566879
3101.91082802548,1675.15923566879
3089.17197452229,1687.89808917197
3076.43312101911,1687.89808917197
3063.69426751592,1700.63694267516
3050.95541401274,1713.37579617834
3038.21656050955,1713.37579617834
3025.47770700637,1726.11464968153
3012.73885350318,1738.85350318471
3000,1738.85350318471
2987.26114649681,1751.5923566879
2974.52229299363,1751.5923566879
2961.78343949045,1764.33121019108
2936.30573248408,1777.07006369427
2923.56687898089,1777.07006369427
2910.82802547771,1777.07006369427
2910.82802547771,1789.80891719745
2898.08917197452,1789.80891719745
2885.35031847134,1789.80891719745
2872.61146496815,1802.54777070064
2859.87261146497,1802.54777070064
2847.13375796178,1815.28662420382
2834.3949044586,1815.28662420382
2821.65605095541,1815.28662420382
2796.17834394904,1815.28662420382
2783.43949044586,1815.28662420382
2770.70063694267,1815.28662420382
2757.96178343949,1828.025477707
2745.2229299363,1828.025477707
2732.48407643312,1828.025477707
2719.74522292994,1840.76433121019
2707.00636942675,1840.76433121019
2694.26751592357,1840.76433121019
2681.52866242038,1853.50318471337
2668.7898089172,1853.50318471337
2656.05095541401,1853.50318471337
2656.05095541401,1866.24203821656
2643.31210191083,1866.24203821656
2630.57324840764,1866.24203821656
2617.83439490446,1878.98089171974
2605.09554140127,1878.98089171974
2592.35668789809,1891.71974522293
2579.6178343949,1891.71974522293
2566.87898089172,1904.45859872611
2554.14012738853,1904.45859872611
2541.40127388535,1917.1974522293
2528.66242038216,1917.1974522293
2515.92356687898,1929.93630573248
2503.18471337579,1929.93630573248
2490.44585987261,1942.67515923567
2464.96815286624,1955.41401273885
2439.49044585987,1968.15286624204
2426.75159235669,1980.89171974522
2414.0127388535,1980.89171974522
2401.27388535032,1993.63057324841
2388.53503184713,1993.63057324841
2388.53503184713,2006.36942675159
2375.79617834395,2006.36942675159
2375.79617834395,2019.10828025478
2363.05732484076,2019.10828025478
2363.05732484076,2031.84713375796
2350.31847133758,2044.58598726114
2350.31847133758,2057.32484076433
2337.57961783439,2057.32484076433
2337.57961783439,2070.06369426751
2324.84076433121,2082.8025477707
2312.10191082803,2108.28025477707
2312.10191082803,2121.01910828025
2299.36305732484,2121.01910828025
2299.36305732484,2133.75796178344
2299.36305732484,2146.49681528662
2286.62420382166,2159.23566878981
2286.62420382166,2171.97452229299
2273.88535031847,2171.97452229299
2273.88535031847,2184.71337579618
2261.14649681528,2197.45222929936
2261.14649681528,2210.19108280255
2261.14649681528,2222.92993630573
2248.4076433121,2222.92993630573
2248.4076433121,2235.66878980891
2235.66878980892,2248.4076433121
2235.66878980892,2261.14649681528
2222.92993630573,2261.14649681528
2222.92993630573,2273.88535031847
2210.19108280255,2286.62420382165
2210.19108280255,2299.36305732484
2197.45222929936,2299.36305732484
2197.45222929936,2312.10191082802
2184.71337579618,2324.84076433121
2171.97452229299,2337.57961783439
2171.97452229299,2350.31847133758
2159.23566878981,2363.05732484076
2146.49681528662,2363.05732484076
2133.75796178344,2375.79617834395
2133.75796178344,2388.53503184713
2121.01910828025,2401.27388535032
2121.01910828025,2414.0127388535
2108.28025477707,2414.0127388535
2108.28025477707,2426.75159235669
2095.54140127388,2439.49044585987
2095.54140127388,2452.22929936306
2082.8025477707,2464.96815286624
2070.06369426752,2477.70700636942
2070.06369426752,2503.18471337579
2070.06369426752,2515.92356687898
2057.32484076433,2528.66242038216
2044.58598726115,2541.40127388535
2044.58598726115,2554.14012738853
2044.58598726115,2566.87898089172
2031.84713375796,2579.6178343949
2031.84713375796,2605.09554140127
2031.84713375796,2617.83439490446
2019.10828025478,2630.57324840764
2019.10828025478,2643.31210191083
2006.36942675159,2656.05095541401
2006.36942675159,2668.7898089172
2006.36942675159,2694.26751592356
2006.36942675159,2707.00636942675
1993.63057324841,2719.74522292993
1993.63057324841,2732.48407643312
1993.63057324841,2745.2229299363
1993.63057324841,2757.96178343949
1993.63057324841,2770.70063694267
1993.63057324841,2796.17834394904
1980.89171974522,2808.91719745223
1980.89171974522,2821.65605095541
1980.89171974522,2847.13375796178
1980.89171974522,2859.87261146497
1968.15286624204,2872.61146496815
1968.15286624204,2885.35031847134
1968.15286624204,2898.08917197452
1955.41401273885,2910.82802547771
1955.41401273885,2936.30573248407
1955.41401273885,2949.04458598726
1942.67515923567,2961.78343949044
1942.67515923567,2974.52229299363
1942.67515923567,2987.26114649681
1942.67515923567,3000
1929.93630573248,3012.73885350318
1929.93630573248,3025.47770700637
1929.93630573248,3038.21656050955
1929.93630573248,3101.91082802548
1917.1974522293,3165.6050955414
1904.45859872611,3165.6050955414
1904.45859872611,3229.29936305732
1891.71974522293,3280.25477707006
1891.71974522293,3292.99363057325
1878.98089171974,3318.47133757962
1878.98089171974,3331.2101910828
1878.98089171974,3343.94904458599
1878.98089171974,3356.68789808917
1878.98089171974,3369.42675159235
1878.98089171974,3382.16560509554
1878.98089171974,3382.16560509554
1880.244201342,3383.3531787111
1880.40261994689,3384.05448868455
1880.244201342,3385
1880.05448868455,3386
1880.05448868455,3387
1880.3531787111,3388
1881.05448868455,3389
1881.8910226309,3390
1882.40261994689,3391
1882.54289136856,3392
1882.755798658,3393
1882.94551131545,3394
1882.94551131545,3395
1882.6468212889,3396
1881.94551131545,3397
1881.1089773691,3398
1880.65186873766,3399
1880.70130997345,3400
1880.59233260435,3401
1880.05448868455,3402
1879.59738005311,3403
1879.51159731599,3404
1879.48840268401,3405
1879.45710863144,3406
1879.18971265745,3407
1878.81028734255,3407.94551131545
1878.54289136856,3408.70130997345
1878.40261994689,3409.29869002655
1877.8910226309,3410.05448868455
1877.1089773691,3411
1876.7063574222,3412
1877,3413
1877.34813126234,3414
1877.244201342,3415
1877.05448868455,3416
1876.94551131545,3417
1876.70130997345,3418
1876.244201342,3419
1875.81028734255,3420
1875.54289136856,3421
1875.40261994689,3422
1874.8910226309,3423
1874.05448868455,3424
1873.40766739565,3425
1873.3531787111,3426
1873.6468212889,3427
1873.6468212889,3428
1873.244201342,3429
1872.70130997345,3430
1871.94551131545,3431
1871.05448868455,3432
1870.29869002655,3433
1869.70130997345,3434
1868.94551131545,3435
1868,3436
1867.05448868455,3437
1866.29869002655,3438
1865.70130997345,3439
1865.05448868455,3440
1864.59738005311,3441
1864.40261994689,3442
1863.8910226309,3443
1863,3444
1862,3445
1861,3446
1860,3447
1859.1089773691,3448
1858.59738005311,3449
1858.40261994689,3450
1858,3451
1857.59738005311,3452
1857.40261994689,3453
1856.8910226309,3454
1856.1089773691,3455
1855.59738005311,3456
1855.40261994689,3457
1854.94551131545,3458
1854.29869002655,3459
1853.70130997345,3460
1853.05448868455,3461
1852.65186873765,3462
1852.70130997345,3463
1852.59233260435,3464
1852.05448868455,3465
1851.59738005311,3466
1851.51159731599,3467
1851.48840268401,3468
1851.40261994689,3469
1850.8910226309,3470
1850,3471
1849,3472
1848.1089773691,3473
1847.59738005311,3474
1847.40261994689,3475
1847,3476
1846.7063574222,3477
1847,3478
1847.34813126234,3479
1847.18971265745,3480
1846.81028734255,3481
1846.54289136856,3482
1846.40261994689,3483
1845.8910226309,3484
1845,3485
1844,3486
1843.05448868455,3487
1842.29869002655,3488
1841.70130997345,3489
1840.94551131545,3489.94551131545
1840,3490.70130997345
1839.05448868455,3491.29869002655
1838.29869002655,3492.05448868455
1837.755798658,3493
1837.244201342,3494
1836.70130997345,3495
1835.94551131545,3496
1835,3497
1834,3498
1833,3499
1832,3500
1831,3501
1830,3502
1829,3503
1828,3504
1827,3505
1826,3506
1825,3507
1824,3508
1823,3509
1822,3510
1821,3511
1820,3512
1819,3513
1818,3514
1817,3515
1816.05448868455,3516
1815.29869002655,3517
1814.755798658,3518
1814.244201342,3519
1813.70130997345,3520
1812.94551131545,3521
1812.05448868455,3522
1811.29869002655,3523
1810.70130997345,3524
1809.94551131545,3525
1809,3526
1808.1089773691,3527
1807.7063574222,3528
1808.1089773691,3529
1808.94551131545,3530
1809.70130997345,3531
1810.244201342,3532
1810.6468212889,3533
1810.6468212889,3534
1810.244201342,3535
1809.755798658,3536
1809.3531787111,3537
1809.3531787111,3538
1809.755798658,3539
1810.244201342,3540
1810.70130997345,3541
1810.8910226309,3542
1810.755798658,3543
1810.65186873766,3544
1811,3545
1811.29364257779,3546
1810.8910226309,3547
1810,3548
1809.05448868455,3549
1808.3531787111,3550
1808.1089773691,3551
1808.244201342,3552
1808.34813126234,3553
1808,3554
1807.7063574222,3555
1808.1089773691,3556
1808.8910226309,3557
1809.29364257779,3558
1808.8910226309,3559
1808.05448868455,3560
1807.29869002655,3561
1806.81028734255,3562
1806.59738005311,3563
1806.81028734255,3564
1807.18971265745,3565
1807.45710863144,3566
1807.59738005311,3567
1808.1089773691,3568
1809,3569
1810,3570
1810.94551131545,3571
1811.59233260435,3572
1811.6468212889,3573
1811.244201342,3574
1810.70130997345,3575
1810.05448868455,3576
1809.65186873766,3577
1809.70130997345,3578
1809.6468212889,3579
1809.244201342,3580
1808.755798658,3581
1808.244201342,3582
1807.70130997345,3583
1806.94551131545,3584
1806,3585
1805,3585.8910226309
1804.05448868455,3586.34813126234
1803.3531787111,3586.244201342
1789.80891719745,3585.9872611465
1777.07006369427,3611.46496815286
1777.07006369427,3624.20382165605
1764.33121019108,3636.94267515923
1751.5923566879,3649.68152866242
1751.5923566879,3662.4203821656
1738.85350318471,3675.15923566879
1738.85350318471,3700.63694267516
1726.11464968153,3713.37579617834
1726.11464968153,3726.11464968153
1726.11464968153,3738.85350318471
1713.37579617834,3751.5923566879
1713.37579617834,3764.33121019108
1713.37579617834,3777.07006369427
1700.63694267516,3789.80891719745
1700.63694267516,3802.54777070063
1700.63694267516,3815.28662420382
1687.89808917197,3828.025477707
1687.89808917197,3840.76433121019
1675.15923566879,3853.50318471337
1675.15923566879,3866.24203821656
1675.15923566879,3878.98089171974
1662.4203821656,3891.71974522293
1662.4203821656,3904.45859872611
1662.4203821656,3917.1974522293
1649.68152866242,3929.93630573248
1649.68152866242,3942.67515923567
1636.94267515923,3955.41401273885
1636.94267515923,3968.15286624204
1636.94267515923,3980.89171974522
1624.20382165605,3993.63057324841
1624.20382165605,4006.36942675159
1624.20382165605,4019.10828025477
1611.46496815287,4019.10828025477
1611.46496815287,4031.84713375796
1611.46496815287,4044.58598726114
1611.46496815287,4057.32484076433
1598.72611464968,4070.06369426751
1585.9872611465,4095.54140127388
1585.9872611465,4108.28025477707
1573.24840764331,4121.01910828025
1573.24840764331,4146.49681528662
1560.50955414013,4146.49681528662
1560.50955414013,4159.23566878981
1560.50955414013,4171.97452229299
1560.50955414013,4184.71337579618
1560.50955414013,4197.45222929936
1547.77070063694,4210.19108280255
1547.77070063694,4222.92993630573
1547.77070063694,4235.66878980892
1535.03184713376,4248.4076433121
1535.03184713376,4261.14649681528
1535.03184713376,4273.88535031847
1522.29299363057,4286.62420382165
1522.29299363057,4299.36305732484
1522.29299363057,4312.10191082802
1509.55414012739,4312.10191082802
1509.55414012739,4324.84076433121
1509.55414012739,4337.57961783439
1509.55414012739,4350.31847133758
1496.8152866242,4363.05732484076
1496.8152866242,4375.79617834395
1496.8152866242,4388.53503184713
1484.07643312102,4401.27388535032
1484.07643312102,4414.0127388535
1471.33757961783,4414.0127388535
1471.33757961783,4426.75159235669
1471.33757961783,4439.49044585987
1471.33757961783,4452.22929936306
1458.59872611465,4464.96815286624
1458.59872611465,4490.44585987261
1445.85987261146,4503.18471337579
1445.85987261146,4515.92356687898
1445.85987261146,4528.66242038216
1445.85987261146,4541.40127388535
1445.85987261146,4554.14012738853
1445.85987261146,4566.87898089172
1433.12101910828,4579.6178343949
1433.12101910828,4592.35668789809
1433.12101910828,4605.09554140127
1433.12101910828,4617.83439490446
1433.12101910828,4630.57324840764
1433.12101910828,4643.31210191083
1433.12101910828,4656.05095541401
1420.38216560509,4668.7898089172
1420.38216560509,4681.52866242038
1420.38216560509,4694.26751592357
1420.38216560509,4707.00636942675
1420.38216560509,4719.74522292993
1420.38216560509,4732.48407643312
1420.38216560509,4745.2229299363
1420.38216560509,4757.96178343949
1420.38216560509,4770.70063694267
1420.38216560509,4783.43949044586
1420.38216560509,4808.91719745223
1420.38216560509,4821.65605095541
1420.38216560509,4834.3949044586
1420.38216560509,4847.13375796178
1420.38216560509,4859.87261146497
1420.38216560509,4872.61146496815
1420.38216560509,4885.35031847134
1420.38216560509,4898.08917197452
1420.38216560509,4923.56687898089
1420.38216560509,4949.04458598726
1433.12101910828,4987.26114649681
1433.12101910828,5012.73885350318
1433.12101910828,5025.47770700637
1433.12101910828,5038.21656050955
1433.12101910828,5050.95541401274
1445.85987261146,5050.95541401274
1445.85987261146,5063.69426751592
1458.59872611465,5089.17197452229
1471.33757961783,5101.91082802548
1471.33757961783,5114.64968152866
1471.33757961783,5127.38853503185
1484.07643312102,5140.12738853503
1484.07643312102,5152.86624203822
1484.07643312102,5165.6050955414
1496.8152866242,5178.34394904458
1496.8152866242,5191.08280254777
1496.8152866242,5216.56050955414
1496.8152866242,5229.29936305732
1496.8152866242,5242.03821656051
1496.8152866242,5254.77707006369
1496.8152866242,5267.51592356688
1496.8152866242,5280.25477707006
1496.8152866242,5292.99363057325
1496.8152866242,5305.73248407643
1496.8152866242,5318.47133757962
1496.8152866242,5331.2101910828
1496.8152866242,5343.94904458599
1484.07643312102,5356.68789808917
1484.07643312102,5369.42675159235
1484.07643312102,5382.16560509554
1484.07643312102,5394.90445859872
1471.33757961783,5407.64331210191
1471.33757961783,5420.38216560509
1458.59872611465,5433.12101910828
1458.59872611465,5445.85987261146
1445.85987261146,5458.59872611465
1445.85987261146,5471.33757961783
1433.12101910828,5484.07643312102
1433.12101910828,5496.8152866242
1433.12101910828,5509.55414012739
1420.38216560509,5522.29299363057
1420.38216560509,5535.03184713376
1407.64331210191,5547.77070063694
1407.64331210191,5560.50955414013
1407.64331210191,5573.24840764331
1407.64331210191,5585.9872611465
1407.64331210191,5598.72611464968
1407.64331210191,5624.20382165605
1407.64331210191,5636.94267515923
1407.64331210191,5662.4203821656
1394.90445859872,5700.63694267516
1394.90445859872,5726.11464968153
1394.90445859872,5738.85350318471
1394.90445859872,5751.5923566879
1394.90445859872,5764.33121019108
1394.90445859872,5777.07006369426
1394.90445859872,5789.80891719745
1394.90445859872,5802.54777070064
1394.90445859872,5815.28662420382
1394.90445859872,5828.025477707
1407.64331210191,5840.76433121019
1407.64331210191,5853.50318471337
1407.64331210191,5866.24203821656
1407.64331210191,5878.98089171974
1407.64331210191,5891.71974522293
1420.38216560509,5904.45859872611
1420.38216560509,5917.1974522293
1420.38216560509,5929.93630573248
1420.38216560509,5942.67515923567
1433.12101910828,5955.41401273885
1420.38216560509,5968.15286624204
1433.12101910828,5980.89171974522
1433.12101910828,5993.63057324841
1433.12101910828,6006.36942675159
1433.12101910828,6019.10828025478
1433.12101910828,6031.84713375796
1433.12101910828,6044.58598726115
1433.12101910828,6070.06369426751
1433.12101910828,6082.8025477707
1433.12101910828,6095.54140127388
1433.12101910828,6108.28025477707
1433.12101910828,6121.01910828025
1433.12101910828,6133.75796178344
1420.38216560509,6146.49681528662
1420.38216560509,6171.97452229299
1420.38216560509,6184.71337579618
1420.38216560509,6210.19108280255
1420.38216560509,6235.66878980892
1420.38216560509,6248.4076433121
1407.64331210191,6261.14649681528
1407.64331210191,6273.88535031847
1407.64331210191,6286.62420382166
1407.64331210191,6299.36305732484
1407.64331210191,6312.10191082802
1407.64331210191,6324.84076433121
1407.64331210191,6337.57961783439
1407.64331210191,6363.05732484076
1407.64331210191,6375.79617834395
1407.64331210191,6375.79617834395
1408.755798658,6377.3531787111
1408.65186873766,6378.05448868455
1409,6379
1409.34813126234,6380
1409.18971265745,6381
1408.755798658,6382
1408.244201342,6383
1407.70130997345,6384
1407,6385
1406.40766739565,6386
1406.29869002655,6387
1406.34813126234,6388
1405.8910226309,6389
1405.1089773691,6390
1404.65186873766,6391
1404.755798658,6392
1405,6393
1405.3531787111,6394
1406.05448868455,6395
1407,6396
1407.8910226309,6397
1408.40261994689,6398
1408.54289136856,6399
1408.81028734255,6400
1409.244201342,6401
1409.755798658,6402
1410.18971265745,6403
1410.45710863144,6404
1410.54289136856,6405
1410.81028734255,6405.94551131545
1411.29869002655,6406.70130997345
1412,6407.29869002655
1412.6468212889,6408.05448868455
1413,6409
1413.244201342,6410
1413.40261994689,6411
1413.29869002655,6412
1413.40766739565,6412.94551131545
1414.05448868455,6413.70130997345
1414.8910226309,6414.29869002655
1415.34813126234,6415.05448868455
1415.29869002655,6416
1415.40766739565,6417
1416,6418
1416.70130997345,6419
1417.29869002655,6420
1417.94551131545,6421
1418.40261994689,6422
1418.59738005311,6423
1419.1089773691,6424
1420,6425
1420.94551131545,6426
1421.70130997345,6427
1422.18971265745,6428
1422.34813126234,6429
1421.94551131545,6430
1421.29869002655,6431
1420.70130997345,6432
1419.94551131545,6433
1419.05448868455,6434
1418.40766739565,6435
1418.29869002655,6436
1418.34813126234,6437
1417.94551131545,6438
1417.29869002655,6439
1416.81028734255,6440
1416.65186873766,6441
1417.1089773691,6441.94551131545
1418,6442.70130997345
1418.94551131545,6443.29869002655
1419.70130997345,6444.05448868455
1420.244201342,6445
1420.6468212889,6446
1420.70130997345,6447
1420.65186873766,6448
1421.05448868455,6449
1421.70130997345,6450
1422.244201342,6451
1422.6468212889,6452
1422.6468212889,6453
1422.3531787111,6454
1422.40766739565,6455
1422.94551131545,6456
1423.29364257779,6457
1422.8910226309,6458
1422.05448868455,6459
1421.29869002655,6460
1420.755798658,6461
1420.244201342,6462
1419.70130997345,6463
1419,6464
1418.29869002655,6465
1417.755798658,6466
1417.29869002655,6467
1417.1089773691,6468
1417.244201342,6469
1417.40261994689,6470
1417.18971265745,6471
1416.81028734255,6472
1416.54289136856,6473
1416.40261994689,6474
1415.8910226309,6475
1415.05448868455,6476
1414.29869002655,6477
1413.81028734255,6478
1413.65186873766,6479
1414.05448868455,6480
1414.70130997345,6481
1415.18971265745,6482
1415.34813126234,6483
1414.8910226309,6484
1414.1089773691,6485
1413.65186873766,6486
1413.81028734255,6487
1414.244201342,6488
1414.755798658,6489
1415.244201342,6490
1415.6468212889,6491
1415.59233260435,6492
1415.05448868455,6493
1414.59738005311,6494
1414.40261994689,6495
1414,6496
1413.7063574222,6497
1414.1089773691,6498
1414.94551131545,6499
1415.70130997345,6500
1416.29869002655,6501
1417.05448868455,6502
1417.94551131545,6503
1418.6468212889,6504
1418.8910226309,6505
1418.6468212889,6506
1417.94551131545,6507
1417,6508
1416.1089773691,6509
1415.59738005311,6510
1415.51159731599,6511
1415.48840268401,6512
1415.45710863144,6513
1415.244201342,6514
1415,6515
1414.6468212889,6516
1414.05448868455,6517
1413.7063574222,6518
1414,6519
1414.40261994689,6520
1414.48840268401,6521
1414.40261994689,6522
1414,6523
1413.59738005311,6524
1413.45710863144,6525
1413.18971265745,6526
1412.755798658,6527
1412.3531787111,6528
1412.3531787111,6529
1412.755798658,6530
1413.18971265745,6531
1413.34813126234,6532
1412.8910226309,6533
1412,6534
1411.1089773691,6535
1410.59738005311,6536
1410.51159731599,6537
1410.48840268401,6538
1410.45710863144,6539
1410.29869002655,6540
1410.40766739565,6541
1411.05448868455,6542
1411.94551131545,6543
1412.6468212889,6544
1412.94551131545,6545
1413,6546
1413.05448868455,6547
1413.244201342,6548
1413.40261994689,6549
1413.18971265745,6550
1412.81028734255,6551
1412.54289136856,6552
1412.40261994689,6553
1412,6554
1411.59738005311,6555
1411.40261994689,6556
1411,6557
1410.59738005311,6558
1410.51159731599,6559
1410.48840268401,6560
1410.40261994689,6561
1409.94551131545,6562
1409.40766739565,6563
1409.29869002655,6564
1409.34813126234,6565
1408.94551131545,6565.94551131545
1408.3531787111,6566.6468212889
1420.38216560509,6592.35668789809
1420.38216560509,6617.83439490446
1433.12101910828,6630.57324840764
1433.12101910828,6643.31210191083
1433.12101910828,6668.7898089172
1445.85987261146,6681.52866242038
1445.85987261146,6694.26751592357
1445.85987261146,6707.00636942675
1445.85987261146,6719.74522292994
1445.85987261146,6732.48407643312
1458.59872611465,6745.2229299363
1458.59872611465,6757.96178343949
1458.59872611465,6770.70063694267
1458.59872611465,6783.43949044586
1458.59872611465,6796.17834394904
1458.59872611465,6808.91719745223
1458.59872611465,6821.65605095541
1458.59872611465,6834.3949044586
1458.59872611465,6847.13375796178
1458.59872611465,6859.87261146497
1458.59872611465,6872.61146496815
1458.59872611465,6885.35031847134
1458.59872611465,6898.08917197452
1458.59872611465,6910.82802547771
1458.59872611465,6923.56687898089
1458.59872611465,6936.30573248408
1458.59872611465,6949.04458598726
1458.59872611465,6961.78343949044
1458.59872611465,6974.52229299363
1458.59872611465,6987.26114649681
1471.33757961783,7000
1471.33757961783,7012.73885350318
1471.33757961783,7038.21656050955
1471.33757961783,7050.95541401274
1471.33757961783,7063.69426751592
1471.33757961783,7076.43312101911
1484.07643312102,7089.17197452229
1484.07643312102,7101.91082802548
1484.07643312102,7114.64968152866
1484.07643312102,7127.38853503185
1484.07643312102,7140.12738853503
1484.07643312102,7152.86624203822
1484.07643312102,7165.6050955414
1496.8152866242,7178.34394904458
1496.8152866242,7191.08280254777
1509.55414012739,7203.82165605095
1509.55414012739,7216.56050955414
1509.55414012739,7229.29936305732
1522.29299363057,7254.77707006369
1522.29299363057,7267.51592356688
1535.03184713376,7292.99363057325
1535.03184713376,7305.73248407643
1535.03184713376,7318.47133757962
1535.03184713376,7331.2101910828
1547.77070063694,7331.2101910828
1547.77070063694,7343.94904458599
1547.77070063694,7356.68789808917
1560.50955414013,7369.42675159235
1573.24840764331,7369.42675159235
1573.24840764331,7382.16560509554
1585.9872611465,7382.16560509554
1598.72611464968,7394.90445859872
1611.46496815287,7407.64331210191
1611.46496815287,7420.38216560509
1624.20382165605,7433.12101910828
1624.20382165605,7445.85987261146
1624.20382165605,7458.59872611465
1636.94267515923,7471.33757961783
1649.68152866242,7484.07643312102
1649.68152866242,7496.8152866242
1662.4203821656,7509.55414012739
1675.15923566879,7522.29299363057
1687.89808917197,7535.03184713376
1687.89808917197,7547.77070063694
1700.63694267516,7547.77070063694
1713.37579617834,7560.50955414013
1726.11464968153,7573.24840764331
1738.85350318471,7585.9872611465
1751.5923566879,7585.9872611465
1751.5923566879,7598.72611464968
1764.33121019108,7598.72611464968
1777.07006369427,7611.46496815286
1789.80891719745,7624.20382165605
1802.54777070064,7636.94267515924
1815.28662420382,7649.68152866242
1815.28662420382,7662.4203821656
1828.02547770701,7675.15923566879
1840.76433121019,7675.15923566879
1840.76433121019,7687.89808917197
1840.76433121019,7700.63694267516
1853.50318471338,7700.63694267516
1853.50318471338,7713.37579617834
1866.24203821656,7726.11464968153
1866.24203821656,7738.85350318471
1878.98089171974,7738.85350318471
1878.98089171974,7751.5923566879
1878.98089171974,7764.33121019108
1891.71974522293,7764.33121019108
1891.71974522293,7777.07006369427
1904.45859872611,7777.07006369427
1904.45859872611,7789.80891719745
1917.1974522293,7802.54777070063
1929.93630573248,7815.28662420382
1929.93630573248,7828.02547770701
1942.67515923567,7828.02547770701
1955.41401273885,7840.76433121019
1955.41401273885,7853.50318471337
1968.15286624204,7866.24203821656
1968.15286624204,7878.98089171974
1980.89171974522,7891.71974522293
1993.63057324841,7904.45859872611
1993.63057324841,7917.1974522293
2019.10828025478,7929.93630573248
2031.84713375796,7955.41401273885
2044.58598726115,7968.15286624204
2057.32484076433,7980.89171974522
2057.32484076433,7993.63057324841
2070.06369426752,7993.63057324841
2082.8025477707,8006.36942675159
2082.8025477707,8019.10828025478
2095.54140127388,8019.10828025478
2108.28025477707,8031.84713375796
2121.01910828025,8044.58598726115
2133.75796178344,8057.32484076433
2146.49681528662,8057.32484076433
2159.23566878981,8070.06369426752
2171.97452229299,8070.06369426752
2171.97452229299,8082.8025477707
2184.71337579618,8095.54140127388
2197.45222929936,8095.54140127388
2197.45222929936,8108.28025477707
2210.19108280255,8108.28025477707
2222.92993630573,8121.01910828025
2235.66878980892,8146.49681528662
2248.4076433121,8146.49681528662
2248.4076433121,8159.23566878981
2261.14649681528,8159.23566878981
2273.88535031847,8171.97452229299
2286.62420382166,8184.71337579618
2299.36305732484,8184.71337579618
2299.36305732484,8197.45222929936
2312.10191082803,8210.19108280255
2324.84076433121,8210.19108280255
2337.57961783439,8222.92993630573
2350.31847133758,8222.92993630573
2363.05732484076,8235.66878980892
2388.53503184713,8248.4076433121
2401.27388535032,8248.4076433121
2414.0127388535,8261.14649681528
2426.75159235669,8261.14649681528
2426.75159235669,8273.88535031847
2439.49044585987,8273.88535031847
2452.22929936306,8286.62420382166
2464.96815286624,8286.62420382166
2477.70700636943,8299.36305732484
2490.44585987261,8299.36305732484
2503.18471337579,8312.10191082803
2503.18471337579,8312.10191082803
2501.6468212889,8313.3531787111
2501.05448868455,8314.05448868455
2500.59738005311,8315
2500.45710863144,8316
2500.18971265745,8317
2499.81028734255,8318
2499.65186873766,8319
2500.05448868455,8320
2500.6468212889,8321
2500.8910226309,8322
2500.755798658,8323
2500.65186873766,8324
2501.1089773691,8325
2501.8910226309,8326
2502.29364257779,8327
2502,8328
2501.7063574222,8329
2502.1089773691,8330
2503,8331
2504,8332
2505,8333
2506,8334
2506.94551131545,8335
2507.70130997345,8336
2508.244201342,8337
2508.755798658,8338
2509.244201342,8339
2509.755798658,8340
2510.29869002655,8341
2510.94551131545,8342
2511.29364257779,8343
2511,8344
2510.70635742221,8345
2511,8346
2511.40261994689,8347
2511.54289136856,8348
2511.81028734255,8349
2512.18971265745,8350
2512.45710863144,8351
2512.48840268401,8352
2512.40261994689,8353
2511.8910226309,8354
2511.1089773691,8355
2510.59738005311,8356
2510.40261994689,8357
2509.94551131545,8358
2509.29869002655,8359
2508.81028734255,8360
2508.54289136856,8361
2508.45710863144,8362
2508.18971265745,8363
2507.70130997345,8364
2506.94551131545,8365
2506.05448868455,8366
2505.29869002655,8367
2504.81028734255,8368
2504.54289136856,8369
2504.45710863144,8370
2504.244201342,8371
2504.1089773691,8372
2504.29869002655,8372.94551131545
2504.70130997345,8373.6468212889
2504.68582565891,8378.0979958619
2504.68582565891,8382.67424641973
2509.26207621675,8391.8267475354
2509.26207621675,8396.40299809323
2513.83832677458,8396.40299809323
2513.83832677458,8400.97924865106
2518.41457733241,8405.55549920889
2518.41457733241,8410.13174976672
2522.99082789024,8410.13174976672
2522.99082789024,8414.70800032456
2527.56707844807,8419.28425088239
2532.1433290059,8423.86050144022
2536.71957956374,8423.86050144022
2536.71957956374,8428.43675199805
2541.29583012157,8433.01300255588
2545.8720806794,8433.01300255588
2545.8720806794,8437.58925311372
2550.44833123723,8437.58925311372
2555.02458179506,8437.58925311372
2559.6008323529,8442.16550367155
2564.17708291073,8446.74175422938
2568.75333346856,8451.31800478721
2573.32958402639,8455.89425534504
2577.90583458422,8455.89425534504
2582.48208514206,8460.47050590288
2587.05833569989,8460.47050590288
2591.63458625772,8460.47050590288
2591.63458625772,8465.04675646071
2596.21083681555,8465.04675646071
2605.36333793122,8465.04675646071
2609.93958848905,8469.62300701854
2619.09208960471,8474.19925757637
2637.39709183604,8478.7755081342
2646.5495929517,8483.35175869204
2651.12584350954,8483.35175869204
2655.70209406737,8483.35175869204
2660.2783446252,8483.35175869204
2678.58334685653,8492.5042598077
2696.88834908786,8501.65676092336
2706.04085020352,8506.2330114812
2710.61710076135,8506.2330114812
2715.19335131918,8506.2330114812
2719.76960187702,8506.2330114812
2724.34585243485,8510.80926203903
2738.07460410834,8510.80926203903
2747.22710522401,8515.38551259686
2756.37960633967,8515.38551259686
2760.9558568975,8519.96176315469
2765.53210745533,8519.96176315469
2770.10835801317,8519.96176315469
2774.684608571,8519.96176315469
2779.26085912883,8524.53801371252
2783.83710968666,8524.53801371252
2788.41336024449,8524.53801371252
2792.98961080233,8529.11426427036
2797.56586136016,8529.11426427036
2802.14211191799,8529.11426427036
2806.71836247582,8529.11426427036
2811.29461303365,8529.11426427036
2815.87086359149,8529.11426427036
2825.02336470715,8529.11426427036
2829.59961526498,8529.11426427036
2834.17586582281,8529.11426427036
2847.90461749631,8529.11426427036
2857.05711861197,8529.11426427036
2870.78587028547,8529.11426427036
2875.3621208433,8529.11426427036
2879.93837140113,8529.11426427036
2884.51462195897,8529.11426427036
2889.0908725168,8529.11426427036
2893.66712307463,8529.11426427036
2898.24337363246,8529.11426427036
2907.39587474813,8529.11426427036
2911.97212530596,8529.11426427036
2916.54837586379,8529.11426427036
2921.12462642162,8529.11426427036
2925.70087697945,8529.11426427036
2930.27712753729,8529.11426427036
2934.85337809512,8533.69051482819
2944.00587921078,8533.69051482819
2953.15838032645,8533.69051482819
2962.31088144211,8538.26676538602
2966.88713199994,8538.26676538602
2971.46338255777,8538.26676538602
2976.03963311561,8542.84301594385
2980.61588367344,8542.84301594385
2985.19213423127,8542.84301594385
2989.7683847891,8542.84301594385
2994.34463534693,8547.41926650168
2998.92088590477,8547.41926650168
3008.07338702043,8547.41926650168
3012.64963757826,8547.41926650168
3017.22588813609,8547.41926650168
3021.80213869393,8551.99551705951
3026.37838925176,8551.99551705951
3030.95463980959,8551.99551705951
3035.53089036742,8551.99551705951
3044.68339148308,8551.99551705951
3049.25964204092,8551.99551705951
3058.41214315658,8551.99551705951
3062.98839371441,8551.99551705951
3067.56464427224,8551.99551705951
3072.14089483008,8551.99551705951
3076.71714538791,8551.99551705951
3085.86964650357,8551.99551705951
3095.02214761924,8551.99551705951
3099.59839817707,8551.99551705951
3104.1746487349,8551.99551705951
3108.75089929273,8551.99551705951
3113.32714985056,8551.99551705951
3117.9034004084,8551.99551705951
3122.47965096623,8551.99551705951
3131.63215208189,8551.99551705951
3140.78465319756,8551.99551705951
3145.36090375539,8551.99551705951
3154.51340487105,8551.99551705951
3168.24215654455,8551.99551705951
3186.54715877588,8551.99551705951
3200.27591044937,8551.99551705951
3218.5809126807,8551.99551705951
3236.88591491203,8551.99551705951
3255.19091714336,8551.99551705951
3273.49591937468,8551.99551705951
3291.80092160601,8551.99551705951
3305.52967327951,8551.99551705951
3319.258424953,8551.99551705951
3328.41092606867,8551.99551705951
3342.13967774216,8551.99551705951
3351.29217885783,8551.99551705951
3355.86842941566,8551.99551705951
3360.44467997349,8551.99551705951
3365.02093053132,8551.99551705951
3374.17343164699,8551.99551705951
3378.74968220482,8551.99551705951
3387.90218332048,8551.99551705951
3401.63093499398,8551.99551705951
3410.78343610964,8551.99551705951
3429.08843834097,8551.99551705951
3447.3934405723,8551.99551705951
3456.54594168796,8551.99551705951
3465.69844280363,8551.99551705951
3474.85094391929,8551.99551705951
3484.00344503495,8551.99551705951
3493.15594615062,8551.99551705951
3497.73219670845,8551.99551705951
3538.91845172894,8551.99551705951
3589.25720786509,8551.99551705951
3607.56221009642,8551.99551705951
3621.29096176991,8551.99551705951
3639.59596400124,8551.99551705951
3657.90096623257,8551.99551705951
3671.62971790606,8547.41926650168
3694.51097069522,8547.41926650168
3717.39222348438,8547.41926650168
3744.84972683138,8542.84301594385
3758.57847850487,8542.84301594385
3776.8834807362,8542.84301594385
3790.6122324097,8542.84301594385
3799.76473352536,8538.26676538602
3808.91723464102,8538.26676538602
3818.06973575669,8538.26676538602
3831.79848743018,8538.26676538602
3850.10348966151,8533.69051482819
3868.40849189284,8533.69051482819
3886.71349412417,8533.69051482819
3895.86599523983,8529.11426427036
3905.01849635549,8529.11426427036
3914.17099747116,8529.11426427036
3918.74724802899,8529.11426427036
3923.32349858682,8529.11426427036
3932.47599970249,8529.11426427036
3941.62850081815,8529.11426427036
3946.20475137598,8524.53801371252
3950.78100193381,8524.53801371252
3955.35725249165,8524.53801371252
3964.50975360731,8524.53801371252
3969.08600416514,8524.53801371252
3978.23850528081,8524.53801371252
3987.39100639647,8524.53801371252
4001.11975806997,8519.96176315469
4010.27225918563,8519.96176315469
4014.84850974346,8519.96176315469
4028.57726141696,8519.96176315469
4033.15351197479,8515.38551259686
4074.33976699528,8510.80926203903
4083.49226811094,8510.80926203903
4097.22101978444,8510.80926203903
4115.52602201577,8506.2330114812
4133.83102424709,8501.65676092336
4142.98352536276,8501.65676092336
4156.71227703625,8501.65676092336
4165.86477815192,8497.08051036553
4170.44102870975,8497.08051036553
4179.59352982541,8492.5042598077
4188.74603094108,8492.5042598077
4202.47478261457,8487.92800924987
4225.35603540373,8483.35175869204
4243.66103763506,8483.35175869204
4257.38978930856,8478.7755081342
4271.11854098205,8478.7755081342
4280.27104209772,8478.7755081342
4289.42354321338,8474.19925757637
4298.57604432904,8474.19925757637
4303.15229488688,8469.62300701854
4312.30479600254,8469.62300701854
4316.88104656037,8465.04675646071
4326.03354767604,8465.04675646071
4330.60979823387,8460.47050590288
4376.37230381219,8446.74175422938
4431.28731050617,8423.86050144022
4440.43981162183,8419.28425088239
4449.5923127375,8419.28425088239
4454.16856329533,8414.70800032456
4458.74481385316,8414.70800032456
4463.32106441099,8410.13174976672
4467.89731496883,8410.13174976672
4477.04981608449,8405.55549920889
4481.62606664232,8405.55549920889
4486.20231720015,8400.97924865106
4495.35481831582,8400.97924865106
4499.93106887365,8396.40299809323
4504.50731943148,8396.40299809323
4509.08356998931,8391.8267475354
4513.65982054715,8391.8267475354
4518.23607110498,8387.25049697756
4522.81232166281,8387.25049697756
4527.38857222064,8382.67424641973
4531.96482277847,8378.0979958619
4536.54107333631,8378.0979958619
4541.11732389414,8373.52174530407
4545.69357445197,8373.52174530407
4545.69357445197,8368.94549474624
4554.84607556763,8368.94549474624
4559.42232612547,8364.3692441884
4568.57482724113,8359.79299363057
4573.15107779896,8355.21674307274
4582.30357891463,8350.64049251491
4586.87982947246,8350.64049251491
4586.87982947246,8346.06424195708
4591.45608003029,8346.06424195708
4596.03233058812,8341.48799139924
4600.60858114595,8341.48799139924
4605.18483170378,8336.91174084141
4609.76108226162,8336.91174084141
4614.33733281945,8332.33549028358
4618.91358337728,8332.33549028358
4623.48983393511,8327.75923972575
4628.06608449294,8327.75923972575
4637.21858560861,8323.18298916792
4641.79483616644,8318.60673861009
4646.37108672427,8314.03048805225
4650.9473372821,8314.03048805225
4655.52358783994,8314.03048805225
4660.09983839777,8309.45423749442
4660.09983839777,8304.87798693659
4664.6760889556,8304.87798693659
4669.25233951343,8300.30173637876
4673.82859007126,8300.30173637876
4678.4048406291,8295.72548582093
4682.98109118693,8295.72548582093
4687.55734174476,8291.14923526309
4696.70984286042,8291.14923526309
4705.86234397609,8286.57298470526
4710.43859453392,8286.57298470526
4715.01484509175,8286.57298470526
4719.59109564958,8286.57298470526
4719.59109564958,8281.99673414743
4724.16734620742,8281.99673414743
4733.31984732308,8277.4204835896
4751.62484955441,8272.84423303176
4756.20110011224,8272.84423303176
4765.3536012279,8268.26798247393
4769.92985178574,8268.26798247393
4774.50610234357,8263.6917319161
4779.0823529014,8263.6917319161
4783.65860345923,8259.11548135827
4788.23485401706,8259.11548135827
4792.8111045749,8254.53923080044
4797.38735513273,8254.53923080044
4801.96360569056,8249.96298024261
4811.11610680622,8249.96298024261
4815.69235736406,8249.96298024261
4815.69235736406,8245.38672968477
4820.26860792189,8245.38672968477
4852.30236182671,8227.08172745345
4888.91236628937,8213.35297577995
4893.4886168472,8208.77672522212
4898.06486740503,8208.77672522212
4902.64111796286,8204.20047466429
4907.21736852069,8199.62422410645
4911.79361907853,8199.62422410645
4916.36986963636,8195.04797354862
4920.94612019419,8190.47172299079
4925.52237075202,8185.89547243296
4934.67487186769,8185.89547243296
4939.25112242552,8181.31922187513
4948.40362354118,8176.74297131729
4952.97987409901,8172.16672075946
4957.55612465685,8172.16672075946
4962.13237521468,8167.59047020163
4966.70862577251,8163.0142196438
4971.28487633034,8163.0142196438
4975.86112688817,8163.0142196438
4975.86112688817,8158.43796908597
4980.43737744601,8158.43796908597
4985.01362800384,8153.86171852813
4989.58987856167,8153.86171852813
4989.58987856167,8149.2854679703
4994.1661291195,8149.2854679703
4998.74237967733,8144.70921741247
5003.31863023517,8140.13296685464
5012.47113135083,8140.13296685464
5017.04738190866,8135.55671629681
5021.62363246649,8130.98046573897
5026.19988302433,8130.98046573897
5030.77613358216,8126.40421518114
5035.35238413999,8121.82796462331
5039.92863469782,8121.82796462331
5044.50488525565,8117.25171406548
5049.08113581349,8112.67546350765
5053.65738637132,8112.67546350765
5058.23363692915,8108.09921294981
5062.80988748698,8103.52296239198
5067.38613804481,8103.52296239198
5067.38613804481,8098.94671183415
5071.96238860265,8098.94671183415
5076.53863916048,8094.37046127632
5081.11488971831,8089.79421071849
5085.69114027614,8085.21796016065
5090.26739083397,8080.64170960282
5094.8436413918,8076.06545904499
5099.41989194964,8071.48920848716
5103.99614250747,8066.91295792933
5108.5723930653,8066.91295792933
5108.5723930653,8062.3367073715
5113.14864362313,8057.76045681366
5117.72489418096,8053.18420625583
5126.87739529663,8048.607955698
5131.45364585446,8039.45545458233
5136.02989641229,8034.8792040245
5140.60614697012,8030.30295346667
5145.18239752796,8025.72670290884
5149.75864808579,8021.15045235101
5154.33489864362,8016.57420179318
5154.33489864362,8011.99795123534
5158.91114920145,8007.42170067751
5163.48739975928,8002.84545011968
5168.06365031712,8002.84545011968
5168.06365031712,7998.26919956185
5168.06365031712,7993.69294900402
5172.63990087495,7993.69294900402
5177.21615143278,7989.11669844618
5177.21615143278,7984.54044788835
5181.79240199061,7979.96419733052
5186.36865254844,7975.38794677269
5190.94490310628,7975.38794677269
5195.52115366411,7970.81169621486
5195.52115366411,7966.23544565702
5200.09740422194,7966.23544565702
5200.09740422194,7961.65919509919
5204.67365477977,7957.08294454136
5209.2499053376,7952.50669398353
5218.40240645327,7947.9304434257
5222.9786570111,7943.35419286786
5227.55490756893,7938.77794231003
5232.13115812676,7934.2016917522
5236.7074086846,7934.2016917522
5241.28365924243,7929.62544119437
5245.85990980026,7925.04919063654
5250.43616035809,7920.4729400787
5255.01241091592,7915.89668952087
5259.58866147376,7911.32043896304
5264.16491203159,7911.32043896304
5268.74116258942,7906.74418840521
5273.31741314725,7902.16793784738
5277.89366370508,7897.59168728954
5287.04616482075,7888.43918617388
5296.19866593641,7883.86293561605
5300.77491649424,7879.28668505822
5300.77491649424,7874.71043450038
5305.35116705208,7870.13418394255
5309.92741760991,7870.13418394255
5314.50366816774,7865.55793338472
5319.07991872557,7860.98168282689
5319.07991872557,7856.40543226906
5323.6561692834,7851.82918171122
5323.6561692834,7847.25293115339
5328.23241984124,7847.25293115339
5328.23241984124,7842.67668059556
5328.23241984124,7838.10043003773
5328.23241984124,7833.5241794799
5328.23241984124,7828.94792892207
5328.23241984124,7824.37167836423
5328.23241984124,7819.7954278064
5328.23241984124,7815.21917724857
5328.23241984124,7810.64292669074
5328.23241984124,7806.0666761329
5328.23241984124,7801.49042557507
5332.80867039907,7796.91417501724
5332.80867039907,7792.33792445941
5332.80867039907,7787.76167390158
5332.80867039907,7783.18542334375
5337.3849209569,7778.60917278591
5337.3849209569,7774.03292222808
5337.3849209569,7769.45667167025
5337.3849209569,7764.88042111242
5337.3849209569,7760.30417055459
5341.96117151473,7760.30417055459
5341.96117151473,7755.72791999675
5341.96117151473,7751.15166943892
5346.53742207256,7746.57541888109
5346.53742207256,7741.99916832326
5346.53742207256,7737.42291776543
5346.53742207256,7732.84666720759
5346.53742207256,7728.27041664976
5346.53742207256,7723.69416609193
5346.53742207256,7719.1179155341
5346.53742207256,7714.54166497627
5346.53742207256,7709.96541441843
5355.68992318823,7636.74540549312
5364.84242430389,7554.37289545215
5364.84242430389,7549.79664489432
5364.84242430389,7545.22039433648
5369.41867486172,7540.64414377865
5369.41867486172,7540.64414377865
5370.3531787111,7539.6468212889
5371.05448868455,7538.94551131545
5372,7538
5372.94551131545,7537
5373.59233260435,7536
5373.6468212889,7535
5373.29869002655,7534
5373,7533
5372.70130997345,7532
5372.244201342,7531
5371.755798658,7530
5371.29869002655,7529
5371.05448868455,7528
5370.94551131545,7527
5370.70130997345,7526
5370.3531787111,7525
5370.40766739565,7524
5371,7523
5371.70130997345,7522
5372.29869002655,7521
5373,7520
5373.59233260435,7519
5373.6468212889,7518
5373.244201342,7517
5372.81028734255,7516
5372.65186873766,7515
5373.05448868455,7514
5373.59233260435,7513
5373.59233260435,7512
5372.94551131545,7511
5372,7510
5371.1089773691,7509
5370.59738005311,7508
5370.51159731599,7507
5370.54289136856,7506
5370.81028734255,7505
5371.29869002655,7504
5372.05448868455,7503
5372.94551131545,7502
5373.70130997345,7501
5374.29869002655,7500
5375.05448868455,7499
5376,7498
5377,7497
5378,7496
5379,7495
5379.94551131545,7494
5380.59233260435,7493
5380.6468212889,7492
5380.244201342,7491
5379.755798658,7490
5379.244201342,7489
5378.81028734255,7488
5378.54289136856,7487
5378.51159731599,7486
5378.59738005311,7485
5379.1089773691,7484
5379.94551131545,7483
5380.6468212889,7482
5380.8910226309,7481
5380.70130997345,7480
5380.3531787111,7479
5380.40766739565,7478
5381.05448868455,7477
5381.94551131545,7476
5382.6468212889,7475
5382.8910226309,7474
5382.70130997345,7473
5382.29869002655,7472
5382.05448868455,7471
5382,7470
5382.05448868455,7469
5382.244201342,7468
5382.40261994689,7467
5382.244201342,7466
5382.1089773691,7465
5382.3531787111,7464
5382.94551131545,7463
5383.40261994689,7462
5383.54289136856,7461
5383.70130997345,7460
5383.59233260435,7459
5383.05448868455,7458
5382.7063574222,7457
5383.1089773691,7456
5383.94551131545,7455
5384.70130997345,7454
5385.244201342,7453
5385.6468212889,7452
5385.6468212889,7451
5385.244201342,7450
5384.70130997345,7449
5384,7448
5383.3531787111,7447
5383.1089773691,7446
5383.244201342,7445
5383.34813126234,7444
5383,7443
5382.7063574222,7442
5383,7441
5383.29364257779,7440
5382.94551131545,7439
5382.29869002655,7438
5381.81028734255,7437
5381.65186873765,7436
5382,7435
5382.34813126234,7434
5382.18971265745,7433
5381.755798658,7432
5381.3531787111,7431
5381.40766739565,7430
5382.05448868455,7429
5382.94551131545,7428
5383.59233260435,7427
5383.6468212889,7426
5383.244201342,7425
5382.70130997345,7424
5381.94551131545,7423
5381,7422
5380.1089773691,7421
5379.65186873765,7420
5379.70130997345,7419
5379.70130997345,7418
5379.65186873766,7417
5380.05448868455,7416
5380.6468212889,7415
5380.8910226309,7414
5380.6468212889,7413
5379.94551131545,7412
5379.1089773691,7411
5378.7063574222,7410
5379.1089773691,7409
5380,7408
5380.8910226309,7407
5381.40261994689,7406
5381.5973800531,7405
5382.1089773691,7404
5383,7403
5384,7402
5385,7401
5386,7400.05448868455
5386.94551131545,7399.3531787111
5387.6468212889,7399.05448868455
5392.29992765088,7398.78037648586
5392.29992765088,7394.20412592803
5396.87617820871,7389.6278753702
5406.02867932438,7375.8991236967
5415.18118044004,7348.44162034971
5424.33368155571,7330.13661811838
5428.90993211354,7316.40786644488
5433.48618267137,7307.25536532922
5438.0624332292,7302.67911477139
5438.0624332292,7298.10286421356
5442.63868378703,7293.52661365572
5447.21493434487,7288.95036309789
5447.21493434487,7284.37411254006
5447.21493434487,7279.79786198223
5451.7911849027,7279.79786198223
5451.7911849027,7275.2216114244
5456.36743546053,7270.64536086657
5456.36743546053,7266.06911030873
5460.94368601836,7261.4928597509
5460.94368601836,7256.91660919307
5465.51993657619,7252.34035863524
5465.51993657619,7247.7641080774
5465.51993657619,7243.18785751957
5470.09618713403,7234.03535640391
5470.09618713403,7229.45910584608
5474.67243769186,7224.88285528825
5474.67243769186,7220.30660473041
5474.67243769186,7215.73035417258
5479.24868824969,7206.57785305692
5479.24868824969,7202.00160249909
5483.82493880752,7197.42535194125
5483.82493880752,7192.84910138342
5483.82493880752,7188.27285082559
5483.82493880752,7183.69660026776
5488.40118936535,7179.12034970992
5488.40118936535,7174.54409915209
5492.97743992319,7169.96784859426
5492.97743992319,7165.39159803643
5497.55369048102,7156.23909692077
5497.55369048102,7151.66284636293
5502.12994103885,7147.0865958051
5502.12994103885,7142.51034524727
5506.70619159668,7137.93409468944
5506.70619159668,7133.35784413161
5511.28244215451,7124.20534301594
5511.28244215451,7119.62909245811
5515.85869271235,7105.90034078461
5520.43494327018,7092.17158911112
5520.43494327018,7087.59533855329
5520.43494327018,7083.01908799545
5525.01119382801,7078.44283743762
5525.01119382801,7069.29033632196
5525.01119382801,7064.71408576413
5525.01119382801,7060.13783520629
5525.01119382801,7055.56158464846
5529.58744438584,7046.4090835328
5529.58744438584,7041.83283297497
5529.58744438584,7032.6803318593
5529.58744438584,7014.37532962798
5534.16369494367,7000.64657795448
5534.16369494367,6996.07032739665
5538.73994550151,6986.91782628098
5538.73994550151,6982.34157572315
5538.73994550151,6977.76532516532
5538.73994550151,6973.18907460749
5538.73994550151,6968.61282404965
5538.73994550151,6959.46032293399
5543.31619605934,6954.88407237616
5543.31619605934,6950.30782181833
5543.31619605934,6945.7315712605
5547.89244661717,6936.57907014483
5547.89244661717,6932.002819587
5547.89244661717,6927.42656902917
5547.89244661717,6922.85031847134
5547.89244661717,6918.2740679135
5547.89244661717,6895.39281512434
5547.89244661717,6877.08781289302
5547.89244661717,6872.51156233518
5552.468697175,6867.93531177735
5552.468697175,6863.35906121952
5552.468697175,6858.78281066169
5552.468697175,6854.20656010386
5552.468697175,6849.63030954602
5552.468697175,6845.05405898819
5552.468697175,6840.47780843036
5552.468697175,6840.47780843036
5551.3531787111,6838.6468212889
5552,6837.94551131545
5552.59233260435,6837
5552.59233260435,6836
5552.05448868455,6835
5551.65186873765,6834
5551.70130997345,6833
5551.59233260435,6832
5551.05448868455,6831
5550.7063574222,6830
5551.1089773691,6829
5551.94551131545,6828
5552.59233260435,6827
5552.70130997345,6826
5552.65186873765,6825
5553.05448868455,6824
5553.6468212889,6823
5553.8910226309,6822
5553.6468212889,6821
5553,6820
5552.3531787111,6819
5552.1089773691,6818
5552.29869002655,6817
5552.6468212889,6816
5552.6468212889,6815
5552.29869002655,6814.05448868455
5552.05448868455,6813.3531787111
5552.468697175,6808.44405452554
5552.468697175,6803.86780396771
5552.468697175,6799.29155340987
5552.468697175,6794.71530285204
5552.468697175,6790.13905229421
5557.04494773283,6785.56280173638
5557.04494773283,6776.41030062071
5557.04494773283,6771.83405006288
5557.04494773283,6762.68154894722
5561.62119829067,6758.10529838938
5561.62119829067,6753.52904783155
5566.1974488485,6744.37654671589
5566.1974488485,6739.80029615806
5566.1974488485,6735.22404560023
5566.1974488485,6730.64779504239
5570.77369940633,6730.64779504239
5570.77369940633,6726.07154448456
5570.77369940633,6721.49529392673
5575.34994996416,6712.34279281107
5575.34994996416,6707.76654225323
5575.34994996416,6703.1902916954
5579.92620052199,6694.03779057974
5579.92620052199,6689.46154002191
5579.92620052199,6684.88528946407
5579.92620052199,6680.30903890624
5584.50245107982,6675.73278834841
5584.50245107982,6671.15653779058
5584.50245107982,6666.58028723275
5584.50245107982,6666.58028723275
5586.05448868455,6665.6468212889
5586.29869002655,6664.94551131545
5586.755798658,6664
5587.18971265745,6663
5587.34813126234,6662
5587,6661
5586.7063574222,6660
5587.05448868455,6659
5587.70130997345,6658
5588.29869002655,6657
5589.05448868455,6656
5589.8910226309,6655
5590.34813126234,6654
5590.244201342,6653
5590.1089773691,6652
5590.3531787111,6651
5591,6650
5591.6468212889,6649
5592,6648
5592.29869002655,6647
5592.755798658,6646
5593.244201342,6645
5593.6468212889,6644
5593.6468212889,6643
5593.244201342,6642
5592.755798658,6641
5592.3531787111,6640
5592.29869002655,6639
5592.45710863144,6638
5592.59738005311,6637
5593.1089773691,6636
5594,6635
5594.94551131545,6634
5595.6468212889,6633
5595.8910226309,6632
5595.6468212889,6631
5595.05448868455,6630
5594.7063574222,6629
5595.1089773691,6628
5596,6627
5596.8910226309,6626
5597.34813126234,6625
5597.29869002655,6624
5597.40766739565,6623
5598.05448868455,6622
5598.94551131545,6621
5599.70130997345,6620
5600.29869002655,6619
5601.05448868455,6618
5602,6617
5602.8910226309,6616
5603.40261994689,6615
5603.54289136856,6614
5603.81028734255,6613
5604.244201342,6612
5604.755798658,6611
5605.18971265745,6610
5605.34813126234,6609
5605,6608
5604.7063574222,6607
5605.05448868455,6606
5605.70130997345,6605.05448868455
5606.29869002655,6604.29869002655
5607,6603.70130997345
5607.6468212889,6602.94551131545
5607.8910226309,6602
5607.755798658,6601
5607.65186873765,6600
5608.1089773691,6599
5609,6598
5609.94551131545,6597
5610.6468212889,6596
5610.8910226309,6595
5610.70130997345,6594
5610.244201342,6593
5609.755798658,6592
5609.3531787111,6591
5609.40766739565,6590
5610.05448868455,6589
5611,6588
5612,6587
5613,6586
5614,6585
5614.94551131545,6584
5615.59233260435,6583
5615.70130997345,6582
5615.65186873765,6581
5616.05448868455,6580
5616.70130997345,6579
5617.18971265745,6578
5617.45710863144,6577
5617.59738005311,6576
5618,6575
5618.34813126234,6574
5618.29869002655,6573
5618.40766739565,6572
5619.05448868455,6571
5619.8910226309,6570
5620.34813126234,6569
5620.29869002655,6568
5620.40766739565,6567
5621,6566
5621.59233260435,6565
5621.70130997345,6564
5621.65186873765,6563
5622.1089773691,6562
5622.94551131545,6561
5623.59233260435,6560
5623.70130997345,6559
5623.54289136856,6558
5623.51159731599,6557
5623.59738005311,6556
5624,6555
5624.29364257779,6554
5624,6553
5623.7063574222,6552
5624.1089773691,6551
5624.8910226309,6550
5625.34813126234,6549
5625.244201342,6548
5625.1089773691,6547
5625.3531787111,6546
5626.05448868455,6545
5627,6544
5627.8910226309,6543
5628.40261994689,6542
5628.5973800531,6541
5629.05448868455,6540
5629.70130997345,6539
5630.29869002655,6538
5631.05448868455,6537
5631.94551131545,6536
5632.70130997345,6535
5633.244201342,6534
5633.755798658,6533
5634.29869002655,6532
5635.05448868455,6531
5636,6530
5637,6529
5638,6528
5639,6527
5639.8910226309,6526
5640.34813126234,6525
5640.29869002655,6524
5640.3531787111,6523
5640.6468212889,6522
5640.70130997345,6521
5640.54289136856,6520
5640.51159731599,6519
5640.48840268401,6518
5640.51159731599,6517
5640.48840268401,6516
5640.51159731599,6515
5640.48840268401,6514
5640.51159731599,6513
5640.48840268401,6512
5640.51159731599,6511
5640.59738005311,6510
5641.1089773691,6509
5641.94551131545,6508
5642.6468212889,6507
5643,6506
5643.29869002655,6505
5643.755798658,6504
5644.18971265745,6503
5644.45710863144,6502
5644.54289136856,6501
5644.81028734255,6500
5645.29869002655,6499
5646.05448868455,6498
5647,6497
5647.94551131545,6496
5648.70130997345,6495
5649.29869002655,6494
5650,6493
5650.70130997345,6492
5651.29869002655,6491
5651.94551131545,6490
5652.40261994689,6489
5652.48840268401,6488
5652.40261994689,6487
5652,6486
5651.59738005311,6485
5651.51159731599,6484
5651.48840268401,6483
5651.40261994689,6482
5651,6481
5650.7063574222,6480
5651.1089773691,6479
5652,6478
5652.94551131545,6477
5653.70130997345,6476
5654.29869002655,6475
5654.94551131545,6474
5655.40261994689,6473
5655.59738005311,6472
5656,6471
5656.40261994689,6470
5656.59738005311,6469
5657,6468
5657.40261994689,6467
5657.48840268401,6466
5657.45710863144,6465
5657.29869002655,6464
5657.3531787111,6463
5657.70130997345,6462
5658,6461
5658.3531787111,6460
5659.05448868455,6459
5660,6458
5660.8910226309,6457
5661.40261994689,6456
5661.48840268401,6455
5661.45710863144,6454
5661.29869002655,6453
5661.3531787111,6452
5661.755798658,6451
5662.18971265745,6450
5662.45710863144,6449
5662.48840268401,6448
5662.51159731599,6447
5662.59738005311,6446
5663,6445
5663.40261994689,6444
5663.59738005311,6443
5664.1089773691,6442
5665,6441
5666,6440
5667,6439
5668,6438
5669,6437
5669.94551131545,6436
5670.6468212889,6435
5671,6434
5671.3531787111,6433.05448868455
5672.05448868455,6432.29869002655
5672.8910226309,6431.70130997345
5673.40261994689,6430.94551131545
5673.59738005311,6430
5674.05448868455,6429
5674.6468212889,6428
5675,6427
5675.3531787111,6426
5676.05448868455,6425
5676.94551131545,6424
5677.59233260435,6423
5677.6468212889,6422
5677.244201342,6421
5676.70130997345,6420
5676,6419
5675.3531787111,6418
5675.1089773691,6417
5675.29869002655,6416.05448868455
5675.70130997345,6415.3531787111
5721.78996781478,6112.85396973508
5722.6468212889,6111.6468212889
5721.94551131545,6110.94551131545
5721,6110
5720.1089773691,6109
5719.65186873766,6108
5719.70130997345,6107
5719.59233260435,6106
5719,6105
5718.40766739565,6104
5718.40766739565,6103
5719.05448868455,6102
5719.8910226309,6101
5720.40261994689,6100
5720.54289136856,6099
5720.70130997345,6098
5720.70130997345,6097
5720.65186873766,6096
5721.05448868455,6095
5721.70130997345,6094
5722.29869002655,6093
5722.94551131545,6092
5723.34813126234,6091
5723.29869002655,6090
5723.29869002655,6089
5723.34813126234,6088
5722.94551131545,6087
5722.40766739565,6086
5722.40766739565,6085
5723.05448868455,6084
5724,6083
5724.8910226309,6082
5725.34813126234,6081
5725.29869002655,6080
5725.40766739565,6079
5726.05448868455,6078
5727,6077
5727.8910226309,6076
5728.29364257779,6075
5727.8910226309,6074
5727.1089773691,6073
5726.5973800531,6072
5726.51159731599,6071
5726.5973800531,6070
5727.05448868455,6069
5727.59233260435,6068
5727.70130997345,6067
5727.65186873765,6066
5728,6065
5728.40261994689,6064
5728.48840268401,6063
5728.40261994689,6062
5728,6061
5727.7063574222,6060
5728.1089773691,6059
5729,6058
5730,6057
5731,6056
5731.94551131545,6055
5732.59233260435,6054
5732.59233260435,6053
5732.05448868455,6052
5731.7063574222,6051
5732.1089773691,6050
5733,6049
5734,6048
5735,6047
5736,6046
5737,6045
5737.8910226309,6044
5738.34813126234,6043
5738.29869002655,6042
5738.40766739565,6041
5739.05448868455,6040
5740,6039
5741,6038
5741.8910226309,6037
5742.34813126234,6036
5742.29869002655,6035
5742.3531787111,6034
5742.6468212889,6033
5742.6468212889,6032
5742.244201342,6031
5741.81028734255,6030
5741.65186873765,6029
5742.1089773691,6028
5742.8910226309,6027
5743.34813126234,6026
5743.18971265745,6025
5742.81028734255,6024
5742.65186873765,6023
5743.05448868455,6022
5743.6468212889,6021
5743.94551131545,6020
5744,6019
5744.05448868455,6018
5744.3531787111,6017
5745,6016
5745.59233260435,6015
5745.6468212889,6014
5745.3531787111,6013
5745.29869002655,6012
5745.45710863144,6011
5745.54289136856,6010
5745.755798658,6009
5745.94551131545,6008
5746.05448868455,6007
5746.29869002655,6006
5746.755798658,6005
5747.29869002655,6004
5748.05448868455,6003
5749,6002
5750,6001
5751,6000
5752,5999
5752.8910226309,5998
5753.40261994689,5997
5753.59738005311,5996
5754,5995
5754.34813126234,5994
5754.29869002655,5993
5754.40766739565,5992
5754.94551131545,5991
5755.34813126234,5990
5755.29869002655,5989
5755.29869002655,5988
5755.40261994689,5987
5755.29869002655,5986
5755.29869002655,5985
5755.45710863144,5984
5755.5973800531,5983
5756.1089773691,5982
5757,5981
5757.94551131545,5980
5758.6468212889,5979
5759,5978
5759.29869002655,5977
5759.6468212889,5976
5759.70130997345,5975
5759.5973800531,5974
5759.755798658,5973
5759.8910226309,5972
5759.755798658,5971
5759.65186873765,5970
5760.1089773691,5969
5761,5968
5762,5967
5762.94551131545,5966
5763.70130997345,5965
5764.29869002655,5964
5765,5963
5765.70130997345,5962
5766.244201342,5961
5766.755798658,5960
5767.29869002655,5959
5767.94551131545,5958
5768.34813126234,5957
5768.18971265745,5956
5767.70130997345,5955
5767,5954
5766.29869002655,5953
5765.81028734255,5952
5765.65186873765,5951
5766,5950
5766.40261994689,5949
5766.5973800531,5948
5767,5947
5767.40261994689,5946
5767.48840268401,5945
5767.40261994689,5944
5766.8910226309,5943
5766,5942
5765.1089773691,5941
5764.65186873765,5940
5764.70130997345,5939
5764.6468212889,5938
5764.244201342,5937
5763.70130997345,5936
5762.94551131545,5935
5762.05448868455,5934
5761.40766739565,5933
5761.40766739565,5932
5762.05448868455,5931
5762.94551131545,5930
5763.70130997345,5929
5764.29869002655,5928
5765,5927
5765.70130997345,5926
5766.29869002655,5925
5767,5924
5767.70130997345,5923
5768.244201342,5922
5768.6468212889,5921
5768.6468212889,5920
5768.244201342,5919
5767.81028734255,5918
5767.65186873766,5917
5768.05448868455,5916
5768.70130997345,5915
5769.29869002655,5914
5770,5913
5770.70130997345,5912
5771.244201342,5911
5771.6468212889,5910
5771.59233260435,5909
5771.05448868455,5908
5770.65186873766,5907
5770.81028734255,5906
5771.244201342,5905
5771.70130997345,5904
5771.8910226309,5903
5771.755798658,5902
5771.65186873766,5901
5772.05448868455,5900
5772.6468212889,5899
5772.94551131545,5898
5773,5897
5773.05448868455,5896
5773.244201342,5895
5773.34813126234,5894
5773,5893
5772.7063574222,5892
5773.05448868455,5891
5773.70130997345,5890
5774.244201342,5889
5774.6468212889,5888
5774.70130997345,5887
5774.5973800531,5886
5774.81028734255,5885
5775.244201342,5884
5775.755798658,5883
5776.29869002655,5882
5777.05448868455,5881
5777.94551131545,5880
5778.70130997345,5879
5779.244201342,5878
5779.6468212889,5877
5779.6468212889,5876
5779.3531787111,5875
5779.40766739565,5874
5780,5873
5780.59233260435,5872
5780.70130997345,5871
5780.65186873766,5870
5781,5869
5781.29364257779,5868
5781,5867
5780.59738005311,5866
5780.40261994689,5865
5779.8910226309,5864
5779,5863
5778,5862
5777.05448868455,5861
5776.3531787111,5860
5776.1089773691,5859
5776.3531787111,5858
5776.94551131545,5857
5777.34813126234,5856
5777.29869002655,5855
5777.29869002655,5854
5777.45710863144,5853
5777.48840268401,5852
5777.51159731599,5851
5777.54289136856,5850
5777.81028734255,5849
5778.29869002655,5848
5778.94551131545,5847
5779.34813126234,5846
5779.29869002655,5845
5779.40766739565,5844.05448868455
5780.05448868455,5843.29869002655
5780.8910226309,5842.70130997345
5781.34813126234,5841.94551131545
5781.244201342,5841
5781.1089773691,5840
5781.244201342,5839
5781.45710863144,5838
5781.48840268401,5837
5781.51159731599,5836
5781.48840268401,5835
5781.51159731599,5834
5781.59738005311,5833
5782.1089773691,5832
5783,5831
5783.8910226309,5830
5784.40261994689,5829
5784.5973800531,5828
5785,5827
5785.29364257779,5826
5784.94551131545,5825
5784.40766739565,5824
5784.40766739565,5823
5784.94551131545,5822
5785.40261994689,5821
5785.48840268401,5820
5785.45710863144,5819
5785.244201342,5818
5785.1089773691,5817
5785.3531787111,5816
5785.94551131545,5815
5786.34813126234,5814
5786.29869002655,5813
5786.29869002655,5812
5786.45710863144,5811
5786.48840268401,5810
5786.51159731599,5809
5786.54289136856,5808
5786.81028734255,5807
5787.18971265745,5806
5787.40261994689,5805
5787.29869002655,5804
5787.40766739565,5803
5788.05448868455,5802
5789,5801
5790,5800
5791,5799
5792,5798
5792.94551131545,5797
5793.6468212889,5796
5793.94551131545,5795
5794.05448868455,5794
5794.244201342,5793
5794.34813126234,5792
5793.94551131545,5791
5793.29869002655,5790
5792.81028734255,5789
5792.5973800531,5788
5792.81028734255,5787
5793.244201342,5786
5793.755798658,5785
5794.244201342,5784
5794.6468212889,5783
5794.70130997345,5782
5794.65186873765,5781
5795.1089773691,5780
5795.94551131545,5779
5796.70130997345,5778
5797.29869002655,5777
5798,5776
5798.70130997345,5775
5799.244201342,5774.1089773691
5799.70130997345,5773.65186873765
5799.94551131545,5773.755798658
5854.50121011501,5527.09374227433
5959.75497294515,4858.96116083086
5999.94551131545,4532.3531787111
