5993.63057324841,4503.18471337579
5908.63369687372,4817.40607585766
5892.85842096924,4817.40607585766
5871.82471976326,4817.40607585766
5866.56629446177,4817.40607585766
5861.30786916028,4817.40607585766
5856.04944385878,4822.66450115915
5850.79101855729,4822.66450115915
5840.2741679543,4822.66450115915
5835.01574265281,4827.92292646065
5829.75731735132,4827.92292646065
5824.49889204982,4827.92292646065
5819.24046674833,4827.92292646065
5813.98204144683,4833.18135176214
5808.72361614534,4833.18135176214
5803.46519084385,4833.18135176214
5798.20676554235,4833.18135176214
5792.94834024086,4833.18135176214
5787.68991493937,4838.43977706363
5782.43148963787,4838.43977706363
5777.17306433638,4838.43977706363
5771.91463903489,4843.69820236513
5766.65621373339,4843.69820236513
5761.3977884319,4843.69820236513
5756.13936313041,4843.69820236513
5750.88093782891,4843.69820236513
5750.88093782891,4848.95662766662
5745.62251252742,4848.95662766662
5740.36408722592,4848.95662766662
5735.10566192443,4848.95662766662
5729.84723662294,4854.21505296811
5724.58881132144,4854.21505296811
5719.33038601995,4859.47347826961
5714.07196071846,4859.47347826961
5708.81353541696,4864.7319035711
5698.29668481397,4869.9903288726
5693.03825951248,4869.9903288726
5687.77983421099,4869.9903288726
5682.5214089095,4875.24875417409
5677.262983608,4875.24875417409
5672.00455830651,4875.24875417409
5666.74613300501,4875.24875417409
5666.74613300501,4880.50717947558
5661.48770770352,4880.50717947558
5661.48770770352,4885.76560477708
5656.22928240203,4885.76560477708
5650.97085710053,4891.02403007857
5645.71243179904,4896.28245538006
5640.45400649755,4901.54088068156
5635.19558119605,4906.79930598305
5635.19558119605,4912.05773128454
5629.93715589456,4912.05773128454
5629.93715589456,4917.31615658604
5624.67873059306,4922.57458188753
5624.67873059306,4927.83300718903
5619.42030529157,4933.09143249052
5614.16187999008,4933.09143249052
5614.16187999008,4938.34985779201
5608.90345468858,4943.60828309351
5603.64502938709,4948.866708395
5603.64502938709,4954.12513369649
5598.3866040856,4959.38355899799
5593.1281787841,4964.64198429948
5587.86975348261,4964.64198429948
5582.61132818112,4969.90040960097
5577.35290287962,4975.15883490247
5572.09447757813,4980.41726020396
5566.83605227664,4985.67568550545
5561.57762697514,4990.93411080695
5561.57762697514,4996.19253610844
5551.06077637215,5001.45096140994
5545.80235107066,5006.70938671143
5540.54392576917,5011.96781201292
5535.28550046767,5017.22623731442
5530.02707516618,5022.48466261591
5524.76864986469,5027.7430879174
5514.2517992617,5033.0015132189
5508.99337396021,5038.25993852039
5508.99337396021,5043.51836382188
5503.73494865871,5043.51836382188
5498.47652335722,5048.77678912338
5493.21809805572,5054.03521442487
5487.95967275423,5059.29363972637
5482.70124745274,5064.55206502786
5477.44282215124,5075.06891563085
5472.18439684975,5080.32734093234
5466.92597154826,5085.58576623383
5461.66754624676,5090.84419153533
5456.40912094527,5096.10261683682
5451.15069564378,5101.36104213831
5451.15069564378,5106.61946743981
5445.89227034228,5117.13631804279
5440.63384504079,5122.39474334429
5435.3754197393,5127.65316864578
5430.1169944378,5138.17001924877
5430.1169944378,5143.42844455026
5424.85856913631,5148.68686985176
5419.60014383481,5153.94529515325
5419.60014383481,5159.20372045474
5414.34171853332,5164.46214575624
5409.08329323183,5169.72057105773
5409.08329323183,5174.97899635922
5403.82486793033,5180.23742166072
5403.82486793033,5185.49584696221
5398.56644262884,5190.75427226371
5393.30801732735,5196.0126975652
5393.30801732735,5201.27112286669
5388.04959202585,5206.52954816819
5388.04959202585,5211.78797346968
5382.79116672436,5217.04639877117
5382.79116672436,5222.30482407267
5377.53274142287,5222.30482407267
5377.53274142287,5227.56324937416
5372.27431612137,5232.82167467565
5367.01589081988,5238.08009997715
5367.01589081988,5243.33852527864
5361.75746551839,5243.33852527864
5361.75746551839,5248.59695058013
5356.49904021689,5259.11380118312
5351.2406149154,5264.37222648462
5345.9821896139,5269.63065178611
5340.72376431241,5280.1475023891
5340.72376431241,5285.40592769059
5335.46533901092,5290.66435299208
5330.20691370942,5295.92277829358
5324.94848840793,5301.18120359507
5309.17321250345,5316.95647949955
5303.91478720195,5327.47333010254
5298.65636190046,5327.47333010254
5298.65636190046,5332.73175540403
5293.39793659897,5337.99018070553
5288.13951129748,5343.24860600702
5282.88108599598,5348.50703130851
5277.62266069449,5353.76545661001
5272.36423539299,5353.76545661001
5272.36423539299,5359.0238819115
5267.1058100915,5364.28230721299
5261.84738479001,5369.54073251449
5256.58895948851,5380.05758311747
5251.33053418702,5385.31600841897
5246.07210888553,5390.57443372046
5240.81368358403,5395.83285902196
5235.55525828254,5401.09128432345
5230.29683298104,5406.34970962494
5225.03840767955,5411.60813492644
5225.03840767955,5416.86656022793
5219.77998237806,5422.12498552942
5219.77998237806,5427.38341083092
5214.52155707656,5432.64183613241
5214.52155707656,5437.9002614339
5209.26313177507,5443.1586867354
5209.26313177507,5448.41711203689
5204.00470647358,5448.41711203689
5204.00470647358,5453.67553733839
5198.74628117208,5458.93396263988
5193.48785587059,5464.19238794137
5193.48785587059,5469.45081324287
5188.2294305691,5474.70923854436
5182.9710052676,5479.96766384585
5177.71257996611,5490.48451444884
5172.45415466462,5495.74293975033
5161.93730406163,5506.25979035332
5156.67887876013,5511.51821565481
5151.42045345864,5516.77664095631
5146.16202815715,5522.0350662578
5140.90360285565,5527.2934915593
5135.64517755416,5532.55191686079
5130.38675225267,5537.81034216228
5130.38675225267,5543.06876746378
5125.12832695117,5548.32719276527
5119.86990164968,5558.84404336826
5114.61147634819,5564.10246866975
5109.35305104669,5569.36089397124
5104.0946257452,5574.61931927274
5104.0946257452,5579.87774457423
5098.8362004437,5579.87774457423
5093.57777514221,5585.13616987573
5088.31934984072,5595.65302047871
5083.06092453922,5600.91144578021
5077.80249923773,5606.1698710817
5072.54407393624,5611.42829638319
5067.28564863474,5616.68672168469
5062.02722333325,5621.94514698618
5056.76879803176,5627.20357228767
5051.51037273026,5632.46199758917
5051.51037273026,5637.72042289066
5046.25194742877,5637.72042289066
5046.25194742877,5642.97884819216
5040.99352212728,5642.97884819216
5035.73509682578,5653.49569879514
5030.47667152429,5658.75412409664
5025.21824622279,5664.01254939813
5025.21824622279,5669.27097469962
5019.9598209213,5674.52940000112
5014.70139561981,5679.78782530261
5009.44297031831,5685.0462506041
5004.18454501682,5690.3046759056
4998.92611971533,5695.56310120709
4993.66769441383,5706.07995181008
4988.40926911234,5716.59680241307
4967.37556790637,5727.11365301605
4951.60029200188,5742.88892892053
4946.34186670039,5748.14735422203
4941.0834413989,5758.66420482501
4935.8250160974,5763.92263012651
4930.56659079591,5763.92263012651
4925.30816549442,5769.181055428
4920.04974019292,5774.4394807295
4914.79131489143,5774.4394807295
4909.53288958993,5779.69790603099
4904.27446428844,5784.95633133248
4899.01603898695,5790.21475663398
4888.49918838396,5795.47318193547
4883.24076308247,5795.47318193547
4877.98233778097,5800.73160723696
4872.72391247948,5805.99003253846
4867.46548717799,5811.24845783995
4862.20706187649,5811.24845783995
4856.948636575,5816.50688314144
4851.69021127351,5821.76530844294
4846.43178597201,5827.02373374443
4841.17336067052,5827.02373374443
4835.91493536902,5832.28215904592
4830.65651006753,5837.54058434742
4814.88123416305,5842.79900964891
4799.10595825857,5853.3158602519
4788.58910765558,5858.57428555339
4778.0722570526,5858.57428555339
4772.8138317511,5863.83271085489
4767.55540644961,5869.09113615638
4762.29698114811,5869.09113615638
4757.03855584662,5874.34956145787
4751.78013054513,5874.34956145787
4746.52170524363,5879.60798675937
4736.00485464065,5884.86641206086
4725.48800403766,5890.12483736235
4709.71272813318,5900.64168796534
4693.9374522287,5911.15853856833
4688.6790269272,5911.15853856833
4683.42060162571,5916.41696386982
4678.16217632422,5916.41696386982
4678.16217632422,5921.67538917132
4672.90375102272,5921.67538917132
4667.64532572123,5926.93381447281
4662.38690041974,5932.1922397743
4657.12847511824,5937.4506650758
4651.87004981675,5937.4506650758
4646.61162451526,5942.70909037729
4641.35319921376,5942.70909037729
4636.09477391227,5947.96751567878
4630.83634861077,5947.96751567878
4620.31949800779,5953.22594098028
4609.8026474048,5958.48436628177
4588.76894619882,5969.00121688476
4562.47681969136,5984.77649278924
4541.44311848538,5990.03491809073
4530.9262678824,5995.29334339223
4525.6678425809,6000.55176869372
4520.40941727941,6000.55176869372
4515.15099197791,6005.81019399521
4509.89256667642,6005.81019399521
4499.37571607343,6011.06861929671
4488.85886547045,6021.58546989969
4467.82516426447,6032.10232050268
4446.7914630585,6037.36074580418
4431.01618715402,6047.87759640716
4415.24091124954,6047.87759640716
4404.72406064655,6053.13602170866
4399.46563534506,6058.39444701015
4388.94878474207,6063.65287231164
4383.69035944058,6063.65287231164
4373.17350883759,6068.91129761314
4367.91508353609,6074.16972291463
4362.6566582346,6074.16972291463
4357.39823293311,6079.42814821612
4352.13980763161,6079.42814821612
4346.88138233012,6084.68657351762
4341.62295702863,6084.68657351762
4336.36453172713,6089.94499881911
4331.10610642564,6095.2034241206
4325.84768112415,6095.2034241206
4315.33083052116,6100.4618494221
4310.07240521967,6105.72027472359
4299.55555461668,6110.97870002509
4289.03870401369,6116.23712532658
4283.7802787122,6121.49555062807
4278.5218534107,6121.49555062807
4273.26342810921,6126.75397592957
4268.00500280772,6132.01240123106
4257.48815220473,6137.27082653255
4246.97130160174,6142.52925183405
4241.71287630025,6147.78767713554
4236.45445099875,6147.78767713554
4231.19602569726,6153.04610243703
4225.93760039577,6158.30452773853
4215.42074979278,6163.56295304002
4204.90389918979,6174.07980364301
4194.3870485868,6179.3382289445
4178.61177268232,6184.596654246
4168.09492207934,6195.11350484898
4157.57807147635,6200.37193015048
4152.31964617486,6205.63035545197
4147.06122087336,6210.88878075346
4141.80279557187,6210.88878075346
4141.80279557187,6216.14720605496
4136.54437027038,6216.14720605496
4131.28594496888,6221.40563135645
4126.02751966739,6226.66405665794
4120.76909436589,6231.92248195944
4115.5106690644,6231.92248195944
4110.25224376291,6237.18090726093
4104.99381846141,6242.43933256243
4094.47696785843,6247.69775786392
4094.47696785843,6252.95618316541
4083.96011725544,6252.95618316541
4078.70169195395,6258.21460846691
4073.44326665245,6263.4730337684
4068.18484135096,6268.73145906989
4062.92641604946,6273.98988437139
4052.40956544648,6279.24830967288
4047.15114014498,6279.24830967288
4041.89271484349,6284.50673497437
4036.634289542,6289.76516027587
4031.3758642405,6295.02358557736
4026.11743893901,6295.02358557736
4026.11743893901,6300.28201087885
4020.85901363752,6300.28201087885
4015.60058833602,6305.54043618035
4005.08373773304,6310.79886148184
3999.82531243154,6316.05728678334
3994.56688713005,6321.31571208483
3989.30846182856,6321.31571208483
3984.05003652706,6326.57413738632
3978.79161122557,6331.83256268782
3968.27476062258,6337.09098798931
3963.01633532109,6337.09098798931
3957.75791001959,6347.6078385923
3947.24105941661,6352.86626389379
3941.98263411511,6352.86626389379
3926.20735821063,6363.38311449678
3915.69050760765,6368.64153979827
3905.17365700466,6379.15839040126
3894.65680640167,6384.41681570275
3884.13995579868,6394.93366630574
3873.6231051957,6400.19209160723
3868.3646798942,6400.19209160723
3863.10625459271,6405.45051690873
3857.84782929122,6410.70894221022
3852.58940398972,6410.70894221022
3847.33097868823,6421.22579281321
3842.07255338673,6421.22579281321
3836.81412808524,6426.4842181147
3831.55570278375,6431.7426434162
3826.29727748225,6437.00106871769
3821.03885218076,6442.25949401918
3810.52200157777,6447.51791932068
3805.26357627628,6452.77634462217
3800.00515097479,6452.77634462217
3794.74672567329,6458.03476992366
3789.4883003718,6463.29319522516
3784.2298750703,6468.55162052665
3773.71302446732,6473.81004582814
3768.45459916582,6473.81004582814
3763.19617386433,6479.06847112964
3757.93774856284,6484.32689643113
3752.67932326134,6489.58532173262
3747.42089795985,6494.84374703412
3742.16247265836,6494.84374703412
3736.90404735686,6500.10217233561
3731.64562205537,6505.36059763711
3726.38719675387,6510.6190229386
3721.12877145238,6510.6190229386
3715.87034615089,6515.87744824009
3710.61192084939,6521.13587354159
3705.3534955479,6526.39429884308
3700.09507024641,6526.39429884308
3694.83664494491,6531.65272414457
3689.57821964342,6536.91114944607
3673.80294373894,6542.16957474756
3658.02766783446,6547.42800004905
3652.76924253296,6552.68642535055
3647.51081723147,6552.68642535055
3642.25239192998,6557.94485065204
3636.99396662848,6557.94485065204
3631.73554132699,6557.94485065204
3631.73554132699,6563.20327595354
3615.96026542251,6563.20327595354
3600.18498951803,6568.46170125503
3589.66813891504,6573.72012655652
3579.15128831205,6578.97855185802
3573.89286301056,6578.97855185802
3563.37601240757,6584.23697715951
3558.11758710608,6584.23697715951
3547.60073650309,6589.495402461
3537.08388590011,6589.495402461
3531.82546059861,6594.7538277625
3521.30860999562,6594.7538277625
3516.05018469413,6594.7538277625
3510.79175939264,6600.01225306399
3505.53333409114,6600.01225306399
3500.27490878965,6600.01225306399
3489.75805818666,6605.27067836548
3479.24120758368,6605.27067836548
3473.98278228218,6610.52910366698
3468.72435698069,6610.52910366698
3463.4659316792,6615.78752896847
3458.2075063777,6615.78752896847
3452.94908107621,6615.78752896847
3447.69065577471,6615.78752896847
3442.43223047322,6621.04595426996
3437.17380517173,6621.04595426996
3431.91537987023,6621.04595426996
3426.65695456874,6621.04595426996
3421.39852926725,6621.04595426996
3416.14010396575,6626.30437957146
3410.88167866426,6626.30437957146
3405.62325336277,6626.30437957146
3400.36482806127,6626.30437957146
3395.10640275978,6626.30437957146
3384.58955215679,6626.30437957146
3379.3311268553,6626.30437957146
3374.0727015538,6626.30437957146
3368.81427625231,6626.30437957146
3363.55585095082,6626.30437957146
3358.29742564932,6626.30437957146
3353.03900034783,6626.30437957146
3347.78057504634,6626.30437957146
3342.52214974484,6626.30437957146
3337.26372444335,6626.30437957146
3332.00529914185,6626.30437957146
3326.74687384036,6626.30437957146
3321.48844853887,6626.30437957146
3316.23002323737,6626.30437957146
3310.97159793588,6626.30437957146
3305.71317263439,6626.30437957146
3300.45474733289,6626.30437957146
3295.1963220314,6626.30437957146
3289.93789672991,6626.30437957146
3284.67947142841,6626.30437957146
3279.42104612692,6626.30437957146
3274.16262082543,6626.30437957146
3268.90419552393,6626.30437957146
3263.64577022244,6626.30437957146
3253.12891961945,6626.30437957146
3247.87049431796,6626.30437957146
3242.61206901646,6626.30437957146
3237.35364371497,6626.30437957146
3232.09521841348,6626.30437957146
3226.83679311198,6626.30437957146
3221.57836781049,6626.30437957146
3216.319942509,6626.30437957146
3211.0615172075,6626.30437957146
3205.80309190601,6626.30437957146
3200.54466660452,6626.30437957146
3195.28624130302,6626.30437957146
3190.02781600153,6626.30437957146
3184.76939070003,6626.30437957146
3179.51096539854,6626.30437957146
3174.25254009705,6621.04595426996
3168.99411479555,6621.04595426996
3163.73568949406,6621.04595426996
3153.21883889107,6621.04595426996
3147.96041358958,6621.04595426996
3142.70198828809,6621.04595426996
3137.44356298659,6621.04595426996
3132.1851376851,6621.04595426996
3126.9267123836,6621.04595426996
3121.66828708211,6621.04595426996
3116.40986178062,6621.04595426996
3111.15143647912,6621.04595426996
3105.89301117763,6621.04595426996
3100.63458587614,6621.04595426996
3095.37616057464,6621.04595426996
3090.11773527315,6621.04595426996
3084.85930997166,6615.78752896847
3074.34245936867,6615.78752896847
3069.08403406718,6610.52910366698
3063.82560876568,6610.52910366698
3058.56718346419,6610.52910366698
3053.30875816269,6605.27067836548
3048.0503328612,6600.01225306399
3042.79190755971,6600.01225306399
3037.53348225821,6600.01225306399
3027.01663165523,6594.7538277625
3021.75820635373,6589.495402461
3016.49978105224,6589.495402461
3000.72450514776,6578.97855185802
2984.94922924328,6573.72012655652
2974.43237864029,6568.46170125503
2963.9155280373,6563.20327595354
2953.39867743432,6557.94485065204
2937.62340152984,6552.68642535055
2927.10655092685,6547.42800004905
2921.84812562535,6547.42800004905
2916.58970032386,6542.16957474756
2911.33127502237,6542.16957474756
2911.33127502237,6536.91114944607
2906.07284972087,6536.91114944607
2900.81442441938,6531.65272414457
2895.55599911789,6531.65272414457
2890.29757381639,6531.65272414457
2885.0391485149,6526.39429884308
2874.52229791191,6521.13587354159
2869.26387261042,6521.13587354159
2864.00544730892,6515.87744824009
2858.74702200743,6515.87744824009
2853.48859670594,6510.6190229386
2842.97174610295,6505.36059763711
2837.71332080146,6505.36059763711
2827.19647019847,6500.10217233561
2816.67961959548,6500.10217233561
2811.42119429399,6494.84374703412
2806.16276899249,6494.84374703412
2800.904343691,6489.58532173262
2795.64591838951,6484.32689643113
2790.38749308801,6484.32689643113
2790.38749308801,6479.06847112964
2785.12906778652,6479.06847112964
2785.12906778652,6473.81004582814
2779.87064248503,6473.81004582814
2774.61221718353,6468.55162052665
2769.35379188204,6463.29319522516
2764.09536658055,6458.03476992366
2753.57851597756,6447.51791932068
2748.32009067607,6442.25949401918
2743.06166537457,6442.25949401918
2737.80324007308,6437.00106871769
2732.54481477158,6431.7426434162
2732.54481477158,6426.4842181147
2727.28638947009,6421.22579281321
2716.7695388671,6415.96736751171
2711.51111356561,6410.70894221022
2706.25268826412,6405.45051690873
2700.99426296262,6400.19209160723
2695.73583766113,6394.93366630574
2690.47741235964,6389.67524100425
2685.21898705814,6389.67524100425
2679.96056175665,6379.15839040126
2674.70213645515,6373.89996509976
2669.44371115366,6373.89996509976
2664.18528585217,6368.64153979827
2664.18528585217,6363.38311449678
2658.92686055067,6358.12468919529
2658.92686055067,6352.86626389379
2653.66843524918,6347.6078385923
2648.41000994769,6342.3494132908
2643.15158464619,6331.83256268782
2637.8931593447,6326.57413738632
2637.8931593447,6321.31571208483
2632.63473404321,6316.05728678334
2632.63473404321,6310.79886148184
2632.63473404321,6305.54043618035
2627.37630874171,6300.28201087885
2627.37630874171,6295.02358557736
2627.37630874171,6289.76516027587
2622.11788344022,6284.50673497437
2622.11788344022,6279.24830967288
2622.11788344022,6273.98988437139
2622.11788344022,6268.73145906989
2616.85945813873,6263.4730337684
2616.85945813873,6258.21460846691
2616.85945813873,6252.95618316541
2616.85945813873,6247.69775786392
2616.85945813873,6242.43933256243
2616.85945813873,6237.18090726093
2616.85945813873,6231.92248195944
2616.85945813873,6226.66405665794
2616.85945813873,6221.40563135645
2616.85945813873,6216.14720605496
2616.85945813873,6210.88878075346
2616.85945813873,6205.63035545197
2616.85945813873,6200.37193015048
2616.85945813873,6195.11350484898
2616.85945813873,6189.85507954749
2616.85945813873,6184.596654246
2616.85945813873,6179.3382289445
2616.85945813873,6168.82137834151
2616.85945813873,6163.56295304002
2616.85945813873,6158.30452773853
2616.85945813873,6153.04610243703
2616.85945813873,6147.78767713554
2616.85945813873,6142.52925183405
2616.85945813873,6137.27082653255
2616.85945813873,6132.01240123106
2616.85945813873,6126.75397592957
2616.85945813873,6116.23712532658
2622.11788344022,6110.97870002509
2622.11788344022,6105.72027472359
2622.11788344022,6100.4618494221
2627.37630874171,6095.2034241206
2627.37630874171,6089.94499881911
2632.63473404321,6084.68657351762
2632.63473404321,6079.42814821612
2632.63473404321,6074.16972291463
2637.8931593447,6068.91129761314
2637.8931593447,6063.65287231164
2643.15158464619,6058.39444701015
2643.15158464619,6047.87759640716
2648.41000994769,6042.61917110567
2653.66843524918,6037.36074580418
2653.66843524918,6026.84389520119
2658.92686055067,6021.58546989969
2658.92686055067,6016.3270445982
2664.18528585217,6011.06861929671
2669.44371115366,6005.81019399521
2674.70213645515,6000.55176869372
2674.70213645515,5995.29334339223
2679.96056175665,5995.29334339223
2679.96056175665,5990.03491809073
2685.21898705814,5984.77649278924
2690.47741235964,5984.77649278924
2690.47741235964,5979.51806748774
2695.73583766113,5974.25964218625
2700.99426296262,5969.00121688476
2706.25268826412,5963.74279158326
2711.51111356561,5958.48436628177
2711.51111356561,5953.22594098028
2716.7695388671,5953.22594098028
2722.0279641686,5947.96751567878
2727.28638947009,5942.70909037729
2732.54481477158,5937.4506650758
2737.80324007308,5926.93381447281
2743.06166537457,5921.67538917132
2748.32009067607,5905.90011326683
2758.83694127905,5890.12483736235
2764.09536658055,5884.86641206086
2769.35379188204,5874.34956145787
2774.61221718353,5869.09113615638
2779.87064248503,5863.83271085489
2785.12906778652,5858.57428555339
2790.38749308801,5853.3158602519
2795.64591838951,5848.05743495041
2800.904343691,5842.79900964891
2811.42119429399,5832.28215904592
2811.42119429399,5827.02373374443
2821.93804489698,5821.76530844294
2827.19647019847,5811.24845783995
2832.45489549996,5805.99003253846
2837.71332080146,5795.47318193547
2842.97174610295,5790.21475663398
2848.23017140444,5784.95633133248
2853.48859670594,5779.69790603099
2858.74702200743,5774.4394807295
2858.74702200743,5763.92263012651
2869.26387261042,5758.66420482501
2874.52229791191,5753.40577952352
2874.52229791191,5748.14735422203
2879.78072321341,5742.88892892053
2879.78072321341,5732.37207831755
2885.0391485149,5727.11365301605
2890.29757381639,5721.85522771456
2895.55599911789,5716.59680241307
2900.81442441938,5706.07995181008
2906.07284972087,5695.56310120709
2906.07284972087,5690.3046759056
2911.33127502237,5685.0462506041
2911.33127502237,5679.78782530261
2916.58970032386,5674.52940000112
2916.58970032386,5669.27097469962
2921.84812562535,5658.75412409664
2927.10655092685,5642.97884819216
2927.10655092685,5632.46199758917
2932.36497622834,5621.94514698618
2937.62340152984,5611.42829638319
2937.62340152984,5600.91144578021
2942.88182683133,5595.65302047871
2942.88182683133,5590.39459517722
2942.88182683133,5585.13616987573
2942.88182683133,5579.87774457423
2948.14025213282,5574.61931927274
2948.14025213282,5569.36089397124
2948.14025213282,5564.10246866975
2953.39867743432,5558.84404336826
2953.39867743432,5548.32719276527
2953.39867743432,5543.06876746378
2958.65710273581,5537.81034216228
2958.65710273581,5532.55191686079
2958.65710273581,5527.2934915593
2963.9155280373,5522.0350662578
2963.9155280373,5516.77664095631
2963.9155280373,5516.77664095631
2965.3531787111,5515.6468212889
2966.05448868455,5514.94551131545
2967,5514
2967.94551131545,5513
2968.6468212889,5512
2969,5511
2969.3531787111,5510
2970.05448868455,5509
2971,5508
2972,5507
2972.94551131545,5506
2973.70130997345,5505
2974.29869002655,5504
2975.05448868455,5503
2975.94551131545,5502
2976.70130997345,5501
2977.29869002655,5500
2978,5499
2978.6468212889,5498
2978.94551131545,5497
2979,5496
2979.05448868455,5495
2979.3531787111,5494
2980.05448868455,5493
2981,5492
2982,5491
2983,5490
2983.8910226309,5489
2984.40261994689,5488
2984.59738005311,5487
2985.1089773691,5486
2985.8910226309,5485
2986.40261994689,5484
2986.59738005311,5483
2987.1089773691,5482
2988,5481.05448868455
2989,5480.29869002655
2989.8910226309,5479.70130997345
2990.40261994689,5478.94551131545
2990.59738005311,5478
2991.05448868455,5477
2991.70130997345,5476
2992.29869002655,5475
2993,5474
2993.70130997345,5473
2994.29869002655,5472
2994.94551131545,5471
2995.40261994689,5470
2995.54289136856,5469
2995.70130997345,5468
2995.70130997345,5467
2995.65186873766,5466
2996.1089773691,5465
2997,5464
2998,5463
2998.94551131545,5462
2999.6468212889,5461
2999.94551131545,5460
2999.94551131545,5459
2999.755798658,5458
2999.65186873765,5457
3000.1089773691,5456
3001,5455
3002,5454
3003,5453.05448868455
3004,5452.29869002655
3005,5451.70130997345
3005.94551131545,5450.94551131545
3006.70130997345,5450
3007.29869002655,5449
3008,5448
3008.70130997345,5447
3009.29869002655,5446
3010,5445
3010.59233260435,5444
3010.70130997345,5443
3010.65186873766,5442
3011.05448868455,5441
3011.70130997345,5440
3012.29869002655,5439
3013.05448868455,5438
3014,5437
3015,5436
3016,5435
3017,5434
3017.94551131545,5433
3018.6468212889,5432
3019,5431
3019.3531787111,5430
3020.05448868455,5429
3021,5428
3021.8910226309,5427
3022.40261994689,5426
3022.59738005311,5425
3023.1089773691,5424
3024,5423
3024.94551131545,5422
3025.70130997345,5421
3026.244201342,5420
3026.755798658,5419
3027.29869002655,5418
3028.05448868455,5417
3029,5416
3030,5415
3030.8910226309,5414
3031.29364257779,5413
3031,5412
3030.7063574222,5411
3031.05448868455,5410
3031.70130997345,5409
3032.29869002655,5408
3033.05448868455,5407
3034,5406
3035,5405
3036,5404
3037,5403
3037.94551131545,5402
3038.70130997345,5401.05448868455
3039.29869002655,5400.29869002655
3040,5399.70130997345
3040.70130997345,5398.94551131545
3041.29869002655,5398
3042.05448868455,5397
3043,5396
3044,5395
3044.94551131545,5394
3045.6468212889,5393
3046,5392
3046.29869002655,5391
3046.755798658,5390
3047.244201342,5389
3047.70130997345,5388
3048,5387
3048.3531787111,5386
3049,5385
3049.70130997345,5384
3050.244201342,5383
3050.755798658,5382
3051.18971265745,5381
3051.40261994689,5380
3051.29869002655,5379
3051.40766739565,5378
3052.05448868455,5377
3053,5376
3054,5375
3055,5374
3056,5373
3057,5372
3057.8910226309,5371
3058.40261994689,5370
3058.59738005311,5369
3059.1089773691,5368
3060,5367
3061,5366
3062,5365.05448868455
3063,5364.29869002655
3064,5363.755798658
3065,5363.244201342
3066,5362.70130997345
3066.94551131545,5361.94551131545
3067.70130997345,5361
3068.29869002655,5360
3069,5359
3069.70130997345,5358
3070.29869002655,5357
3071.05448868455,5356
3072,5355
3073,5354.05448868455
3074,5353.29869002655
3075,5352.70130997345
3076,5351.94551131545
3077,5351
3078,5350
3078.8910226309,5349
3079.40261994689,5348
3079.59738005311,5347
3080.1089773691,5346
3081,5345
3082,5344.05448868455
3083,5343.29869002655
3083.94551131545,5342.70130997345
3084.70130997345,5341.94551131545
3085.244201342,5341
3085.755798658,5340
3086.29869002655,5339
3087.05448868455,5338
3088,5337
3088.94551131545,5336
3089.70130997345,5335
3090.244201342,5334
3090.70130997345,5333
3091,5332
3091.3531787111,5331.05448868455
3092.05448868455,5330.29869002655
3093,5329.70130997345
3094,5328.94551131545
3094.94551131545,5328
3095.59233260435,5327
3095.59233260435,5326
3095,5325
3094.40766739565,5324
3094.40766739565,5323
3095.05448868455,5322
3095.8910226309,5321
3096.40261994689,5320
3096.59738005311,5319
3097.1089773691,5318
3098,5317
3099,5316
3100,5315
3101,5314.05448868455
3102,5313.29869002655
3103,5312.70130997345
3104,5311.94551131545
3105,5311
3106,5310
3107,5309.05448868455
3108,5308.29869002655
3109,5307.70130997345
3110,5306.94551131545
3111,5306
3112,5305
3113,5304
3114,5303.05448868455
3115,5302.29869002655
3115.94551131545,5301.70130997345
3116.70130997345,5300.94551131545
3117.29869002655,5300
3117.94551131545,5299
3118.34813126234,5298
3118.29869002655,5297
3118.40766739565,5296.05448868455
3119.05448868455,5295.29869002655
3120,5294.70130997345
3120.94551131545,5293.94551131545
3121.6468212889,5293
3121.94551131545,5292.05448868455
3122,5291.3531787111
3123.05448868455,5289.6468212889
3123.29869002655,5288.94551131545
3123.755798658,5288
3124.29869002655,5287
3124.94551131545,5286
3125.40261994689,5285
3125.59738005311,5284
3126,5283
3126.40261994689,5282
3126.54289136856,5281
3126.81028734255,5280
3127.244201342,5279
3127.755798658,5278
3128.29869002655,5277
3129.05448868455,5276
3129.8910226309,5275
3130.34813126234,5274
3130.29869002655,5273
3130.40766739565,5272
3131,5271
3131.70130997345,5270
3132.18971265745,5269
3132.40261994689,5268
3132.18971265745,5267
3131.70130997345,5266
3131.05448868455,5265
3130.65186873766,5264
3130.755798658,5263
3131,5262
3131.244201342,5261
3131.40261994689,5260
3131.29869002655,5259
3131.40766739565,5258.05448868455
3132.05448868455,5257.29869002655
3133,5256.70130997345
3133.8910226309,5255.94551131545
3134.29364257779,5255
3134,5254
3133.65186873766,5253
3133.81028734255,5252
3134.29869002655,5251
3135,5250
3135.6468212889,5249
3136,5248
3136.3531787111,5247
3137.05448868455,5246
3138,5245
3139,5244
3139.94551131545,5243
3140.70130997345,5242
3141.244201342,5241
3141.755798658,5240
3142.18971265745,5239
3142.40261994689,5238
3142.244201342,5237
3142.1089773691,5236
3142.29869002655,5235
3142.755798658,5234
3143.18971265745,5233
3143.45710863144,5232
3143.54289136856,5231
3143.70130997345,5230
3143.70130997345,5229
3143.65186873766,5228
3144.05448868455,5227
3144.70130997345,5226
3145.29869002655,5225
3146.05448868455,5224
3147,5223
3148,5222
3148.94551131545,5221
3149.70130997345,5220
3150.244201342,5219
3150.755798658,5218
3151.29869002655,5217
3152,5216
3152.70130997345,5215
3153.244201342,5214
3153.755798658,5213
3154.29869002655,5212
3155.05448868455,5211
3156,5210
3157,5209
3158,5208
3159,5207
3160,5206
3161,5205
3162,5204
3163,5203
3163.94551131545,5202
3164.6468212889,5201
3165,5200
3165.3531787111,5199
3166.05448868455,5198
3167,5197
3168,5196
3169,5195
3170,5194.05448868455
3171,5193.29869002655
3172,5192.70130997345
3173,5191.94551131545
3174,5191
3174.8910226309,5190
3175.29364257779,5189
3175,5188
3174.7063574222,5187
3175.1089773691,5186
3176,5185
3177,5184
3178,5183
3178.8910226309,5182
3179.34813126234,5181
3179.18971265745,5180
3178.755798658,5179
3178.3531787111,5178
3178.40766739565,5177
3178.94551131545,5176
3179.34813126234,5175
3179.29869002655,5174
3179.40766739565,5173
3180.05448868455,5172
3181,5171
3182,5170
3183,5169
3184,5168
3185,5167
3186,5166
3186.8910226309,5165
3187.40261994689,5164
3187.59738005311,5163
3188,5162
3188.34813126234,5161
3188.29869002655,5160
3188.40766739565,5159
3189.05448868455,5158
3190,5157
3191,5156
3192,5155
3193,5154
3194,5153
3195,5152
3196,5151
3196.94551131545,5150
3197.6468212889,5149
3198,5148
3198.3531787111,5147
3199,5146
3199.6468212889,5145
3200,5144
3200.3531787111,5143.05448868455
3201.05448868455,5142.29869002655
3202,5141.70130997345
3203,5140.94551131545
3204,5140
3205,5139
3206,5138
3207,5137
3208,5136
3208.94551131545,5135
3209.70130997345,5134.05448868455
3210.29869002655,5133.29869002655
3211.05448868455,5132.70130997345
3212,5131.94551131545
3213,5131
3214,5130
3215,5129.05448868455
3216,5128.29869002655
3217,5127.70130997345
3218,5126.94551131545
3218.94551131545,5126
3219.70130997345,5125
3220.29869002655,5124
3221.05448868455,5123
3222,5122
3223,5121.05448868455
3224,5120.29869002655
3225,5119.70130997345
3226,5118.94551131545
3227,5118
3228,5117
3229,5116.05448868455
3230,5115.29869002655
3231,5114.70130997345
3232,5113.94551131545
3233,5113
3234,5112
3235,5111
3236,5110
3237,5109
3238,5108
3239,5107
3240,5106.05448868455
3241,5105.29869002655
3242,5104.70130997345
3243,5103.94551131545
3244,5103
3245,5102
3246,5101
3247,5100
3248,5099
3249,5098
3250,5097
3251,5096.05448868455
3252,5095.29869002655
3253,5094.70130997345
3254,5093.94551131545
3255,5093
3255.94551131545,5092
3256.70130997345,5091
3257.29869002655,5090
3258.05448868455,5089
3258.94551131545,5088
3259.70130997345,5087
3260.29869002655,5086
3261.05448868455,5085
3262,5084
3263,5083
3263.8910226309,5082
3264.34813126234,5081
3264.29869002655,5080
3264.40766739565,5079
3265.05448868455,5078
3266,5077
3267,5076
3268,5075
3268.94551131545,5074
3269.70130997345,5073
3270.244201342,5072
3270.755798658,5071
3271.29869002655,5070
3272.05448868455,5069
3272.94551131545,5068
3273.59233260435,5067
3273.70130997345,5066
3273.65186873766,5065
3274.05448868455,5064
3274.70130997345,5063
3275.29869002655,5062
3276.05448868455,5061
3277,5060
3278,5059
3279,5058.05448868455
3280,5057.29869002655
3280.94551131545,5056.70130997345
3281.6468212889,5055.94551131545
3282,5055
3282.3531787111,5054
3283.05448868455,5053
3284,5052
3285,5051
3286,5050
3287,5049
3288,5048
3289,5047.05448868455
3290,5046.29869002655
3291,5045.70130997345
3291.94551131545,5044.94551131545
3292.70130997345,5044
3293.29869002655,5043
3294.05448868455,5042
3294.94551131545,5041
3295.6468212889,5040
3296,5039
3296.29869002655,5038
3296.755798658,5037
3297.244201342,5036
3297.70130997345,5035
3298,5034
3298.244201342,5033
3298.45710863144,5032
3298.59738005311,5031.05448868455
3299.1089773691,5030.29869002655
3299.8910226309,5029.70130997345
3300.34813126234,5028.94551131545
3300.18971265745,5028
3299.81028734255,5027
3299.65186873766,5026
3300.1089773691,5025
3301,5024
3302,5023
3303,5022.05448868455
3304,5021.29869002655
3305,5020.70130997345
3306,5019.94551131545
3307,5019
3308,5018
3309,5017
3309.94551131545,5016
3310.70130997345,5015
3311.29869002655,5014
3312.05448868455,5013
3312.94551131545,5012
3313.6468212889,5011
3313.94551131545,5010
3314.05448868455,5009
3314.3531787111,5008
3314.94551131545,5007
3315.29364257779,5006
3315,5005
3314.65186873765,5004
3314.755798658,5003
3315,5002.05448868455
3315.29869002655,5001.3531787111
3315.70130997345,5001.05448868455
3316.23002006818,4996.19258858212
3337.26372127416,4959.38361147166
3337.26372127416,4948.86676086868
3342.52214657565,4938.34991026569
3347.78057187715,4933.09148496419
3353.03899717864,4927.8330596627
3353.03899717864,4917.31620905971
3358.29742248013,4912.05778375822
3358.29742248013,4906.79935845673
3363.55584778163,4901.54093315523
3368.81427308312,4896.28250785374
3368.81427308312,4891.02408255225
3374.07269838461,4880.50723194926
3374.07269838461,4875.24880664776
3379.33112368611,4869.99038134627
3379.33112368611,4864.73195604478
3384.5895489876,4864.73195604478
3384.5895489876,4859.47353074328
3389.84797428909,4854.21510544179
3395.10639959059,4848.9566801403
3395.10639959059,4843.6982548388
3400.36482489208,4838.43982953731
3405.62325019358,4833.18140423582
3405.62325019358,4827.92297893432
3410.88167549507,4822.66455363283
3416.14010079656,4817.40612833133
3421.39852609806,4812.14770302984
3426.65695139955,4812.14770302984
3426.65695139955,4806.88927772835
3431.91537670104,4801.63085242685
3437.17380200254,4801.63085242685
3437.17380200254,4796.37242712536
3442.43222730403,4791.11400182387
3447.69065260552,4785.85557652237
3452.94907790702,4780.59715122088
3458.20750320851,4775.33872591939
3463.46592851001,4775.33872591939
3463.46592851001,4770.08030061789
3468.7243538115,4764.8218753164
3473.98277911299,4759.56345001491
3479.24120441449,4754.30502471341
3484.49962971598,4749.04659941192
3489.75805501747,4743.78817411042
3489.75805501747,4738.52974880893
3495.01648031897,4733.27132350744
3500.27490562046,4728.01289820594
3505.53333092195,4728.01289820594
3505.53333092195,4722.75447290445
3510.79175622345,4717.49604760296
3516.05018152494,4712.23762230146
3521.30860682644,4706.97919699997
3526.56703212793,4701.72077169848
3531.82545742942,4696.46234639698
3537.08388273092,4691.20392109549
3542.34230803241,4680.6870704925
3547.6007333339,4675.42864519101
3552.8591586354,4670.17021988951
3558.11758393689,4664.91179458802
3563.37600923838,4659.65336928653
3568.63443453988,4654.39494398503
3573.89285984137,4649.13651868354
3573.89285984137,4643.87809338205
3579.15128514287,4638.61966808055
3584.40971044436,4633.36124277906
3584.40971044436,4628.10281747757
3589.66813574585,4622.84439217607
3589.66813574585,4617.58596687458
3594.92656104735,4612.32754157308
3594.92656104735,4607.06911627159
3600.18498634884,4601.8106909701
3600.18498634884,4596.5522656686
3600.18498634884,4591.29384036711
3600.18498634884,4591.29384036711
3601.29869002655,4589.6468212889
3601.755798658,4589
3602.29869002655,4588.29869002655
3602.94551131545,4587.70130997345
3603.40261994689,4586.94551131545
3603.59738005311,4586
3604.05448868455,4585
3604.59233260435,4584
3604.70130997345,4583
3604.65186873766,4582
3605,4581
3605.40261994689,4580
3605.59738005311,4579
3606.1089773691,4578
3606.94551131545,4577
3607.70130997345,4576
3608.244201342,4575
3608.755798658,4574
3609.29869002655,4573
3610.05448868455,4572
3611,4571
3612,4570
3613,4569
3614,4568
3615,4567
3616,4566
3617,4565
3618,4564
3619,4563
3619.94551131545,4562
3620.70130997345,4561
3621.29869002655,4560
3622.05448868455,4559
3622.94551131545,4558
3623.59233260435,4557
3623.6468212889,4556
3623.29869002655,4555
3623.05448868455,4554
3623,4553
3623,4552
3623,4551
3623.05448868455,4550
3623.3531787111,4549
3624.05448868455,4548
3624.94551131545,4547
3625.6468212889,4546
3625.94551131545,4545
3626.05448868455,4544
3626.29869002655,4543
3626.755798658,4542
3627.244201342,4541
3627.70130997345,4540
3628,4539
3628.3531787111,4538
3629,4537
3629.70130997345,4536
3630.244201342,4535
3630.755798658,4534
3631.18971265745,4533
3631.45710863144,4532
3631.59738005311,4531
3632,4530
3632.2936425778,4529
3631.8910226309,4528
3631.1089773691,4527
3630.65186873766,4526
3630.755798658,4525
3631,4524
3631.3531787111,4523
3632.05448868455,4522
3632.94551131545,4521
3633.6468212889,4520
3633.8910226309,4519
3633.6468212889,4518
3633,4517
3632.29869002655,4516
3631.755798658,4515
3631.29869002655,4514
3631.05448868455,4513
3630.94551131545,4512
3630.755798658,4511
3630.65186873766,4510
3631.1089773691,4509
3631.94551131545,4508
3632.59233260435,4507
3632.70130997345,4506
3632.65186873766,4505
3633,4504
3633.29364257779,4503
3633,4502
3632.59738005311,4501
3632.40261994689,4500
3632,4499
3631.65186873766,4498
3631.81028734255,4497
3632.29869002655,4496
3633.05448868455,4495
3634,4494
3634.94551131545,4493
3635.6468212889,4492
3635.8910226309,4491
3635.755798658,4490
3635.65186873766,4489
3636.1089773691,4488
3636.94551131545,4487
3637.59233260435,4486
3637.70130997345,4485
3637.65186873765,4484
3638,4483
3638.40261994689,4482
3638.59738005311,4481
3639.1089773691,4480
3640,4479
3641,4478
3641.8910226309,4477
3642.34813126234,4476
3642.244201342,4475
3642,4474
3641.755798658,4473
3641.65186873766,4472
3642.05448868455,4471
3642.70130997345,4470
3643.29869002655,4469
3644.05448868455,4468
3644.94551131545,4467
3645.70130997345,4466
3646.244201342,4465
3646.755798658,4464
3647.29869002655,4463.05448868455
3648.05448868455,4462.29869002655
3648.8910226309,4461.70130997345
3649.34813126234,4460.94551131545
3649.29869002655,4460
3649.40766739565,4459
3650,4458
3650.70130997345,4457
3651.244201342,4456
3651.755798658,4455
3652.244201342,4454
3652.6468212889,4453
3652.70130997345,4452
3652.65186873766,4451
3653,4450
3653.29364257779,4449
3652.94551131545,4448
3652.3531787111,4447
3652,4446
3651.755798658,4445
3651.65186873766,4444
3652.1089773691,4443
3652.94551131545,4442
3653.59233260435,4441
3653.6468212889,4440
3653.244201342,4439
3652.755798658,4438
3652.3531787111,4437
3652.40766739565,4436
3653.05448868455,4435
3653.94551131545,4434
3654.70130997345,4433
3655.29869002655,4432
3656.05448868455,4431
3657,4430
3658,4429
3658.94551131545,4428
3659.59233260435,4427
3659.6468212889,4426
3659.29869002655,4425
3659,4424
3658.70130997345,4423
3658.3531787111,4422
3658.3531787111,4421
3658.70130997345,4420
3659,4419
3659.3531787111,4418
3660.05448868455,4417
3660.94551131545,4416
3661.70130997345,4415
3662.18971265745,4414
3662.40261994689,4413
3662.18971265745,4412
3661.70130997345,4411
3661.05448868455,4410
3660.65186873766,4409
3660.81028734255,4408
3661.244201342,4407
3661.70130997345,4406
3662,4405
3662.3531787111,4404
3663.05448868455,4403
3664,4402
3664.94551131545,4401
3665.59233260435,4400
3665.59233260435,4399
3665.05448868455,4398
3664.59738005311,4397
3664.51159731599,4396
3664.48840268401,4395
3664.40261994689,4394
3663.94551131545,4393
3663.3531787111,4392.05448868455
3663.05448868455,4391.3531787111
3831.55571053065,3881.40646358507
3836.81413583215,3881.40646358507
3842.07256113364,3881.40646358507
3842.07256113364,3876.14803828357
3847.33098643513,3876.14803828357
3847.33098643513,3870.88961298208
3852.58941173663,3865.63118768058
3852.58941173663,3860.37276237909
3857.84783703812,3855.1143370776
3863.10626233962,3849.8559117761
3863.10626233962,3844.59748647461
3863.10626233962,3839.33906117312
3868.36468764111,3834.08063587162
3868.36468764111,3828.82221057013
3873.6231129426,3823.56378526864
3878.8815382441,3813.04693466565
3878.8815382441,3807.78850936416
3884.13996354559,3797.27165876117
3884.13996354559,3792.01323345967
3884.13996354559,3786.75480815818
3884.13996354559,3781.49638285669
3889.39838884708,3776.23795755519
3889.39838884708,3770.9795322537
3889.39838884708,3765.72110695221
3889.39838884708,3760.46268165071
3889.39838884708,3755.20425634922
3889.39838884708,3749.94583104773
3894.65681414858,3744.68740574623
3894.65681414858,3739.42898044474
3894.65681414858,3734.17055514324
3894.65681414858,3728.91212984175
3894.65681414858,3723.65370454026
3894.65681414858,3718.39527923876
3894.65681414858,3713.13685393727
3894.65681414858,3707.87842863578
3899.91523945007,3697.36157803279
3899.91523945007,3692.1031527313
3899.91523945007,3686.8447274298
3899.91523945007,3681.58630212831
3899.91523945007,3676.32787682682
3899.91523945007,3671.06945152532
3899.91523945007,3665.81102622383
3905.17366475156,3660.55260092233
3905.17366475156,3655.29417562084
3905.17366475156,3650.03575031935
3905.17366475156,3644.77732501785
3910.43209005306,3639.51889971636
3910.43209005306,3629.00204911337
3910.43209005306,3623.74362381188
3910.43209005306,3618.48519851039
3915.69051535455,3607.9683479074
3915.69051535455,3602.7099226059
3915.69051535455,3597.45149730441
3915.69051535455,3592.19307200292
3920.94894065604,3586.93464670142
3920.94894065604,3581.67622139993
3920.94894065604,3571.15937079694
3926.20736595754,3555.38409489246
3926.20736595754,3544.86724428948
3931.46579125903,3529.09196838499
3931.46579125903,3513.31669248051
3936.72421656053,3508.05826717902
3936.72421656053,3497.54141657603
3936.72421656053,3492.28299127454
3936.72421656053,3487.02456597305
3936.72421656053,3481.76614067155
3936.72421656053,3476.50771537006
3941.98264186202,3465.99086476707
3941.98264186202,3460.73243946558
3941.98264186202,3450.21558886259
3941.98264186202,3434.44031295811
3941.98264186202,3429.18188765662
3941.98264186202,3423.92346235512
3941.98264186202,3418.66503705363
3941.98264186202,3408.14818645064
3947.24106716351,3397.63133584765
3947.24106716351,3376.59763464168
3947.24106716351,3355.56393343571
3947.24106716351,3334.53023222973
3947.24106716351,3313.49653102376
3947.24106716351,3302.97968042077
3947.24106716351,3287.20440451629
3952.49949246501,3276.6875539133
3952.49949246501,3271.42912861181
3952.49949246501,3260.91227800882
3952.49949246501,3255.65385270733
3952.49949246501,3245.13700210434
3957.7579177665,3234.62015150135
3957.7579177665,3218.84487559687
3957.7579177665,3203.06959969239
3963.01634306799,3192.5527490894
3963.01634306799,3176.77747318492
3963.01634306799,3166.26062258194
3963.01634306799,3161.00219728044
3963.01634306799,3155.74377197895
3968.27476836949,3145.22692137596
3968.27476836949,3139.96849607447
3968.27476836949,3129.45164547148
3968.27476836949,3124.19322016999
3968.27476836949,3113.676369567
3968.27476836949,3108.41794426551
3973.53319367098,3092.64266836103
3973.53319367098,3082.12581775804
3973.53319367098,3071.60896715505
3973.53319367098,3066.35054185356
3973.53319367098,3055.83369125057
3978.79161897247,3050.57526594908
3978.79161897247,3034.7999900446
3984.05004427397,3008.50786353713
3989.30846957546,2992.73258763265
3989.30846957546,2982.21573702966
3994.56689487695,2976.95731172817
3999.82532017845,2950.6651852207
4005.08374547994,2924.37305871323
4010.34217078144,2913.85620811024
4010.34217078144,2908.59778280875
4010.34217078144,2898.08093220576
4010.34217078144,2892.82250690427
4010.34217078144,2887.56408160277
4010.34217078144,2882.30565630128
4010.34217078144,2877.04723099979
4010.34217078144,2871.78880569829
4010.34217078144,2866.5303803968
4010.34217078144,2861.27195509531
4010.34217078144,2856.01352979381
4010.34217078144,2850.75510449232
4010.34217078144,2845.49667919083
4010.34217078144,2840.23825388933
4010.34217078144,2834.97982858784
4010.34217078144,2829.72140328635
4010.34217078144,2824.46297798485
4010.34217078144,2819.20455268336
4010.34217078144,2808.68770208037
4005.08374547994,2808.68770208037
4005.08374547994,2803.42927677888
4005.08374547994,2792.91242617589
4005.08374547994,2787.6540008744
4005.08374547994,2782.3955755729
4005.08374547994,2771.87872496992
4005.08374547994,2766.62029966842
4005.08374547994,2761.36187436693
4005.08374547994,2756.10344906544
3999.82532017845,2750.84502376394
3999.82532017845,2745.58659846245
3999.82532017845,2740.32817316095
3999.82532017845,2729.81132255797
3999.82532017845,2724.55289725647
3999.82532017845,2719.29447195498
3999.82532017845,2714.03604665349
3999.82532017845,2708.77762135199
3999.82532017845,2703.5191960505
3999.82532017845,2693.00234544751
3999.82532017845,2687.74392014602
3999.82532017845,2677.22706954303
3999.82532017845,2671.96864424154
3999.82532017845,2661.45179363855
3999.82532017845,2656.19336833706
3999.82532017845,2650.93494303556
3999.82532017845,2645.67651773407
3999.82532017845,2635.15966713108
3999.82532017845,2629.90124182959
3999.82532017845,2619.3843912266
3999.82532017845,2614.12596592511
3999.82532017845,2608.86754062361
3999.82532017845,2598.35069002063
3999.82532017845,2593.09226471913
3999.82532017845,2582.57541411615
3999.82532017845,2577.31698881465
3999.82532017845,2572.05856351316
3999.82532017845,2566.80013821167
3999.82532017845,2561.54171291017
3999.82532017845,2551.02486230718
3999.82532017845,2540.5080117042
3999.82532017845,2529.99116110121
3999.82532017845,2519.47431049822
3999.82532017845,2514.21588519673
3999.82532017845,2508.95745989524
3999.82532017845,2503.69903459374
3999.82532017845,2498.44060929225
3999.82532017845,2498.44060929225
3998.6468212889,2496.6468212889
3998,2495.94551131545
3997.29869002655,2495
3996.70130997345,2494
3995.94551131545,2493
3995,2492
3994.05448868455,2491
3993.3531787111,2490
3993,2489
3992.755798658,2488
3992.54289136856,2487
3992.40261994689,2486
3991.94551131545,2485
3991.29869002655,2484
3990.81028734255,2483
3990.54289136856,2482
3990.45710863144,2481
3990.29869002655,2480
3990.29869002655,2479
3990.34813126234,2478
3989.8910226309,2477
3989,2476
3988,2475
3987,2474
3986.05448868455,2473
3985.29869002655,2472
3984.70130997345,2471.05448868455
3983.94551131545,2470.29869002655
3983.05448868455,2469.70130997345
3982.29869002655,2468.94551131545
3981.70130997345,2468
3980.94551131545,2467
3980,2466
3979,2465
3978,2464
3977,2463
3976,2462
3975.1089773691,2461
3974.65186873766,2460
3974.70130997345,2459
3974.70130997345,2458
3974.65186873766,2457
3975.05448868455,2456
3975.59233260435,2455
3975.6468212889,2454
3975.244201342,2453
3974.70130997345,2452
3973.94551131545,2451
3973.1089773691,2450
3972.7063574222,2449
3973,2448
3973.29364257779,2447
3972.8910226309,2446
3972,2445
3971.1089773691,2444
3970.7063574222,2443
3971.05448868455,2442
3971.59233260435,2441
3971.70130997345,2440
3971.65186873766,2439
3972.1089773691,2438
3972.8910226309,2437
3973.40261994689,2436
3973.59738005311,2435
3974.1089773691,2434
3975,2433
3975.94551131545,2432
3976.6468212889,2431
3976.8910226309,2430
3976.6468212889,2429
3976.05448868455,2428
3975.59738005311,2427
3975.45710863144,2426
3975.18971265745,2425
3974.755798658,2424
3974.29869002655,2423
3974.05448868455,2422
3974.05448868455,2421
3974.3531787111,2420
3974.94551131545,2419
3975.34813126234,2418
3975.29869002655,2417
3975.40766739565,2416
3975.94551131545,2415
3976.29364257779,2414
3975.8910226309,2413
3975.1089773691,2412
3974.7063574222,2411
3975.05448868455,2410
3975.59233260435,2409
3975.59233260435,2408
3975.05448868455,2407
3974.7063574222,2406
3975,2405
3975.34813126234,2404
3975.29869002655,2403
3975.29869002655,2402
3975.34813126234,2401
3974.94551131545,2400.05448868455
3974.3531787111,2399.3531787111
3973.53319367098,2393.27210326238
3973.53319367098,2361.72155145342
3973.53319367098,2356.46312615192
3973.53319367098,2351.20470085043
3968.27476836949,2345.94627554893
3968.27476836949,2340.68785024744
3968.27476836949,2335.42942494595
3968.27476836949,2330.17099964445
3963.01634306799,2324.91257434296
3963.01634306799,2319.65414904147
3957.7579177665,2314.39572373997
3952.49949246501,2309.13729843848
3952.49949246501,2303.87887313699
3947.24106716351,2298.62044783549
3947.24106716351,2293.362022534
3941.98264186202,2282.84517193101
3936.72421656053,2277.58674662952
3936.72421656053,2272.32832132802
3931.46579125903,2267.06989602653
3926.20736595754,2261.81147072504
3920.94894065604,2251.29462012205
3915.69051535455,2246.03619482056
3915.69051535455,2240.77776951906
3910.43209005306,2240.77776951906
3910.43209005306,2235.51934421757
3905.17366475156,2230.26091891607
3899.91523945007,2225.00249361458
3894.65681414858,2219.74406831309
3889.39838884708,2214.48564301159
3889.39838884708,2209.2272177101
3884.13996354559,2203.96879240861
3878.8815382441,2198.71036710711
3873.6231129426,2193.45194180562
3868.36468764111,2188.19351650413
3863.10626233962,2177.67666590114
3857.84783703812,2177.67666590114
3857.84783703812,2172.41824059965
3852.58941173663,2167.15981529815
3847.33098643513,2161.90138999666
3842.07256113364,2156.64296469516
3836.81413583215,2151.38453939367
3831.55571053065,2146.12611409218
3826.29728522916,2135.60926348919
3821.03885992767,2135.60926348919
3815.78043462617,2130.3508381877
3810.52200932468,2125.0924128862
3805.26358402319,2119.83398758471
3800.00515872169,2109.31713698172
3794.7467334202,2109.31713698172
3789.4883081187,2104.05871168023
3784.22988281721,2098.80028637874
3778.97145751572,2098.80028637874
3778.97145751572,2093.54186107724
3773.71303221422,2093.54186107724
3768.45460691273,2088.28343577575
3768.45460691273,2083.02501047425
3763.19618161124,2083.02501047425
3757.93775630974,2077.76658517276
3752.67933100825,2077.76658517276
3752.67933100825,2072.50815987127
3747.42090570676,2072.50815987127
3742.16248040526,2067.24973456977
3736.90405510377,2061.99130926828
3731.64562980228,2056.73288396679
3726.38720450078,2056.73288396679
3721.12877919929,2051.47445866529
3715.87035389779,2046.2160333638
3710.6119285963,2046.2160333638
3705.35350329481,2040.95760806231
3700.09507799331,2040.95760806231
3700.09507799331,2035.69918276081
3694.83665269182,2030.44075745932
3684.31980208883,2025.18233215782
3679.06137678734,2019.92390685633
3673.80295148585,2019.92390685633
3668.54452618435,2014.66548155484
3658.02767558136,2009.40705625334
3652.76925027987,2004.14863095185
3652.76925027987,1998.89020565036
3647.51082497838,1993.63178034886
3642.25239967688,1993.63178034886
3642.25239967688,1988.37335504737
3636.99397437539,1988.37335504737
3631.7355490739,1983.11492974588
3631.7355490739,1977.85650444438
3626.4771237724,1977.85650444438
3621.21869847091,1972.59807914289
3615.96027316942,1972.59807914289
3615.96027316942,1967.33965384139
3610.70184786792,1962.0812285399
3605.44342256643,1956.82280323841
3600.18499726493,1951.56437793691
3594.92657196344,1951.56437793691
3589.66814666195,1941.04752733393
3584.40972136045,1941.04752733393
3584.40972136045,1935.78910203243
3579.15129605896,1930.53067673094
3573.89287075747,1925.27225142945
3568.63444545597,1925.27225142945
3568.63444545597,1920.01382612795
3563.37602015448,1914.75540082646
3563.37602015448,1909.49697552497
3563.37602015448,1904.23855022347
3563.37602015448,1893.72169962048
3563.37602015448,1888.46327431899
3563.37602015448,1883.2048490175
3563.37602015448,1877.946423716
3563.37602015448,1872.68799841451
3563.37602015448,1867.42957311302
3558.11759485299,1862.17114781152
3552.85916955149,1856.91272251003
3547.60074425,1856.91272251003
3547.60074425,1851.65429720854
3542.34231894851,1851.65429720854
3542.34231894851,1846.39587190704
3537.08389364701,1841.13744660555
3537.08389364701,1830.62059600256
3531.82546834552,1820.10374539957
3531.82546834552,1809.58689479659
3526.56704304402,1799.0700441936
3526.56704304402,1793.81161889211
3526.56704304402,1788.55319359061
3521.30861774253,1783.29476828912
3521.30861774253,1778.03634298763
3521.30861774253,1772.77791768613
3521.30861774253,1767.51949238464
3521.30861774253,1762.26106708314
3521.30861774253,1757.00264178165
3516.05019244104,1751.74421648016
3516.05019244104,1746.48579117866
3516.05019244104,1741.22736587717
3516.05019244104,1735.96894057568
3516.05019244104,1730.71051527418
3516.05019244104,1725.45208997269
3516.05019244104,1720.1936646712
3516.05019244104,1714.9352393697
3516.05019244104,1709.67681406821
3516.05019244104,1704.41838876671
3516.05019244104,1693.90153816373
3516.05019244104,1688.64311286223
3516.05019244104,1683.38468756074
3516.05019244104,1678.12626225925
3516.05019244104,1672.86783695775
3516.05019244104,1667.60941165626
3516.05019244104,1657.09256105327
3516.05019244104,1651.83413575178
3516.05019244104,1646.57571045029
3516.05019244104,1641.31728514879
3516.05019244104,1636.0588598473
3516.05019244104,1630.8004345458
3516.05019244104,1625.54200924431
3516.05019244104,1615.02515864132
3516.05019244104,1609.76673333983
3516.05019244104,1604.50830803834
3516.05019244104,1599.24988273684
3516.05019244104,1593.99145743535
3516.05019244104,1588.73303213386
3516.05019244104,1583.47460683236
3516.05019244104,1578.21618153087
3521.30861774253,1572.95775622937
3521.30861774253,1567.69933092788
3521.30861774253,1562.44090562639
3521.30861774253,1557.18248032489
3526.56704304402,1551.9240550234
3526.56704304402,1546.66562972191
3526.56704304402,1541.40720442041
3531.82546834552,1536.14877911892
3531.82546834552,1530.89035381743
3537.08389364701,1525.63192851593
3537.08389364701,1520.37350321444
3542.34231894851,1515.11507791295
3542.34231894851,1504.59822730996
3542.34231894851,1499.33980200846
3547.60074425,1494.08137670697
3547.60074425,1488.82295140548
3552.85916955149,1478.30610080249
3552.85916955149,1473.047675501
3552.85916955149,1467.7892501995
3558.11759485299,1462.53082489801
3558.11759485299,1457.27239959652
3558.11759485299,1452.01397429502
3563.37602015448,1441.49712369204
3568.63444545597,1436.23869839054
3568.63444545597,1430.98027308905
3568.63444545597,1425.72184778755
3573.89287075747,1425.72184778755
3573.89287075747,1420.46342248606
3573.89287075747,1415.20499718457
3579.15129605896,1409.94657188307
3584.40972136045,1404.68814658158
3589.66814666195,1399.42972128009
3594.92657196344,1394.17129597859
3594.92657196344,1388.9128706771
3600.18499726493,1388.9128706771
3600.18499726493,1383.65444537561
3605.44342256643,1378.39602007411
3610.70184786792,1378.39602007411
3615.96027316942,1373.13759477262
3621.21869847091,1367.87916947112
3621.21869847091,1362.62074416963
3626.4771237724,1357.36231886814
3631.7355490739,1352.10389356664
3636.99397437539,1346.84546826515
3642.25239967688,1341.58704296366
3647.51082497838,1336.32861766216
3652.76925027987,1331.07019236067
3658.02767558136,1325.81176705918
3663.28610088286,1320.55334175768
3668.54452618435,1315.29491645619
3679.06137678734,1310.03649115469
3684.31980208883,1304.7780658532
3689.57822739033,1299.51964055171
3694.83665269182,1294.26121525021
3700.09507799331,1294.26121525021
3705.35350329481,1289.00278994872
3710.6119285963,1283.74436464723
3715.87035389779,1278.48593934573
3721.12877919929,1278.48593934573
3726.38720450078,1273.22751404424
3731.64562980228,1267.96908874275
3736.90405510377,1267.96908874275
3736.90405510377,1262.71066344125
3742.16248040526,1262.71066344125
3747.42090570676,1262.71066344125
3752.67933100825,1257.45223813976
3768.45460691273,1252.19381283827
3778.97145751572,1246.93538753677
3789.4883081187,1241.67696223528
3800.00515872169,1241.67696223528
3805.26358402319,1241.67696223528
3810.52200932468,1241.67696223528
3815.78043462617,1236.41853693378
3821.03885992767,1236.41853693378
3826.29728522916,1236.41853693378
3842.07256113364,1231.16011163229
3852.58941173663,1231.16011163229
3857.84783703812,1231.16011163229
3863.10626233962,1225.9016863308
3868.36468764111,1225.9016863308
3878.8815382441,1225.9016863308
3884.13996354559,1225.9016863308
3889.39838884708,1220.6432610293
3894.65681414858,1220.6432610293
3899.91523945007,1220.6432610293
3905.17366475156,1220.6432610293
3910.43209005306,1220.6432610293
3915.69051535455,1215.38483572781
3926.20736595754,1215.38483572781
3931.46579125903,1210.12641042632
3936.72421656053,1210.12641042632
3941.98264186202,1210.12641042632
3947.24106716351,1204.86798512482
3952.49949246501,1204.86798512482
3957.7579177665,1204.86798512482
3963.01634306799,1199.60955982333
3973.53319367098,1199.60955982333
3978.79161897247,1194.35113452184
3984.05004427397,1194.35113452184
3989.30846957546,1194.35113452184
3994.56689487695,1189.09270922034
4005.08374547994,1189.09270922034
4010.34217078144,1183.83428391885
4015.60059608293,1183.83428391885
4020.85902138442,1183.83428391885
4031.37587198741,1183.83428391885
4036.6342972889,1178.57585861736
4047.15114789189,1178.57585861736
4062.92642379637,1173.31743331586
4083.96012500235,1168.05900801437
4099.73540090683,1162.80058271287
4110.25225150981,1162.80058271287
4115.51067681131,1162.80058271287
4126.0275274143,1162.80058271287
4131.28595271579,1157.54215741138
4136.54437801728,1157.54215741138
4141.80280331878,1157.54215741138
4147.06122862027,1157.54215741138
4152.31965392176,1157.54215741138
4157.57807922326,1157.54215741138
4162.83650452475,1152.28373210989
4168.09492982624,1152.28373210989
4173.35335512774,1152.28373210989
4178.61178042923,1152.28373210989
4183.87020573073,1152.28373210989
4189.12863103222,1152.28373210989
4194.38705633371,1152.28373210989
4199.64548163521,1152.28373210989
4204.9039069367,1152.28373210989
4210.16233223819,1152.28373210989
4215.42075753969,1152.28373210989
4220.67918284118,1152.28373210989
4225.93760814267,1152.28373210989
4231.19603344417,1152.28373210989
4241.71288404715,1152.28373210989
4246.97130934865,1157.54215741138
4252.22973465014,1157.54215741138
4257.48815995164,1157.54215741138
4262.74658525313,1157.54215741138
4268.00501055462,1157.54215741138
4273.26343585612,1162.80058271287
4278.52186115761,1162.80058271287
4283.7802864591,1162.80058271287
4289.0387117606,1168.05900801437
4294.29713706209,1168.05900801437
4299.55556236358,1168.05900801437
4304.81398766508,1173.31743331586
4310.07241296657,1173.31743331586
4315.33083826806,1173.31743331586
4320.58926356956,1178.57585861736
4325.84768887105,1178.57585861736
4331.10611417255,1178.57585861736
4341.62296477553,1183.83428391885
4346.88139007703,1183.83428391885
4352.13981537852,1189.09270922034
4357.39824068001,1189.09270922034
4362.65666598151,1194.35113452184
4367.915091283,1194.35113452184
4373.17351658449,1199.60955982333
4378.43194188599,1199.60955982333
4383.69036718748,1204.86798512482
4388.94879248897,1204.86798512482
4394.20721779047,1204.86798512482
4399.46564309196,1210.12641042632
4404.72406839346,1215.38483572781
4415.24091899644,1220.6432610293
4420.49934429794,1220.6432610293
4425.75776959943,1225.9016863308
4431.01619490092,1225.9016863308
4436.27462020242,1231.16011163229
4446.7914708054,1236.41853693378
4452.0498961069,1241.67696223528
4457.30832140839,1246.93538753677
4462.56674670988,1246.93538753677
4467.82517201138,1252.19381283827
4473.08359731287,1257.45223813976
4478.34202261437,1257.45223813976
4488.85887321735,1262.71066344125
4494.11729851885,1267.96908874275
4499.37572382034,1267.96908874275
4499.37572382034,1273.22751404424
4504.63414912183,1278.48593934573
4509.89257442333,1278.48593934573
4515.15099972482,1283.74436464723
4520.40942502632,1289.00278994872
4525.66785032781,1294.26121525021
4530.9262756293,1299.51964055171
4536.1847009308,1304.7780658532
4541.44312623229,1310.03649115469
4551.95997683528,1315.29491645619
4551.95997683528,1320.55334175768
4557.21840213677,1325.81176705918
4562.47682743826,1331.07019236067
4567.73525273976,1336.32861766216
4572.99367804125,1341.58704296366
4578.25210334275,1346.84546826515
4578.25210334275,1352.10389356664
4583.51052864424,1357.36231886814
4588.76895394573,1357.36231886814
4594.02737924723,1362.62074416963
4594.02737924723,1367.87916947112
4599.28580454872,1373.13759477262
4604.54422985021,1378.39602007411
4609.80265515171,1383.65444537561
4615.0610804532,1388.9128706771
4620.31950575469,1399.42972128009
4625.57793105619,1399.42972128009
4630.83635635768,1404.68814658158
4636.09478165917,1409.94657188307
4641.35320696067,1415.20499718457
4646.61163226216,1420.46342248606
4646.61163226216,1425.72184778755
4651.87005756366,1430.98027308905
4657.12848286515,1436.23869839054
4667.64533346814,1441.49712369204
4667.64533346814,1446.75554899353
4672.90375876963,1452.01397429502
4678.16218407112,1457.27239959652
4683.42060937262,1462.53082489801
4688.67903467411,1467.7892501995
4693.9374599756,1473.047675501
4699.1958852771,1483.56452610398
4704.45431057859,1488.82295140548
4714.97116118158,1494.08137670697
4714.97116118158,1499.33980200846
4720.22958648307,1504.59822730996
4730.74643708606,1509.85665261145
4736.00486238755,1515.11507791295
4741.26328768905,1520.37350321444
4746.52171299054,1530.89035381743
4757.03856359353,1541.40720442041
4762.29698889502,1551.9240550234
4772.81383949801,1557.18248032489
4778.0722647995,1562.44090562639
4778.0722647995,1567.69933092788
4783.33069010099,1567.69933092788
4783.33069010099,1572.95775622937
4788.58911540249,1578.21618153087
4793.84754070398,1583.47460683236
4799.10596600548,1583.47460683236
4799.10596600548,1588.73303213386
4804.36439130697,1593.99145743535
4809.62281660846,1599.24988273684
4814.88124190996,1604.50830803834
4820.13966721145,1609.76673333983
4825.39809251294,1609.76673333983
4830.65651781444,1620.28358394282
4835.91494311593,1625.54200924431
4835.91494311593,1630.8004345458
4841.17336841743,1636.0588598473
4846.43179371892,1641.31728514879
4856.9486443219,1651.83413575178
4862.2070696234,1657.09256105327
4867.46549492489,1662.35098635477
4872.72392022639,1667.60941165626
4877.98234552788,1678.12626225925
4883.24077082937,1683.38468756074
4888.49919613087,1688.64311286223
4899.01604673385,1693.90153816373
4904.27447203535,1704.41838876671
4909.53289733684,1709.67681406821
4914.79132263834,1714.9352393697
4920.04974793983,1720.1936646712
4925.30817324132,1725.45208997269
4930.56659854282,1730.71051527418
4941.0834491458,1741.22736587717
4946.3418744473,1751.74421648016
4956.85872505028,1762.26106708314
4962.11715035178,1772.77791768613
4967.37557565327,1778.03634298763
4972.63400095476,1783.29476828912
4977.89242625626,1793.81161889211
4988.40927685925,1799.0700441936
4993.66770216074,1809.58689479659
4998.92612746223,1814.84532009808
5004.18455276373,1820.10374539957
5004.18455276373,1825.36217070107
5009.44297806522,1830.62059600256
5014.70140336671,1835.87902130405
5019.95982866821,1841.13744660555
5025.2182539697,1841.13744660555
5030.47667927119,1846.39587190704
5035.73510457269,1856.91272251003
5040.99352987418,1856.91272251003
5046.25195517568,1867.42957311302
5051.51038047717,1872.68799841451
5062.02723108016,1883.2048490175
5067.28565638165,1888.46327431899
5072.54408168314,1893.72169962048
5077.80250698464,1898.98012492198
5083.06093228613,1909.49697552497
5093.57778288912,1914.75540082646
5098.83620819061,1920.01382612795
5104.0946334921,1925.27225142945
5109.3530587936,1930.53067673094
5114.61148409509,1941.04752733393
5125.12833469808,1951.56437793691
5140.90361060256,1967.33965384139
5146.16203590405,1972.59807914289
5151.42046120555,1977.85650444438
5156.67888650704,1983.11492974588
5161.93731180854,1988.37335504737
5172.45416241152,1993.63178034886
5177.71258771301,1998.89020565036
5182.97101301451,2004.14863095185
5188.229438316,2009.40705625334
5193.4878636175,2014.66548155484
5198.74628891899,2019.92390685633
5204.00471422048,2025.18233215782
5209.26313952198,2030.44075745932
5214.52156482347,2030.44075745932
5219.77999012496,2035.69918276081
5235.55526602945,2056.73288396679
5240.81369133094,2061.99130926828
5246.07211663243,2061.99130926828
5251.33054193392,2072.50815987127
5256.58896723542,2072.50815987127
5261.84739253691,2083.02501047425
5267.10581783841,2088.28343577575
5272.3642431399,2093.54186107724
5277.62266844139,2098.80028637874
5282.88109374289,2104.05871168023
5288.13951904438,2109.31713698172
5293.39794434587,2114.57556228322
5298.65636964737,2114.57556228322
5303.91479494886,2119.83398758471
5309.17322025036,2125.0924128862
5314.43164555185,2130.3508381877
5319.69007085334,2135.60926348919
5319.69007085334,2140.86768879068
5324.94849615484,2146.12611409218
5324.94849615484,2151.38453939367
5330.20692145633,2156.64296469516
5335.46534675782,2161.90138999666
5335.46534675782,2167.15981529815
5340.72377205932,2172.41824059965
5340.72377205932,2177.67666590114
5345.98219736081,2182.93509120263
5345.98219736081,2188.19351650413
5345.98219736081,2193.45194180562
5351.2406226623,2198.71036710711
5351.2406226623,2203.96879240861
5356.4990479638,2214.48564301159
5356.4990479638,2219.74406831309
5361.75747326529,2225.00249361458
5361.75747326529,2230.26091891607
5361.75747326529,2235.51934421757
5361.75747326529,2240.77776951906
5367.01589856678,2246.03619482056
5367.01589856678,2251.29462012205
5367.01589856678,2256.55304542354
5372.27432386828,2267.06989602653
5372.27432386828,2272.32832132802
5372.27432386828,2277.58674662952
5372.27432386828,2282.84517193101
5372.27432386828,2288.1035972325
5372.27432386828,2293.362022534
5377.53274916977,2303.87887313699
5377.53274916977,2309.13729843848
5377.53274916977,2314.39572373997
5377.53274916977,2319.65414904147
5377.53274916977,2324.91257434296
5377.53274916977,2330.17099964445
5377.53274916977,2340.68785024744
5382.79117447127,2345.94627554893
5382.79117447127,2351.20470085043
5382.79117447127,2361.72155145342
5382.79117447127,2366.97997675491
5382.79117447127,2372.2384020564
5388.04959977276,2372.2384020564
5388.04959977276,2377.4968273579
5388.04959977276,2382.75525265939
5388.04959977276,2388.01367796088
5388.04959977276,2393.27210326238
5388.04959977276,2398.53052856387
5388.04959977276,2403.78895386536
5393.30802507425,2414.30580446835
5393.30802507425,2419.56422976984
5393.30802507425,2424.82265507134
5393.30802507425,2430.08108037283
5398.56645037575,2435.33950567433
5398.56645037575,2445.85635627731
5398.56645037575,2451.11478157881
5403.82487567724,2461.63163218179
5403.82487567724,2466.89005748329
5403.82487567724,2472.14848278478
5403.82487567724,2482.66533338777
5403.82487567724,2487.92375868926
5403.82487567724,2487.92375868926
5405.05448868455,2489.3531787111
5405.29869002655,2490.05448868455
5405.6468212889,2491
5405.70130997345,2492
5405.54289136856,2493
5405.40261994689,2494
5404.8910226309,2495
5404.05448868455,2496
5403.29869002655,2497
5402.70130997345,2498
5401.94551131545,2499
5401,2500
5400.1089773691,2501
5399.7063574222,2502
5400.1089773691,2503
5400.8910226309,2504
5401.29364257779,2505
5400.8910226309,2506
5400,2507
5399.1089773691,2508
5398.7063574222,2509
5399.1089773691,2510
5400,2511
5400.8910226309,2512
5401.29364257779,2513
5400.94551131545,2514
5400.3531787111,2515
5400,2516
5399.70130997345,2517
5399.244201342,2518
5398.70130997345,2519
5397.94551131545,2520
5397.05448868455,2521
5396.29869002655,2522
5395.70130997345,2523
5394.94551131545,2524
5394.05448868455,2525
5393.29869002655,2526
5392.70130997345,2527
5391.94551131545,2528
5391,2529
5390.1089773691,2530
5389.7063574222,2531
5390.1089773691,2532
5390.8910226309,2533
5391.34813126234,2534
5391.244201342,2535
5391.1089773691,2536
5391.244201342,2537
5391.40261994689,2538
5391.29869002655,2539
5391.40766739565,2540
5391.94551131545,2541
5392.29364257779,2542
5391.8910226309,2543
5391.05448868455,2544
5390.29869002655,2545
5389.81028734255,2546
5389.65186873765,2547
5390.1089773691,2548
5390.8910226309,2549
5391.40261994689,2550
5391.48840268401,2551
5391.40261994689,2552
5391,2553
5390.5973800531,2554
5390.40261994689,2555
5389.8910226309,2556
5389,2557
5388.05448868455,2558
5387.29869002655,2559
5386.70130997345,2560
5386.05448868455,2561
5385.65186873765,2562
5385.81028734255,2563
5386.29869002655,2564
5387.05448868455,2565
5387.8910226309,2566
5388.34813126234,2567
5388.18971265745,2568
5387.81028734255,2569
5387.65186873765,2570
5388,2571
5388.2936425778,2572
5388,2573
5387.65186873766,2574
5387.81028734255,2575
5388.244201342,2576
5388.70130997345,2577
5388.94551131545,2578
5389,2579
5389,2580
5389.05448868455,2581
5389.29869002655,2582
5389.6468212889,2583
5389.59233260435,2584
5388.94551131545,2585
5388.05448868455,2586
5387.29869002655,2587
5386.81028734255,2588
5386.65186873766,2589
5387.05448868455,2590
5387.6468212889,2591
5387.94551131545,2592
5388.05448868455,2593
5388.3531787111,2593.94551131545
5389.05448868455,2594.70130997345
5390,2595.29869002655
5390.8910226309,2596.05448868455
5391.29364257779,2597
5391,2598
5390.7063574222,2599
5391,2600
5391.34813126234,2601
5391.29869002655,2602
5391.40766739565,2603
5391.94551131545,2604
5392.34813126234,2605
5392.29869002655,2606
5392.29869002655,2607
5392.45710863144,2608
5392.48840268401,2609
5392.51159731599,2610
5392.5973800531,2611
5393.05448868455,2612
5393.70130997345,2613
5394.18971265745,2614
5394.40261994689,2615
5394.18971265745,2616
5393.755798658,2617
5393.244201342,2618
5392.70130997345,2619
5392.05448868455,2620
5391.65186873765,2621
5391.70130997345,2622
5391.70130997345,2623
5391.65186873765,2624
5392.1089773691,2625
5393,2626
5393.94551131545,2627
5394.70130997345,2628
5395.29869002655,2629
5396.05448868455,2630
5396.8910226309,2631
5397.40261994689,2632
5397.54289136856,2633
5397.81028734255,2634
5398.18971265745,2635
5398.40261994689,2636
5398.29869002655,2637
5398.3531787111,2638
5398.70130997345,2639
5399,2640
5399.3531787111,2641
5400,2642
5400.59233260435,2643
5400.59233260435,2644
5400,2644.94551131545
5399.3531787111,2645.6468212889
5398.56645037575,2650.93494303556
5398.56645037575,2708.77762135199
5398.56645037575,2714.03604665349
5398.56645037575,2719.29447195498
5398.56645037575,2724.55289725647
5403.82487567724,2735.06974785946
5403.82487567724,2740.32817316095
5403.82487567724,2745.58659846245
5403.82487567724,2750.84502376394
5403.82487567724,2756.10344906544
5409.08330097873,2761.36187436693
5409.08330097873,2782.3955755729
5414.34172628023,2808.68770208037
5414.34172628023,2813.94612738186
5419.60015158172,2819.20455268336
5419.60015158172,2824.46297798485
5424.85857688321,2829.72140328635
5424.85857688321,2834.97982858784
5424.85857688321,2840.23825388933
5424.85857688321,2845.49667919083
5430.11700218471,2850.75510449232
5430.11700218471,2861.27195509531
5435.3754274862,2871.78880569829
5435.3754274862,2877.04723099979
5435.3754274862,2882.30565630128
5435.3754274862,2887.56408160277
5440.6338527877,2892.82250690427
5440.6338527877,2903.33935750726
5445.89227808919,2908.59778280875
5445.89227808919,2913.85620811024
5445.89227808919,2919.11463341174
5445.89227808919,2924.37305871323
5445.89227808919,2929.63148401472
5451.15070339068,2934.88990931622
5451.15070339068,2940.14833461771
5451.15070339068,2945.4067599192
5451.15070339068,2950.6651852207
5451.15070339068,2955.92361052219
5456.40912869218,2961.18203582369
5456.40912869218,2966.44046112518
5456.40912869218,2971.69888642667
5456.40912869218,2976.95731172817
5461.66755399367,2982.21573702966
5461.66755399367,2987.47416233115
5461.66755399367,2992.73258763265
5466.92597929516,2997.99101293414
5466.92597929516,3003.24943823563
5466.92597929516,3008.50786353713
5472.18440459666,3019.02471414012
5472.18440459666,3024.28313944161
5472.18440459666,3029.5415647431
5472.18440459666,3034.7999900446
5472.18440459666,3040.05841534609
5472.18440459666,3045.31684064758
5472.18440459666,3050.57526594908
5472.18440459666,3055.83369125057
5472.18440459666,3061.09211655206
5472.18440459666,3066.35054185356
5472.18440459666,3071.60896715505
5472.18440459666,3076.86739245654
5472.18440459666,3082.12581775804
5472.18440459666,3087.38424305953
5477.44282989815,3092.64266836103
5477.44282989815,3097.90109366252
5477.44282989815,3103.15951896401
5477.44282989815,3108.41794426551
5477.44282989815,3113.676369567
5477.44282989815,3118.93479486849
5477.44282989815,3124.19322016999
5477.44282989815,3129.45164547148
5477.44282989815,3134.71007077297
5477.44282989815,3139.96849607447
5477.44282989815,3145.22692137596
5477.44282989815,3150.48534667746
5477.44282989815,3155.74377197895
5477.44282989815,3161.00219728044
5477.44282989815,3166.26062258194
5477.44282989815,3171.51904788343
5477.44282989815,3176.77747318492
5477.44282989815,3182.03589848642
5477.44282989815,3187.29432378791
5477.44282989815,3192.5527490894
5477.44282989815,3197.8111743909
5477.44282989815,3208.32802499388
5477.44282989815,3213.58645029538
5477.44282989815,3218.84487559687
5477.44282989815,3224.10330089837
5472.18440459666,3234.62015150135
5472.18440459666,3239.87857680285
5472.18440459666,3245.13700210434
5472.18440459666,3250.39542740583
5466.92597929516,3255.65385270733
5466.92597929516,3260.91227800882
5466.92597929516,3266.17070331031
5466.92597929516,3271.42912861181
5461.66755399367,3271.42912861181
5461.66755399367,3276.6875539133
5461.66755399367,3281.94597921479
5461.66755399367,3287.20440451629
5461.66755399367,3292.46282981778
5461.66755399367,3297.72125511928
5461.66755399367,3302.97968042077
5461.66755399367,3308.23810572226
5461.66755399367,3313.49653102376
5461.66755399367,3318.75495632525
5461.66755399367,3324.01338162674
5461.66755399367,3329.27180692824
5461.66755399367,3334.53023222973
5461.66755399367,3339.78865753122
5461.66755399367,3345.04708283272
5461.66755399367,3355.56393343571
5461.66755399367,3360.8223587372
5461.66755399367,3366.08078403869
5461.66755399367,3371.33920934019
5461.66755399367,3376.59763464168
5461.66755399367,3381.85605994317
5456.40912869218,3381.85605994317
5456.40912869218,3381.85605994317
5456.244201342,3383.3531787111
5456.45710863144,3384.05448868455
5456.48840268401,3385
5456.40261994689,3386
5455.94551131545,3387
5455.40766739565,3388
5455.40766739565,3389
5456.05448868455,3390
5456.8910226309,3391
5457.40261994689,3392
5457.59738005311,3393
5458.1089773691,3394
5459,3395
5460,3396
5460.8910226309,3397
5461.40261994689,3398
5461.48840268401,3399
5461.51159731599,3400
5461.48840268401,3401
5461.40261994689,3402
5460.8910226309,3403
5460.1089773691,3404
5459.5973800531,3405
5459.45710863144,3406
5459.18971265745,3407
5458.81028734255,3408
5458.65186873765,3409
5459.05448868455,3410
5459.59233260435,3411
5459.59233260435,3412
5458.94551131545,3412.94551131545
5458,3413.70130997345
5457,3414.29869002655
5456.05448868455,3415.05448868455
5455.29869002655,3416
5454.70130997345,3417
5453.94551131545,3418
5453,3419
5452.05448868455,3420
5451.3531787111,3421
5451,3422
5450.6468212889,3423
5449.94551131545,3424
5449,3425
5448,3425.94551131545
5447,3426.70130997345
5446,3427.29869002655
5445.1089773691,3428.05448868455
5444.59738005311,3429
5444.40261994689,3430
5444,3431
5443.7063574222,3432
5444,3433
5444.29364257779,3434
5443.94551131545,3435
5443.29869002655,3436
5442.755798658,3437
5442.244201342,3438
5441.70130997345,3439
5440.94551131545,3440
5440.05448868455,3441
5439.29869002655,3442
5438.70130997345,3443
5438.05448868455,3444
5437.5973800531,3445
5437.51159731599,3446
5437.5973800531,3447
5438.1089773691,3448
5438.8910226309,3449
5439.2936425778,3450
5438.94551131545,3451
5438.3531787111,3452
5438,3453
5437.70130997345,3454
5437.244201342,3455
5436.70130997345,3456
5435.94551131545,3457
5435,3458
5434,3459
5433.05448868455,3460
5432.29869002655,3461
5431.70130997345,3462
5431.05448868455,3463
5430.65186873765,3464
5430.70130997345,3465
5430.59233260435,3466
5430.05448868455,3467
5429.7063574222,3468
5430.1089773691,3469
5431,3470
5431.8910226309,3471
5432.34813126234,3472
5432.18971265745,3473
5431.70130997345,3474
5431.05448868455,3475
5430.7063574222,3476
5431,3477
5431.29364257779,3478
5431,3479
5430.7063574222,3480
5431,3481
5431.29364257779,3482
5431,3483
5430.5973800531,3484
5430.45710863144,3485
5430.29869002655,3486
5430.3531787111,3487
5430.6468212889,3488
5430.70130997345,3489
5430.54289136856,3490
5430.45710863144,3490.94551131545
5430.244201342,3491.6468212889
5430.11700218471,3508.05826717902
5435.3754274862,3550.12566959097
5440.6338527877,3550.12566959097
5440.6338527877,3555.38409489246
5440.6338527877,3560.64252019396
5440.6338527877,3571.15937079694
5440.6338527877,3576.41779609844
5445.89227808919,3581.67622139993
5445.89227808919,3592.19307200292
5445.89227808919,3597.45149730441
5445.89227808919,3607.9683479074
5445.89227808919,3613.22677320889
5451.15070339068,3618.48519851039
5451.15070339068,3623.74362381188
5451.15070339068,3629.00204911337
5451.15070339068,3634.26047441487
5451.15070339068,3644.77732501785
5451.15070339068,3650.03575031935
5451.15070339068,3655.29417562084
5451.15070339068,3660.55260092233
5451.15070339068,3665.81102622383
5451.15070339068,3671.06945152532
5451.15070339068,3676.32787682682
5451.15070339068,3681.58630212831
5451.15070339068,3686.8447274298
5451.15070339068,3692.1031527313
5451.15070339068,3697.36157803279
5451.15070339068,3702.62000333428
5451.15070339068,3707.87842863578
5451.15070339068,3713.13685393727
5451.15070339068,3718.39527923876
5451.15070339068,3723.65370454026
5451.15070339068,3728.91212984175
5451.15070339068,3739.42898044474
5451.15070339068,3744.68740574623
5451.15070339068,3749.94583104773
5451.15070339068,3765.72110695221
5451.15070339068,3781.49638285669
5451.15070339068,3786.75480815818
5451.15070339068,3792.01323345967
5451.15070339068,3802.53008406266
5451.15070339068,3807.78850936416
5451.15070339068,3813.04693466565
5451.15070339068,3818.30535996714
5451.15070339068,3823.56378526864
5451.15070339068,3839.33906117312
5451.15070339068,3844.59748647461
5451.15070339068,3849.8559117761
5451.15070339068,3860.37276237909
5451.15070339068,3865.63118768058
5451.15070339068,3870.88961298208
5451.15070339068,3876.14803828357
5451.15070339068,3881.40646358507
5451.15070339068,3886.66488888656
5451.15070339068,3897.18173948955
5456.40912869218,3902.44016479104
5456.40912869218,3907.69859009253
5456.40912869218,3912.95701539403
5456.40912869218,3918.21544069552
5466.92597929516,3939.2491419015
5472.18440459666,3960.28284310747
5477.44282989815,3970.79969371046
5477.44282989815,3976.05811901195
5482.70125519964,3976.05811901195
5482.70125519964,3981.31654431344
5482.70125519964,3986.57496961494
5487.95968050114,3986.57496961494
5487.95968050114,3991.83339491643
5487.95968050114,3997.09182021793
5493.21810580263,4002.35024551942
5493.21810580263,4007.60867082091
5493.21810580263,4012.86709612241
5498.47653110412,4018.1255214239
5498.47653110412,4023.38394672539
5503.73495640562,4023.38394672539
5503.73495640562,4033.90079732838
5508.99338170711,4033.90079732838
5508.99338170711,4039.15922262987
5514.25180700861,4044.41764793137
5514.25180700861,4049.67607323286
5519.5102323101,4054.93449853435
5524.76865761159,4060.19292383585
5530.02708291309,4065.45134913734
5535.28550821458,4070.70977443884
5535.28550821458,4075.96819974033
5540.54393351607,4075.96819974033
5540.54393351607,4081.22662504182
5545.80235881757,4086.48505034332
5551.06078411906,4086.48505034332
5551.06078411906,4091.74347564481
5556.31920942056,4097.0019009463
5561.57763472205,4097.0019009463
5561.57763472205,4102.2603262478
5566.83606002354,4107.51875154929
5572.09448532503,4112.77717685078
5572.09448532503,4118.03560215228
5577.35291062653,4123.29402745377
5577.35291062653,4128.55245275526
5582.61133592802,4128.55245275526
5587.86976122952,4133.81087805676
5593.12818653101,4139.06930335825
5598.3866118325,4144.32772865975
5603.645037134,4149.58615396124
5608.90346243549,4154.84457926273
5608.90346243549,4160.10300456423
5614.16188773698,4160.10300456423
5614.16188773698,4165.36142986572
5619.42031303848,4170.61985516721
5635.19558894296,4191.65355637319
5650.97086484744,4207.42883227767
5650.97086484744,4212.68725757916
5656.22929014893,4217.94568288066
5661.48771545043,4223.20410818215
5666.74614075192,4228.46253348364
5677.26299135491,4238.97938408663
5682.5214166564,4244.23780938812
5693.03826725939,4249.49623468962
5693.03826725939,4254.75465999111
5698.29669256088,4254.75465999111
5703.55511786238,4260.0130852926
5703.55511786238,4265.2715105941
5708.81354316387,4270.52993589559
5714.07196846536,4270.52993589559
5719.33039376686,4275.78836119709
5724.58881906835,4281.04678649858
5729.84724436984,4286.30521180007
5735.10566967134,4291.56363710157
5740.36409497283,4296.82206240306
5745.62252027432,4302.08048770455
5750.88094557582,4307.33891300605
5756.13937087731,4312.59733830754
5756.13937087731,4317.85576360903
5761.3977961788,4317.85576360903
5761.3977961788,4323.11418891053
5766.6562214803,4323.11418891053
5777.17307208329,4333.63103951352
5782.43149738478,4338.88946481501
5787.68992268627,4344.1478901165
5792.94834798777,4344.1478901165
5792.94834798777,4354.66474071949
5803.46519859075,4359.92316602098
5803.46519859075,4365.18159132248
5808.72362389225,4365.18159132248
5813.98204919374,4370.44001662397
5819.24047449523,4375.69844192546
5824.49889979673,4380.95686722696
5824.49889979673,4386.21529252845
5829.75732509822,4386.21529252845
5829.75732509822,4391.47371782994
5835.01575039972,4396.73214313144
5840.27417570121,4401.99056843293
5845.5326010027,4407.24899373443
5850.7910263042,4412.50741903592
5856.04945160569,4412.50741903592
5856.04945160569,4417.76584433741
5861.30787690718,4423.02426963891
5866.56630220868,4428.2826949404
5866.56630220868,4433.54112024189
5871.82472751017,4438.79954554339
5877.08315281166,4438.79954554339
5877.08315281166,4444.05797084488
5887.60000341465,4449.31639614637
5887.60000341465,4454.57482144787
5898.11685401764,4454.57482144787
5903.37527931913,4459.83324674936
5908.63370462063,4459.83324674936
5913.89212992212,4465.09167205086
5919.15055522361,4465.09167205086
5919.15055522361,4470.35009735235
5924.40898052511,4470.35009735235
5929.6674058266,4475.60852265384
5934.92583112809,4475.60852265384
5940.18425642959,4475.60852265384
5940.18425642959,4480.86694795534
5950.70110703258,4480.86694795534
5955.95953233407,4486.12537325683
5961.21795763556,4486.12537325683
5966.47638293705,4486.12537325683
5971.73480823855,4486.12537325683
5976.99323354004,4486.12537325683
5976.99323354004,4486.12537325683
5978.3531787111,4487.244201342
5979.05448868455,4487.34813126234
5980,4486.8910226309
5981,4486
5982,4485.1089773691
5983,4484.65186873765
5984,4484.81028734255
5985,4485.29869002655
5986,4486.05448868455
5987,4487
5988,4487.8910226309
5989,4488.34813126234
5990,4488.18971265745
5991,4487.70130997345
5991.94551131545,4487
5992.6468212889,4486.3531787111
