5866.24203821656,4617.83439490446
5866.24203821656,5000
5853.50318471338,5000
5840.76433121019,5000
5828.02547770701,5000
5815.28662420382,5000
5815.28662420382,5012.73885350318
5802.54777070064,5012.73885350318
5789.80891719745,5012.73885350318
5789.80891719745,5025.47770700637
5777.07006369427,5025.47770700637
5777.07006369427,5038.21656050955
5764.33121019108,5050.95541401274
5751.5923566879,5063.69426751592
5738.85350318471,5063.69426751592
5700.63694267516,5127.38853503185
5700.63694267516,5140.12738853503
5687.89808917197,5152.86624203822
5675.15923566879,5165.6050955414
5662.4203821656,5203.82165605095
5649.68152866242,5216.56050955414
5649.68152866242,5229.29936305732
5636.94267515924,5242.03821656051
5624.20382165605,5254.77707006369
5598.72611464968,5305.73248407643
5598.72611464968,5318.47133757962
5585.9872611465,5331.2101910828
5585.9872611465,5343.94904458599
5573.24840764331,5369.42675159235
5573.24840764331,5382.16560509554
5560.50955414013,5394.90445859872
5560.50955414013,5407.64331210191
5547.77070063694,5420.38216560509
5547.77070063694,5433.12101910828
5535.03184713376,5445.85987261146
5535.03184713376,5458.59872611465
5522.29299363057,5471.33757961783
5509.55414012739,5509.55414012739
5509.55414012739,5522.29299363057
5496.8152866242,5535.03184713376
5496.8152866242,5547.77070063694
5484.07643312102,5573.24840764331
5471.33757961783,5585.9872611465
5471.33757961783,5598.72611464968
5458.59872611465,5611.46496815287
5458.59872611465,5624.20382165605
5445.85987261147,5636.94267515923
5433.12101910828,5649.68152866242
5433.12101910828,5662.4203821656
5420.38216560509,5675.15923566879
5407.64331210191,5687.89808917197
5407.64331210191,5700.63694267516
5407.64331210191,5713.37579617834
5394.90445859873,5726.11464968153
5382.16560509554,5738.85350318471
5369.42675159236,5751.5923566879
5356.68789808917,5751.5923566879
5356.68789808917,5764.33121019108
5343.94904458599,5764.33121019108
5331.2101910828,5764.33121019108
5318.47133757962,5764.33121019108
5280.25477707006,5764.33121019108
5229.29936305732,5777.07006369426
5178.34394904459,5777.07006369426
5114.64968152866,5789.80891719745
5089.17197452229,5789.80891719745
5063.69426751592,5802.54777070064
5050.95541401274,5802.54777070064
5038.21656050955,5802.54777070064
5025.47770700637,5815.28662420382
5012.73885350318,5815.28662420382
5000,5828.025477707
4987.26114649682,5828.025477707
4949.04458598726,5840.76433121019
4923.56687898089,5853.50318471337
4910.82802547771,5866.24203821656
4885.35031847134,5878.98089171974
4872.61146496815,5891.71974522293
4847.13375796178,5891.71974522293
4834.3949044586,5904.45859872611
4821.65605095541,5917.1974522293
4808.91719745223,5929.93630573248
4796.17834394904,5942.67515923567
4783.43949044586,5942.67515923567
4770.70063694267,5955.41401273885
4757.96178343949,5968.15286624204
4745.22292993631,5980.89171974522
4719.74522292994,5993.63057324841
4707.00636942675,6006.36942675159
4694.26751592357,6019.10828025478
4668.7898089172,6031.84713375796
4656.05095541401,6044.58598726115
4643.31210191083,6057.32484076433
4630.57324840764,6070.06369426751
4617.83439490446,6082.8025477707
4605.09554140127,6095.54140127388
4579.6178343949,6108.28025477707
4566.87898089172,6121.01910828025
4554.14012738853,6133.75796178344
4541.40127388535,6146.49681528662
4528.66242038216,6146.49681528662
4515.92356687898,6159.23566878981
4503.1847133758,6171.97452229299
4477.70700636943,6197.45222929936
4388.53503184713,6273.88535031847
4363.05732484076,6286.62420382166
4350.31847133758,6299.36305732484
4337.5796178344,6312.10191082802
4324.84076433121,6312.10191082802
4273.88535031847,6363.05732484076
4235.66878980892,6388.53503184713
4235.66878980892,6401.27388535032
4210.19108280255,6414.0127388535
4197.45222929936,6414.0127388535
4197.45222929936,6426.75159235669
4184.71337579618,6426.75159235669
4171.97452229299,6439.49044585987
4159.23566878981,6452.22929936306
4146.49681528662,6464.96815286624
4133.75796178344,6477.70700636943
4121.01910828025,6477.70700636943
4121.01910828025,6490.44585987261
4095.54140127389,6515.92356687898
4070.06369426752,6541.40127388535
4057.32484076433,6541.40127388535
4057.32484076433,6554.14012738853
4044.58598726115,6554.14012738853
4044.58598726115,6566.87898089172
4031.84713375796,6566.87898089172
4019.10828025478,6566.87898089172
4019.10828025478,6579.6178343949
4006.36942675159,6592.35668789809
3993.63057324841,6592.35668789809
3980.89171974522,6605.09554140127
3968.15286624204,6605.09554140127
3968.15286624204,6617.83439490446
3955.41401273885,6617.83439490446
3955.41401273885,6630.57324840764
3942.67515923567,6630.57324840764
3929.93630573248,6630.57324840764
3929.93630573248,6643.31210191083
3917.1974522293,6643.31210191083
3904.45859872611,6656.05095541401
3891.71974522293,6656.05095541401
3878.98089171974,6656.05095541401
3853.50318471338,6668.7898089172
3815.28662420382,6668.7898089172
3789.80891719745,6668.7898089172
3751.5923566879,6681.52866242038
3700.63694267516,6694.26751592357
3649.68152866242,6694.26751592357
3624.20382165605,6694.26751592357
3611.46496815287,6707.00636942675
3573.24840764331,6707.00636942675
3547.77070063694,6719.74522292994
3522.29299363057,6719.74522292994
3509.55414012739,6732.48407643312
3496.8152866242,6732.48407643312
3484.07643312102,6732.48407643312
3458.59872611465,6732.48407643312
3445.85987261146,6732.48407643312
3420.38216560509,6732.48407643312
3394.90445859872,6732.48407643312
3369.42675159236,6745.2229299363
3356.68789808917,6745.2229299363
3343.94904458599,6745.2229299363
3318.47133757962,6745.2229299363
3305.73248407643,6745.2229299363
3292.99363057325,6745.2229299363
3254.77707006369,6745.2229299363
3216.56050955414,6745.2229299363
3203.82165605096,6745.2229299363
3191.08280254777,6745.2229299363
3152.86624203822,6745.2229299363
3114.64968152866,6745.2229299363
3101.91082802548,6745.2229299363
3089.17197452229,6732.48407643312
3063.69426751592,6732.48407643312
3050.95541401274,6732.48407643312
3038.21656050955,6719.74522292994
3025.47770700637,6719.74522292994
3012.73885350318,6707.00636942675
2987.26114649681,6707.00636942675
2974.52229299363,6694.26751592357
2961.78343949045,6694.26751592357
2936.30573248408,6681.52866242038
2923.56687898089,6681.52866242038
2910.82802547771,6668.7898089172
2898.08917197452,6668.7898089172
2885.35031847134,6656.05095541401
2872.61146496815,6643.31210191083
2859.87261146497,6643.31210191083
2847.13375796178,6617.83439490446
2834.3949044586,6605.09554140127
2821.65605095541,6592.35668789809
2808.91719745223,6592.35668789809
2796.17834394904,6579.6178343949
2783.43949044586,6566.87898089172
2770.70063694267,6554.14012738853
2770.70063694267,6541.40127388535
2757.96178343949,6528.66242038216
2745.2229299363,6515.92356687898
2732.48407643312,6503.18471337579
2719.74522292994,6490.44585987261
2719.74522292994,6477.70700636943
2707.00636942675,6477.70700636943
2694.26751592357,6464.96815286624
2694.26751592357,6452.22929936306
2681.52866242038,6439.49044585987
2668.7898089172,6426.75159235669
2656.05095541401,6414.0127388535
2643.31210191083,6401.27388535032
2630.57324840764,6388.53503184713
2617.83439490446,6375.79617834395
2605.09554140127,6363.05732484076
2605.09554140127,6350.31847133758
2592.35668789809,6350.31847133758
2579.6178343949,6337.57961783439
2566.87898089172,6312.10191082802
2566.87898089172,6299.36305732484
2554.14012738853,6286.62420382166
2541.40127388535,6273.88535031847
2541.40127388535,6261.14649681528
2528.66242038216,6248.4076433121
2528.66242038216,6235.66878980892
2515.92356687898,6222.92993630573
2515.92356687898,6210.19108280255
2515.92356687898,6197.45222929936
2503.18471337579,6184.71337579618
2503.18471337579,6171.97452229299
2490.44585987261,6159.23566878981
2490.44585987261,6146.49681528662
2490.44585987261,6133.75796178344
2477.70700636943,6121.01910828025
2477.70700636943,6095.54140127388
2464.96815286624,6082.8025477707
2464.96815286624,6070.06369426751
2464.96815286624,6057.32484076433
2452.22929936306,6044.58598726115
2452.22929936306,6031.84713375796
2452.22929936306,6019.10828025478
2439.49044585987,6006.36942675159
2439.49044585987,5993.63057324841
2439.49044585987,5980.89171974522
2439.49044585987,5968.15286624204
2439.49044585987,5955.41401273885
2426.75159235669,5955.41401273885
2426.75159235669,5942.67515923567
2426.75159235669,5929.93630573248
2426.75159235669,5917.1974522293
2426.75159235669,5904.45859872611
2414.0127388535,5891.71974522293
2414.0127388535,5878.98089171974
2414.0127388535,5866.24203821656
2414.0127388535,5853.50318471337
2414.0127388535,5840.76433121019
2414.0127388535,5815.28662420382
2414.0127388535,5802.54777070064
2414.0127388535,5789.80891719745
2414.0127388535,5777.07006369426
2414.0127388535,5751.5923566879
2414.0127388535,5738.85350318471
2414.0127388535,5726.11464968153
2414.0127388535,5700.63694267516
2414.0127388535,5687.89808917197
2414.0127388535,5675.15923566879
2414.0127388535,5649.68152866242
2426.75159235669,5636.94267515923
2426.75159235669,5624.20382165605
2426.75159235669,5611.46496815287
2439.49044585987,5611.46496815287
2439.49044585987,5598.72611464968
2439.49044585987,5585.9872611465
2452.22929936306,5560.50955414013
2452.22929936306,5547.77070063694
2464.96815286624,5535.03184713376
2464.96815286624,5522.29299363057
2477.70700636943,5522.29299363057
2477.70700636943,5496.8152866242
2490.44585987261,5484.07643312102
2490.44585987261,5471.33757961783
2490.44585987261,5458.59872611465
2503.18471337579,5458.59872611465
2503.18471337579,5445.85987261146
2503.18471337579,5433.12101910828
2515.92356687898,5420.38216560509
2515.92356687898,5407.64331210191
2528.66242038216,5394.90445859872
2528.66242038216,5382.16560509554
2541.40127388535,5369.42675159235
2541.40127388535,5356.68789808917
2541.40127388535,5343.94904458599
2554.14012738853,5331.2101910828
2554.14012738853,5318.47133757962
2554.14012738853,5305.73248407643
2566.87898089172,5292.99363057325
2566.87898089172,5280.25477707006
2579.6178343949,5267.51592356688
2579.6178343949,5242.03821656051
2592.35668789809,5229.29936305732
2592.35668789809,5216.56050955414
2592.35668789809,5203.82165605095
2605.09554140127,5191.08280254777
2605.09554140127,5178.34394904458
2617.83439490446,5178.34394904458
2617.83439490446,5165.6050955414
2617.83439490446,5152.86624203822
2630.57324840764,5152.86624203822
2630.57324840764,5140.12738853503
2630.57324840764,5127.38853503185
2643.31210191083,5114.64968152866
2656.05095541401,5101.91082802548
2656.05095541401,5089.17197452229
2668.7898089172,5076.43312101911
2681.52866242038,5063.69426751592
2694.26751592357,5050.95541401274
2707.00636942675,5038.21656050955
2719.74522292994,5025.47770700637
2732.48407643312,5025.47770700637
2732.48407643312,5012.73885350318
2745.2229299363,5012.73885350318
2757.96178343949,5000
2770.70063694267,5000
2770.70063694267,4987.26114649681
2783.43949044586,4987.26114649681
2796.17834394904,4987.26114649681
2808.91719745223,4974.52229299363
2821.65605095541,4974.52229299363
2834.3949044586,4961.78343949044
2847.13375796178,4949.04458598726
2859.87261146497,4949.04458598726
2872.61146496815,4949.04458598726
2885.35031847134,4936.30573248407
2898.08917197452,4936.30573248407
2910.82802547771,4923.56687898089
2923.56687898089,4923.56687898089
2936.30573248408,4910.82802547771
2949.04458598726,4910.82802547771
2961.78343949045,4898.08917197452
2987.26114649681,4898.08917197452
3000,4885.35031847134
3012.73885350318,4885.35031847134
3025.47770700637,4872.61146496815
3038.21656050955,4872.61146496815
3050.95541401274,4872.61146496815
3050.95541401274,4859.87261146497
3063.69426751592,4859.87261146497
3076.43312101911,4859.87261146497
3089.17197452229,4847.13375796178
3101.91082802548,4847.13375796178
3114.64968152866,4847.13375796178
3140.12738853503,4847.13375796178
3152.86624203822,4834.3949044586
3165.6050955414,4821.65605095541
3178.34394904459,4808.91719745223
3191.08280254777,4808.91719745223
3191.08280254777,4796.17834394904
3203.82165605096,4783.43949044586
3216.56050955414,4783.43949044586
3242.03821656051,4745.2229299363
3254.77707006369,4745.2229299363
3280.25477707006,4719.74522292993
3292.99363057325,4707.00636942675
3305.73248407643,4694.26751592357
3318.47133757962,4681.52866242038
3343.94904458599,4668.7898089172
3356.68789808917,4656.05095541401
3356.68789808917,4643.31210191083
3369.42675159236,4643.31210191083
3382.16560509554,4630.57324840764
3394.90445859872,4617.83439490446
3407.64331210191,4605.09554140127
3433.12101910828,4592.35668789809
3445.85987261146,4579.6178343949
3458.59872611465,4579.6178343949
3471.33757961783,4566.87898089172
3484.07643312102,4554.14012738853
3496.8152866242,4541.40127388535
3509.55414012739,4541.40127388535
3509.55414012739,4528.66242038216
3522.29299363057,4528.66242038216
3522.29299363057,4515.92356687898
3535.03184713376,4503.18471337579
3585.9872611465,4452.22929936306
3624.20382165605,4414.0127388535
3636.94267515924,4401.27388535032
3649.68152866242,4375.79617834395
3687.89808917198,4324.84076433121
3713.37579617834,4286.62420382165
3713.37579617834,4273.88535031847
3726.11464968153,4248.4076433121
3738.85350318471,4235.66878980892
3738.85350318471,4222.92993630573
3738.85350318471,4210.19108280255
3751.5923566879,4197.45222929936
3751.5923566879,4184.71337579618
3751.5923566879,4171.97452229299
3751.5923566879,4171.97452229299
3713.37579617834,3636.94267515923
3713.37579617834,3624.20382165605
3713.37579617834,3611.46496815286
3713.37579617834,3598.72611464968
3713.37579617834,3585.9872611465
3713.37579617834,3573.24840764331
3713.37579617834,3560.50955414013
3713.37579617834,3547.77070063694
3713.37579617834,3535.03184713376
3713.37579617834,3522.29299363057
3713.37579617834,3509.55414012739
3713.37579617834,3496.8152866242
3713.37579617834,3458.59872611465
3713.37579617834,3445.85987261146
3713.37579617834,3433.12101910828
3713.37579617834,3420.38216560509
3713.37579617834,3394.90445859872
3713.37579617834,3382.16560509554
3713.37579617834,3369.42675159235
3713.37579617834,3356.68789808917
3713.37579617834,3331.2101910828
3700.63694267516,3305.73248407643
3700.63694267516,3280.25477707006
3700.63694267516,3267.51592356688
3687.89808917198,3242.03821656051
3687.89808917198,3216.56050955414
3687.89808917198,3203.82165605095
3687.89808917198,3191.08280254777
3687.89808917198,3178.34394904458
3687.89808917198,3165.6050955414
3675.15923566879,3152.86624203822
3675.15923566879,3140.12738853503
3675.15923566879,3127.38853503185
3675.15923566879,3114.64968152866
3675.15923566879,3101.91082802548
3662.42038216561,3089.17197452229
3662.42038216561,3076.43312101911
3662.42038216561,3063.69426751592
3662.42038216561,3050.95541401274
3649.68152866242,3038.21656050955
3649.68152866242,3025.47770700637
3649.68152866242,3012.73885350318
3649.68152866242,3000
3636.94267515924,2987.26114649681
3636.94267515924,2974.52229299363
3636.94267515924,2961.78343949044
3636.94267515924,2949.04458598726
3636.94267515924,2936.30573248407
3636.94267515924,2923.56687898089
3636.94267515924,2910.82802547771
3636.94267515924,2898.08917197452
3636.94267515924,2885.35031847134
3624.20382165605,2885.35031847134
3624.20382165605,2872.61146496815
3624.20382165605,2859.87261146497
3624.20382165605,2847.13375796178
3624.20382165605,2834.3949044586
3611.46496815287,2821.65605095541
3611.46496815287,2808.91719745223
3611.46496815287,2796.17834394904
3598.72611464968,2783.43949044586
3598.72611464968,2770.70063694267
3585.9872611465,2757.96178343949
3585.9872611465,2745.2229299363
3585.9872611465,2732.48407643312
3573.24840764331,2732.48407643312
3573.24840764331,2719.74522292993
3560.50955414013,2694.26751592356
3547.77070063694,2681.52866242038
3547.77070063694,2668.7898089172
3535.03184713376,2656.05095541401
3522.29299363057,2643.31210191083
3522.29299363057,2630.57324840764
3522.29299363057,2617.83439490446
3509.55414012739,2617.83439490446
3509.55414012739,2605.09554140127
3496.8152866242,2592.35668789809
3496.8152866242,2579.6178343949
3484.07643312102,2566.87898089172
3471.33757961783,2554.14012738853
3458.59872611465,2541.40127388535
3458.59872611465,2528.66242038216
3445.85987261146,2528.66242038216
3433.12101910828,2503.18471337579
3420.38216560509,2490.44585987261
3407.64331210191,2477.70700636942
3394.90445859872,2464.96815286624
3382.16560509554,2452.22929936306
3369.42675159236,2426.75159235669
3356.68789808917,2414.0127388535
3343.94904458599,2401.27388535032
3331.2101910828,2401.27388535032
3331.2101910828,2388.53503184713
3318.47133757962,2388.53503184713
3318.47133757962,2375.79617834395
3305.73248407643,2375.79617834395
3292.99363057325,2363.05732484076
3280.25477707006,2363.05732484076
3267.51592356688,2363.05732484076
3267.51592356688,2350.31847133758
3254.77707006369,2350.31847133758
3242.03821656051,2350.31847133758
3229.29936305732,2337.57961783439
3216.56050955414,2324.84076433121
3191.08280254777,2312.10191082802
3178.34394904459,2299.36305732484
3165.6050955414,2286.62420382165
3152.86624203822,2273.88535031847
3140.12738853503,2261.14649681528
3127.38853503185,2248.4076433121
3114.64968152866,2235.66878980891
3101.91082802548,2222.92993630573
3089.17197452229,2210.19108280255
3076.43312101911,2210.19108280255
3076.43312101911,2197.45222929936
3063.69426751592,2184.71337579618
3050.95541401274,2171.97452229299
3038.21656050955,2159.23566878981
3038.21656050955,2146.49681528662
3025.47770700637,2133.75796178344
3012.73885350318,2121.01910828025
3012.73885350318,2108.28025477707
3000,2095.54140127388
3000,2082.8025477707
2987.26114649681,2070.06369426751
2987.26114649681,2057.32484076433
2987.26114649681,2057.32484076433
2987.26114649681,2044.58598726114
2974.52229299363,2019.10828025478
2974.52229299363,1993.63057324841
2961.78343949045,1980.89171974522
2961.78343949045,1968.15286624204
2961.78343949045,1955.41401273885
2961.78343949045,1942.67515923567
2961.78343949045,1929.93630573248
2961.78343949045,1917.1974522293
2961.78343949045,1904.45859872611
2961.78343949045,1891.71974522293
2961.78343949045,1878.98089171974
2961.78343949045,1866.24203821656
2961.78343949045,1853.50318471337
2974.52229299363,1840.76433121019
2974.52229299363,1828.025477707
2974.52229299363,1815.28662420382
2987.26114649681,1815.28662420382
2987.26114649681,1802.54777070064
2987.26114649681,1789.80891719745
3000,1777.07006369427
3012.73885350318,1764.33121019108
3012.73885350318,1751.5923566879
3025.47770700637,1738.85350318471
3025.47770700637,1726.11464968153
3038.21656050955,1713.37579617834
3038.21656050955,1700.63694267516
3050.95541401274,1687.89808917197
3050.95541401274,1675.15923566879
3063.69426751592,1662.4203821656
3063.69426751592,1649.68152866242
3076.43312101911,1649.68152866242
3076.43312101911,1636.94267515923
3089.17197452229,1624.20382165605
3101.91082802548,1624.20382165605
3101.91082802548,1611.46496815286
3114.64968152866,1598.72611464968
3127.38853503185,1598.72611464968
3140.12738853503,1585.98726114649
3152.86624203822,1573.24840764331
3165.6050955414,1573.24840764331
3165.6050955414,1560.50955414012
3178.34394904459,1560.50955414012
3191.08280254777,1547.77070063694
3203.82165605096,1547.77070063694
3216.56050955414,1547.77070063694
3229.29936305732,1535.03184713376
3242.03821656051,1535.03184713376
3254.77707006369,1522.29299363057
3267.51592356688,1522.29299363057
3280.25477707006,1522.29299363057
3292.99363057325,1509.55414012739
3305.73248407643,1509.55414012739
3318.47133757962,1509.55414012739
3331.2101910828,1496.8152866242
3343.94904458599,1496.8152866242
3356.68789808917,1496.8152866242
3369.42675159236,1496.8152866242
3382.16560509554,1484.07643312102
3394.90445859872,1484.07643312102
3407.64331210191,1471.33757961783
3420.38216560509,1471.33757961783
3433.12101910828,1471.33757961783
3445.85987261146,1471.33757961783
3458.59872611465,1471.33757961783
3471.33757961783,1471.33757961783
3484.07643312102,1471.33757961783
3509.55414012739,1471.33757961783
3522.29299363057,1471.33757961783
3535.03184713376,1471.33757961783
3547.77070063694,1471.33757961783
3560.50955414013,1471.33757961783
3573.24840764331,1471.33757961783
3585.9872611465,1471.33757961783
3598.72611464968,1471.33757961783
3611.46496815287,1471.33757961783
3624.20382165605,1471.33757961783
3636.94267515924,1471.33757961783
3649.68152866242,1471.33757961783
3662.42038216561,1471.33757961783
3662.42038216561,1484.07643312102
3687.89808917198,1484.07643312102
3700.63694267516,1484.07643312102
3713.37579617834,1496.8152866242
3726.11464968153,1496.8152866242
3738.85350318471,1496.8152866242
3751.5923566879,1509.55414012739
3764.33121019108,1509.55414012739
3777.07006369427,1522.29299363057
3789.80891719745,1522.29299363057
3802.54777070064,1535.03184713376
3815.28662420382,1535.03184713376
3828.02547770701,1547.77070063694
3840.76433121019,1547.77070063694
3853.50318471338,1560.50955414012
3866.24203821656,1560.50955414012
3878.98089171974,1573.24840764331
3891.71974522293,1585.98726114649
3904.45859872611,1585.98726114649
3917.1974522293,1585.98726114649
3929.93630573248,1598.72611464968
3942.67515923567,1598.72611464968
3968.15286624204,1611.46496815286
3980.89171974522,1624.20382165605
3993.63057324841,1624.20382165605
4006.36942675159,1636.94267515923
4019.10828025478,1636.94267515923
4031.84713375796,1636.94267515923
4031.84713375796,1649.68152866242
4044.58598726115,1649.68152866242
4070.06369426752,1662.4203821656
4082.8025477707,1675.15923566879
4095.54140127389,1675.15923566879
4108.28025477707,1687.89808917197
4121.01910828025,1687.89808917197
4133.75796178344,1700.63694267516
4146.49681528662,1700.63694267516
4159.23566878981,1713.37579617834
4171.97452229299,1713.37579617834
4184.71337579618,1726.11464968153
4197.45222929936,1726.11464968153
4210.19108280255,1738.85350318471
4222.92993630573,1751.5923566879
4248.4076433121,1751.5923566879
4261.14649681529,1764.33121019108
4273.88535031847,1764.33121019108
4286.62420382166,1777.07006369427
4299.36305732484,1789.80891719745
4312.10191082803,1789.80891719745
4324.84076433121,1802.54777070064
4363.05732484076,1815.28662420382
4363.05732484076,1828.025477707
4375.79617834395,1828.025477707
4388.53503184713,1840.76433121019
4414.0127388535,1853.50318471337
4426.75159235669,1853.50318471337
4439.49044585987,1866.24203821656
4452.22929936306,1866.24203821656
4464.96815286624,1866.24203821656
4477.70700636943,1878.98089171974
4490.44585987261,1891.71974522293
4515.92356687898,1904.45859872611
4528.66242038216,1904.45859872611
4541.40127388535,1917.1974522293
4554.14012738853,1917.1974522293
4566.87898089172,1929.93630573248
4579.6178343949,1929.93630573248
4592.35668789809,1942.67515923567
4605.09554140127,1955.41401273885
4617.83439490446,1955.41401273885
4630.57324840764,1968.15286624204
4643.31210191083,1980.89171974522
4656.05095541401,1980.89171974522
4668.7898089172,1980.89171974522
4681.52866242038,1993.63057324841
4694.26751592357,2006.36942675159
4707.00636942675,2006.36942675159
4719.74522292994,2006.36942675159
4732.48407643312,2019.10828025478
4745.22292993631,2019.10828025478
4770.70063694267,2031.84713375796
4783.43949044586,2044.58598726114
4796.17834394904,2044.58598726114
4796.17834394904,2057.32484076433
4808.91719745223,2057.32484076433
4821.65605095541,2070.06369426751
4834.3949044586,2070.06369426751
4834.3949044586,2082.8025477707
4847.13375796178,2082.8025477707
4859.87261146497,2082.8025477707
4859.87261146497,2095.54140127388
4872.61146496815,2108.28025477707
4885.35031847134,2121.01910828025
4898.08917197452,2133.75796178344
4910.82802547771,2133.75796178344
4923.56687898089,2146.49681528662
4923.56687898089,2159.23566878981
4936.30573248408,2159.23566878981
4949.04458598726,2171.97452229299
4961.78343949045,2184.71337579618
4961.78343949045,2197.45222929936
4974.52229299363,2197.45222929936
4974.52229299363,2210.19108280255
4987.26114649682,2210.19108280255
4987.26114649682,2222.92993630573
5000,2235.66878980891
5012.73885350318,2248.4076433121
5012.73885350318,2261.14649681528
5025.47770700637,2261.14649681528
5025.47770700637,2273.88535031847
5038.21656050955,2286.62420382165
5050.95541401274,2299.36305732484
5063.69426751592,2312.10191082802
5076.43312101911,2324.84076433121
5076.43312101911,2337.57961783439
5089.17197452229,2337.57961783439
5089.17197452229,2350.31847133758
5101.91082802548,2363.05732484076
5114.64968152866,2375.79617834395
5127.38853503185,2388.53503184713
5140.12738853503,2401.27388535032
5140.12738853503,2414.0127388535
5152.86624203822,2426.75159235669
5165.6050955414,2426.75159235669
5165.6050955414,2439.49044585987
5178.34394904459,2452.22929936306
5191.08280254777,2464.96815286624
5203.82165605096,2477.70700636942
5203.82165605096,2490.44585987261
5216.56050955414,2515.92356687898
5229.29936305732,2528.66242038216
5242.03821656051,2541.40127388535
5242.03821656051,2554.14012738853
5242.03821656051,2566.87898089172
5242.03821656051,2592.35668789809
5242.03821656051,2617.83439490446
5254.77707006369,2630.57324840764
5254.77707006369,2643.31210191083
5254.77707006369,2656.05095541401
5254.77707006369,2668.7898089172
5254.77707006369,2681.52866242038
5254.77707006369,2694.26751592356
5254.77707006369,2707.00636942675
5267.51592356688,2719.74522292993
5267.51592356688,2732.48407643312
5267.51592356688,2745.2229299363
5267.51592356688,2757.96178343949
5267.51592356688,2770.70063694267
5280.25477707006,2783.43949044586
5280.25477707006,2796.17834394904
5280.25477707006,2808.91719745223
5280.25477707006,2821.65605095541
5280.25477707006,2834.3949044586
5280.25477707006,2859.87261146497
5292.99363057325,2872.61146496815
5292.99363057325,2885.35031847134
5292.99363057325,2910.82802547771
5292.99363057325,2923.56687898089
5292.99363057325,2936.30573248407
5292.99363057325,2949.04458598726
5292.99363057325,2961.78343949044
5292.99363057325,2974.52229299363
5292.99363057325,2987.26114649681
5292.99363057325,3000
5305.73248407643,3025.47770700637
5305.73248407643,3038.21656050955
5305.73248407643,3050.95541401274
5305.73248407643,3063.69426751592
5305.73248407643,3114.64968152866
5305.73248407643,3127.38853503185
5305.73248407643,3140.12738853503
5305.73248407643,3152.86624203822
5305.73248407643,3178.34394904458
5305.73248407643,3191.08280254777
5305.73248407643,3203.82165605095
5305.73248407643,3216.56050955414
5305.73248407643,3242.03821656051
5305.73248407643,3267.51592356688
5305.73248407643,3280.25477707006
5305.73248407643,3292.99363057325
5305.73248407643,3305.73248407643
5305.73248407643,3318.47133757962
5305.73248407643,3343.94904458599
5305.73248407643,3356.68789808917
5305.73248407643,3369.42675159235
5305.73248407643,3382.16560509554
5305.73248407643,3394.90445859872
5305.73248407643,3407.64331210191
5305.73248407643,3420.38216560509
5318.47133757962,3445.85987261146
5318.47133757962,3458.59872611465
5318.47133757962,3484.07643312102
5318.47133757962,3496.8152866242
5318.47133757962,3522.29299363057
5318.47133757962,3535.03184713376
5318.47133757962,3547.77070063694
5318.47133757962,3560.50955414013
5318.47133757962,3573.24840764331
5318.47133757962,3585.9872611465
5318.47133757962,3598.72611464968
5318.47133757962,3611.46496815286
5318.47133757962,3624.20382165605
5318.47133757962,3636.94267515923
5318.47133757962,3649.68152866242
5318.47133757962,3675.15923566879
5318.47133757962,3687.89808917197
5331.2101910828,3700.63694267516
5331.2101910828,3713.37579617834
5331.2101910828,3726.11464968153
5331.2101910828,3738.85350318471
5331.2101910828,3751.5923566879
5331.2101910828,3764.33121019108
5331.2101910828,3777.07006369427
5331.2101910828,3789.80891719745
5331.2101910828,3802.54777070063
5331.2101910828,3815.28662420382
5331.2101910828,3828.025477707
5343.94904458599,3840.76433121019
5343.94904458599,3853.50318471337
5343.94904458599,3866.24203821656
5343.94904458599,3878.98089171974
5343.94904458599,3891.71974522293
5356.68789808917,3904.45859872611
5356.68789808917,3917.1974522293
5356.68789808917,3929.93630573248
5356.68789808917,3942.67515923567
5356.68789808917,3955.41401273885
5369.42675159236,3968.15286624204
5369.42675159236,3980.89171974522
5369.42675159236,3993.63057324841
5382.16560509554,4006.36942675159
5382.16560509554,4019.10828025477
5394.90445859873,4044.58598726114
5407.64331210191,4095.54140127388
5420.38216560509,4108.28025477707
5420.38216560509,4121.01910828025
5420.38216560509,4133.75796178344
5433.12101910828,4133.75796178344
5433.12101910828,4146.49681528662
5433.12101910828,4159.23566878981
5445.85987261147,4171.97452229299
5445.85987261147,4184.71337579618
5458.59872611465,4197.45222929936
5471.33757961783,4210.19108280255
5471.33757961783,4222.92993630573
5471.33757961783,4235.66878980892
5484.07643312102,4248.4076433121
5484.07643312102,4261.14649681528
5496.8152866242,4273.88535031847
5496.8152866242,4286.62420382165
5509.55414012739,4299.36305732484
5522.29299363057,4312.10191082802
5535.03184713376,4324.84076433121
5547.77070063694,4337.57961783439
5560.50955414013,4350.31847133758
5573.24840764331,4363.05732484076
5585.9872611465,4375.79617834395
5598.72611464968,4388.53503184713
5611.46496815287,4401.27388535032
5624.20382165605,4414.0127388535
5636.94267515924,4414.0127388535
5649.68152866242,4426.75159235669
5662.4203821656,4439.49044585987
5675.15923566879,4439.49044585987
5687.89808917197,4439.49044585987
5700.63694267516,4452.22929936306
5713.37579617834,4452.22929936306
5713.37579617834,4464.96815286624
5713.37579617834,4464.96815286624
5714.3531787111,4466.29869002655
5715.05448868455,4466.755798658
5716,4467.29869002655
5716.94551131545,4468.05448868455
5717.70130997345,4469
5718.244201342,4470
5718.70130997345,4471
5718.94551131545,4472
5719,4473
5719.05448868455,4474
5719.3531787111,4475
5719.94551131545,4476
5720.40261994689,4477
5720.59738005311,4478
5721.1089773691,4479
5721.94551131545,4480
5722.70130997345,4481
5723.29869002655,4482
5724.05448868455,4483
5725,4483.94551131545
5726,4484.70130997345
5727,4485.29869002655
5728,4486.05448868455
5729,4487
5730,4488
5730.94551131545,4489
5731.6468212889,4490
5732,4491
5732.3531787111,4492
5733.05448868455,4493
5734,4494
5735,4495
5736,4496
5737,4497
5738,4498
5739,4499
5740,4500
5740.94551131545,4501
5741.70130997345,4502
5742.244201342,4503
5742.755798658,4504
5743.29869002655,4505
5744.05448868455,4506
5745,4507
5746,4508
5747,4509
5748,4510
5748.94551131545,4511
5749.6468212889,4512
5750,4513
5750.3531787111,4513.94551131545
5751.05448868455,4514.6468212889
5752,4515
5753,4515.3531787111
5754,4516.05448868455
5755,4517
5756,4517.8910226309
5757,4518.40261994689
5758,4518.54289136856
5759,4518.81028734255
5759.94551131545,4519.29869002655
5760.70130997345,4520.05448868455
5761.29869002655,4521
5762.05448868455,4521.8910226309
5763,4522.40261994689
5764,4522.59738005311
5765,4523.1089773691
5766,4524
5767,4525
5768,4525.94551131545
5769,4526.70130997345
5770,4527.244201342
5771,4527.755798658
5771.94551131545,4528.29869002655
5772.70130997345,4529.05448868455
5773.244201342,4530
5773.755798658,4531
5774.244201342,4532
5774.755798658,4533
5775.29869002655,4533.8910226309
5776.05448868455,4534.40261994689
5777,4534.59738005311
5778,4535.1089773691
5779,4536
5780,4537
5780.94551131545,4538
5781.6468212889,4539
5782,4540
5782.3531787111,4541
5783.05448868455,4542
5784,4543
5785,4544
5786,4545
5787,4546
5787.94551131545,4547
5788.70130997345,4548
5789.29869002655,4549
5790.05448868455,4550
5791,4551
5791.94551131545,4552
5792.70130997345,4553
5793.29869002655,4554
5794.05448868455,4555
5795,4555.94551131545
5796,4556.6468212889
5797,4556.94551131545
5797.94551131545,4557.05448868455
5798.70130997345,4557.3531787111
5799.29869002655,4558.05448868455
5800.05448868455,4559
5801,4560
5802,4561
5802.94551131545,4562
5803.70130997345,4563
5804.244201342,4564
5804.755798658,4565
5805.244201342,4566
5805.755798658,4567
5806.29869002655,4568
5807,4569
5807.70130997345,4570
5808.29869002655,4571
5809.05448868455,4571.94551131545
5810,4572.70130997345
5810.94551131545,4573.29869002655
5811.70130997345,4574.05448868455
5812.29869002655,4575
5813.05448868455,4575.94551131545
5814,4576.70130997345
5815,4577.244201342
5816,4577.755798658
5816.94551131545,4578.29869002655
5817.59233260435,4579.05448868455
5817.70130997345,4580
5817.65186873765,4581
5818.1089773691,4582
5819,4583
5820,4584
5820.94551131545,4585
5821.70130997345,4586
5822.29869002655,4587
5823.05448868455,4588
5824,4588.94551131545
5825,4589.70130997345
5826,4590.29869002655
5826.94551131545,4591.05448868455
5827.70130997345,4592
5828.29869002655,4593
5829.05448868455,4594
5829.94551131545,4595
5830.70130997345,4596
5831.244201342,4597
5831.755798658,4598
5832.244201342,4599
5832.70130997345,4600
5832.94551131545,4601
5833.05448868455,4602
5833.3531787111,4602.94551131545
5834.05448868455,4603.70130997345
5835,4604.29869002655
5836,4605.05448868455
5836.94551131545,4606
5837.70130997345,4607
5838.29869002655,4607.94551131545
5839,4608.70130997345
5839.70130997345,4609.29869002655
5840.29869002655,4610
5841.05448868455,4610.70130997345
5842,4611.29869002655
5843,4612.05448868455
5844,4612.94551131545
5845,4613.70130997345
5845.94551131545,4614.29869002655
5846.70130997345,4615.05448868455
5847.29869002655,4615.94551131545
5848.05448868455,4616.70130997345
5849,4617.29869002655
5850,4618
5850.94551131545,4618.70130997345
5851.70130997345,4619.29869002655
5852.244201342,4620.05448868455
5852.755798658,4621
5853.244201342,4622
5853.755798658,4623
5854.244201342,4624
5854.755798658,4625
5855.244201342,4626
5855.755798658,4627
5856.18971265745,4628
5856.40261994689,4629
5856.29869002655,4630
5856.40766739565,4631
5857.05448868455,4632
5858,4633
5859,4634
5859.94551131545,4635
5860.59233260435,4636
5860.70130997345,4637
5860.65186873765,4638
5861.1089773691,4639
5862,4639.94551131545
5863,4640.6468212889
5864,4641
5864.94551131545,4641.3531787111
5865.6468212889,4642
5865.94551131545,4642.6468212889
