5334.91013834233,5124.13485334091
5327.10454785184,5124.13485334091
5319.29895736135,5124.13485334091
5311.49336687087,5124.13485334091
5311.49336687087,5116.32926285042
5303.68777638038,5116.32926285042
5295.88218588989,5108.52367235993
5288.07659539941,5100.71808186945
5280.27100490892,5100.71808186945
5280.27100490892,5092.91249137896
5272.46541441844,5092.91249137896
5264.65982392795,5092.91249137896
5256.85423343746,5092.91249137896
5249.04864294698,5085.10690088847
5233.437461966,5085.10690088847
5225.63187147552,5085.10690088847
5217.82628098503,5085.10690088847
5210.02069049455,5077.30131039799
5202.21510000406,5077.30131039799
5194.40950951357,5069.4957199075
5186.60391902308,5069.4957199075
5178.7983285326,5069.4957199075
5170.99273804211,5069.4957199075
5163.18714755163,5061.69012941701
5155.38155706114,5061.69012941701
5147.57596657065,5061.69012941701
5139.77037608017,5061.69012941701
5131.96478558968,5061.69012941701
5124.15919509919,5061.69012941701
5116.35360460871,5061.69012941701
5108.54801411822,5061.69012941701
5100.74242362773,5061.69012941701
5092.93683313725,5061.69012941701
5085.13124264676,5061.69012941701
5077.32565215628,5061.69012941701
5069.52006166579,5061.69012941701
5061.7144711753,5061.69012941701
5053.90888068482,5061.69012941701
5046.10329019433,5069.4957199075
5038.29769970384,5069.4957199075
5030.49210921336,5069.4957199075
5022.68651872287,5069.4957199075
5014.88092823238,5069.4957199075
5007.0753377419,5069.4957199075
4999.26974725141,5069.4957199075
4991.46415676092,5069.4957199075
4983.65856627044,5077.30131039799
4975.85297577995,5085.10690088847
4968.04738528947,5092.91249137896
4968.04738528947,5108.52367235993
4960.24179479898,5116.32926285042
4952.43620430849,5124.13485334091
4952.43620430849,5131.94044383139
4944.63061381801,5131.94044383139
4944.63061381801,5139.74603432188
4936.82502332752,5139.74603432188
4936.82502332752,5147.55162481236
4929.01943283703,5155.35721530285
4921.21384234655,5163.16280579334
4921.21384234655,5170.96839628382
4913.40825185606,5178.77398677431
4913.40825185606,5186.5795772648
4905.60266136557,5194.38516775528
4905.60266136557,5202.19075824577
4905.60266136557,5209.99634873626
4897.79707087509,5209.99634873626
4897.79707087509,5217.80193922674
4897.79707087509,5225.60752971723
4897.79707087509,5233.41312020772
4889.9914803846,5241.2187106982
4889.9914803846,5249.02430118869
4889.9914803846,5256.82989167917
4889.9914803846,5264.63548216966
4889.9914803846,5272.44107266015
4889.9914803846,5280.24666315063
4882.18588989411,5288.05225364112
4882.18588989411,5295.85784413161
4882.18588989411,5303.66343462209
4882.18588989411,5311.46902511258
4882.18588989411,5319.27461560307
4874.38029940363,5327.08020609355
4874.38029940363,5342.69138707453
4874.38029940363,5350.49697756501
4866.57470891314,5358.3025680555
4866.57470891314,5366.10815854598
4866.57470891314,5373.91374903647
4866.57470891314,5381.71933952696
4866.57470891314,5389.52493001744
4866.57470891314,5397.33052050793
4866.57470891314,5405.13611099842
4866.57470891314,5428.55288246988
4858.76911842265,5444.16406345085
4858.76911842265,5451.96965394134
4858.76911842265,5459.77524443182
4858.76911842265,5467.58083492231
4858.76911842265,5475.38642541279
4858.76911842265,5483.19201590328
4858.76911842265,5490.99760639377
4850.96352793217,5498.80319688425
4850.96352793217,5506.60878737474
4850.96352793217,5514.41437786523
4850.96352793217,5522.21996835571
4843.15793744168,5530.0255588462
4843.15793744168,5537.83114933669
4843.15793744168,5545.63673982717
4835.3523469512,5553.44233031766
4835.3523469512,5561.24792080815
4835.3523469512,5569.05351129863
4835.3523469512,5576.85910178912
4835.3523469512,5584.6646922796
4827.54675646071,5592.47028277009
4827.54675646071,5600.27587326058
4827.54675646071,5608.08146375106
4819.74116597022,5615.88705424155
4819.74116597022,5623.69264473204
4811.93557547974,5631.49823522252
4811.93557547974,5639.30382571301
4804.12998498925,5647.1094162035
4804.12998498925,5654.91500669398
4796.32439449876,5662.72059718447
4796.32439449876,5670.52618767496
4796.32439449876,5678.33177816544
4788.51880400828,5678.33177816544
4780.71321351779,5686.13736865593
4780.71321351779,5693.94295914641
4772.9076230273,5693.94295914641
4765.10203253682,5709.55414012739
4749.49085155584,5732.97091159885
4741.68526106536,5740.77650208933
4733.87967057487,5740.77650208933
4726.07408008439,5756.38768307031
4718.2684895939,5764.19327356079
4718.2684895939,5771.99886405128
4710.46289910341,5771.99886405128
4710.46289910341,5779.80445454177
4702.65730861293,5779.80445454177
4702.65730861293,5787.61004503225
4702.65730861293,5795.41563552274
4694.85171812244,5803.22122601322
4694.85171812244,5811.02681650371
4694.85171812244,5818.8324069942
4687.04612763195,5818.8324069942
4687.04612763195,5826.63799748468
4679.24053714147,5834.44358797517
4671.43494665098,5842.24917846566
4671.43494665098,5850.05476895614
4663.62935616049,5857.86035944663
4655.82376567001,5865.66594993712
4648.01817517952,5873.4715404276
4640.21258468903,5881.27713091809
4632.40699419855,5889.08272140858
4624.60140370806,5896.88831189906
4616.79581321758,5904.69390238955
4608.99022272709,5912.49949288004
4601.1846322366,5920.30508337052
4593.37904174612,5928.11067386101
4585.57345125563,5928.11067386101
4577.76786076514,5935.91626435149
4562.15667978417,5951.52744533247
4554.35108929368,5959.33303582295
4538.73990831271,5967.13862631344
4530.93431782223,5974.94421680393
4515.32313684125,5982.74980729441
4507.51754635077,5990.5553977849
4499.71195586028,5990.5553977849
4491.90636536979,5998.36098827539
4484.10077487931,6006.16657876587
4476.29518438882,6006.16657876587
4476.29518438882,6013.97216925636
4468.48959389833,6013.97216925636
4460.68400340785,6013.97216925636
4460.68400340785,6021.77775974684
4452.87841291736,6029.58335023733
4445.07282242687,6037.38894072782
4437.26723193639,6045.1945312183
4429.4616414459,6045.1945312183
4421.65605095541,6053.00012170879
4413.85046046493,6060.80571219928
4406.04486997444,6068.61130268976
4398.23927948396,6076.41689318025
4390.43368899347,6076.41689318025
4390.43368899347,6084.22248367074
4390.43368899347,6092.02807416122
4382.62809850298,6092.02807416122
4374.8225080125,6099.83366465171
4367.01691752201,6107.6392551422
4367.01691752201,6115.44484563268
4359.21132703152,6115.44484563268
4351.40573654104,6123.25043612317
4343.60014605055,6138.86161710414
4343.60014605055,6146.66720759463
4327.98896506958,6154.47279808511
4320.18337457909,6162.2783885756
4312.37778408861,6177.88956955657
4304.57219359812,6185.69516004706
4296.76660310763,6193.50075053755
4281.15542212666,6209.11193151852
4273.34983163617,6216.91752200901
4265.54424114569,6224.72311249949
4257.7386506552,6232.52870298998
4249.93306016471,6240.33429348047
4242.12746967423,6248.13988397095
4234.32187918374,6255.94547446144
4226.51628869325,6263.75106495192
4226.51628869325,6271.55665544241
4218.71069820277,6279.3622459329
4218.71069820277,6287.16783642338
4210.90510771228,6287.16783642338
4203.09951722179,6294.97342691387
4195.29392673131,6302.77901740436
4195.29392673131,6310.58460789484
4187.48833624082,6318.39019838533
4187.48833624082,6326.19578887582
4179.68274575034,6334.0013793663
4171.87715525985,6349.61256034727
4164.07156476936,6357.41815083776
4164.07156476936,6365.22374132825
4156.26597427888,6365.22374132825
4156.26597427888,6373.02933181873
4148.46038378839,6380.83492230922
4148.46038378839,6388.64051279971
4140.6547932979,6396.44610329019
4140.6547932979,6404.25169378068
4140.6547932979,6412.05728427117
4132.84920280742,6412.05728427117
4132.84920280742,6419.86287476165
4125.04361231693,6427.66846525214
4117.23802182644,6435.47405574263
4117.23802182644,6443.27964623311
4109.43243133596,6443.27964623311
4109.43243133596,6451.0852367236
4109.43243133596,6458.89082721409
4101.62684084547,6466.69641770457
4093.82125035498,6474.50200819506
4093.82125035498,6482.30759868554
4093.82125035498,6490.11318917603
4086.0156598645,6490.11318917603
4086.0156598645,6497.91877966652
4078.21006937401,6505.724370157
4062.59888839304,6521.33555113798
4054.79329790255,6529.14114162846
4046.98770741207,6544.75232260944
4039.18211692158,6552.55791309992
4031.37652643109,6560.36350359041
4023.57093594061,6560.36350359041
4023.57093594061,6568.16909408089
4015.76534545012,6568.16909408089
4015.76534545012,6575.97468457138
4007.95975495963,6583.78027506187
4000.15416446915,6583.78027506187
4000.15416446915,6591.58586555235
3992.34857397866,6599.39145604284
3984.54298348817,6607.19704653333
3976.73739299769,6615.00263702381
3968.9318025072,6615.00263702381
3961.12621201672,6622.8082275143
3953.32062152623,6638.41940849527
3945.51503103574,6646.22499898576
3937.70944054526,6654.03058947625
3922.09825956428,6661.83617996673
3914.2926690738,6669.64177045722
3906.48707858331,6677.44736094771
3898.68148809282,6685.25295143819
3890.87589760234,6693.05854192868
3883.07030711185,6693.05854192868
3883.07030711185,6700.86413241916
3875.26471662137,6708.66972290965
3867.45912613088,6708.66972290965
3859.65353564039,6716.47531340014
3859.65353564039,6724.28090389062
3851.8479451499,6732.08649438111
3844.04235465942,6739.8920848716
3836.23676416893,6747.69767536208
3828.43117367845,6755.50326585257
3820.62558318796,6763.30885634306
3820.62558318796,6771.11444683354
3812.81999269747,6786.72562781452
3812.81999269747,6794.531218305
3805.01440220699,6802.33680879549
3797.2088117165,6810.14239928597
3797.2088117165,6817.94798977646
3789.40322122601,6825.75358026695
3781.59763073553,6833.55917075743
3781.59763073553,6841.36476124792
3773.79204024504,6841.36476124792
3765.98644975455,6849.17035173841
3758.18085926407,6856.97594222889
3758.18085926407,6864.78153271938
3750.37526877358,6864.78153271938
3742.5696782831,6872.58712320987
3734.76408779261,6880.39271370035
3726.95849730212,6888.19830419084
3719.15290681164,6896.00389468133
3711.34731632115,6896.00389468133
3703.54172583066,6903.80948517181
3695.73613534018,6903.80948517181
3687.93054484969,6911.6150756623
3680.1249543592,6919.42066615278
3672.31936386872,6919.42066615278
3664.51377337823,6927.22625664327
3656.70818288774,6927.22625664327
3656.70818288774,6935.03184713376
3648.90259239726,6935.03184713376
3648.90259239726,6942.83743762424
3641.09700190677,6942.83743762424
3633.29141141628,6950.64302811473
3625.4858209258,6958.44861860522
3617.68023043531,6966.2542090957
3602.06904945434,6974.05979958619
3594.26345896385,6981.86539007668
3578.65227798288,6989.67098056716
3570.84668749239,6989.67098056716
3563.04109700191,6997.47657105765
3555.23550651142,6997.47657105765
3555.23550651142,7005.28216154814
3547.42991602093,7005.28216154814
3539.62432553045,7013.08775203862
3531.81873503996,7013.08775203862
3524.01314454948,7020.89334252911
3508.4019635685,7028.69893301959
3500.59637307802,7028.69893301959
3492.79078258753,7036.50452351008
3484.98519209704,7036.50452351008
3477.17960160656,7044.31011400057
3469.37401111607,7044.31011400057
3461.56842062558,7044.31011400057
3453.7628301351,7052.11570449105
3445.95723964461,7052.11570449105
3438.15164915412,7052.11570449105
3430.34605866364,7059.92129498154
3422.54046817315,7059.92129498154
3414.73487768267,7059.92129498154
3406.92928719218,7059.92129498154
3399.12369670169,7067.72688547203
3391.31810621121,7067.72688547203
3383.51251572072,7067.72688547203
3375.70692523023,7067.72688547203
3367.90133473975,7067.72688547203
3360.09574424926,7067.72688547203
3352.29015375877,7067.72688547203
3344.48456326829,7067.72688547203
3336.6789727778,7067.72688547203
3328.87338228731,7067.72688547203
3321.06779179683,7067.72688547203
3313.26220130634,7067.72688547203
3305.45661081586,7067.72688547203
3297.65102032537,7059.92129498154
3289.84542983488,7059.92129498154
3282.0398393444,7059.92129498154
3274.23424885391,7059.92129498154
3266.42865836342,7052.11570449105
3258.62306787294,7052.11570449105
3250.81747738245,7052.11570449105
3243.01188689196,7052.11570449105
3235.20629640148,7044.31011400057
3227.40070591099,7044.31011400057
3219.5951154205,7044.31011400057
3211.78952493002,7044.31011400057
3203.98393443953,7044.31011400057
3196.17834394905,7036.50452351008
3188.37275345856,7036.50452351008
3180.56716296807,7036.50452351008
3172.76157247759,7036.50452351008
3172.76157247759,7028.69893301959
3164.9559819871,7028.69893301959
3157.15039149661,7028.69893301959
3149.34480100613,7028.69893301959
3149.34480100613,7020.89334252911
3141.53921051564,7020.89334252911
3133.73362002515,7013.08775203862
3125.92802953467,7005.28216154814
3118.12243904418,6997.47657105765
3110.31684855369,6997.47657105765
3102.51125806321,6989.67098056716
3102.51125806321,6981.86539007668
3094.70566757272,6981.86539007668
3079.09448659175,6974.05979958619
3071.28889610126,6966.2542090957
3071.28889610126,6958.44861860522
3063.48330561078,6950.64302811473
3055.67771512029,6942.83743762424
3047.8721246298,6935.03184713376
3040.06653413932,6935.03184713376
3040.06653413932,6927.22625664327
3032.26094364883,6919.42066615278
3024.45535315834,6911.6150756623
3024.45535315834,6903.80948517181
3016.64976266786,6896.00389468133
3016.64976266786,6888.19830419084
3008.84417217737,6880.39271370035
3001.03858168688,6872.58712320987
2993.2329911964,6864.78153271938
2993.2329911964,6856.97594222889
2985.42740070591,6849.17035173841
2977.62181021543,6841.36476124792
2969.81621972494,6833.55917075743
2969.81621972494,6825.75358026695
2969.81621972494,6817.94798977646
2962.01062923445,6810.14239928597
2954.20503874397,6802.33680879549
2954.20503874397,6794.531218305
2946.39944825348,6786.72562781452
2946.39944825348,6771.11444683354
2938.59385776299,6763.30885634306
2938.59385776299,6755.50326585257
2930.78826727251,6747.69767536208
2930.78826727251,6739.8920848716
2922.98267678202,6732.08649438111
2922.98267678202,6724.28090389062
2915.17708629153,6716.47531340014
2915.17708629153,6708.66972290965
2907.37149580105,6700.86413241916
2907.37149580105,6685.25295143819
2899.56590531056,6677.44736094771
2899.56590531056,6669.64177045722
2891.76031482007,6661.83617996673
2891.76031482007,6654.03058947625
2883.95472432959,6654.03058947625
2883.95472432959,6646.22499898576
2883.95472432959,6638.41940849527
2876.1491338391,6630.61381800479
2876.1491338391,6622.8082275143
2868.34354334861,6615.00263702381
2868.34354334861,6607.19704653333
2860.53795285813,6599.39145604284
2860.53795285813,6591.58586555235
2852.73236236764,6591.58586555235
2852.73236236764,6583.78027506187
2844.92677187716,6575.97468457138
2844.92677187716,6568.16909408089
2844.92677187716,6560.36350359041
2837.12118138667,6552.55791309992
2837.12118138667,6544.75232260944
2829.31559089618,6536.94673211895
2829.31559089618,6529.14114162846
2821.5100004057,6521.33555113798
2821.5100004057,6513.52996064749
2813.70440991521,6505.724370157
2813.70440991521,6497.91877966652
2805.89881942472,6490.11318917603
2805.89881942472,6482.30759868554
2805.89881942472,6474.50200819506
2798.09322893424,6466.69641770457
2798.09322893424,6458.89082721409
2790.28763844375,6451.0852367236
2790.28763844375,6435.47405574263
2782.48204795326,6427.66846525214
2782.48204795326,6419.86287476165
2782.48204795326,6412.05728427117
2774.67645746278,6404.25169378068
2774.67645746278,6388.64051279971
2766.87086697229,6380.83492230922
2766.87086697229,6373.02933181873
2766.87086697229,6365.22374132825
2766.87086697229,6357.41815083776
2759.06527648181,6341.80696985679
2759.06527648181,6334.0013793663
2759.06527648181,6326.19578887582
2751.25968599132,6310.58460789484
2751.25968599132,6302.77901740436
2751.25968599132,6294.97342691387
2751.25968599132,6287.16783642338
2751.25968599132,6279.3622459329
2751.25968599132,6271.55665544241
2751.25968599132,6263.75106495192
2751.25968599132,6255.94547446144
2751.25968599132,6248.13988397095
2751.25968599132,6224.72311249949
2751.25968599132,6209.11193151852
2751.25968599132,6201.30634102803
2751.25968599132,6193.50075053755
2751.25968599132,6185.69516004706
2751.25968599132,6177.88956955657
2751.25968599132,6170.08397906609
2743.45409550083,6154.47279808511
2743.45409550083,6146.66720759463
2743.45409550083,6138.86161710414
2743.45409550083,6131.05602661366
2743.45409550083,6123.25043612317
2743.45409550083,6115.44484563268
2743.45409550083,6107.6392551422
2743.45409550083,6092.02807416122
2743.45409550083,6084.22248367074
2743.45409550083,6076.41689318025
2743.45409550083,6068.61130268976
2743.45409550083,6060.80571219928
2735.64850501035,6053.00012170879
2735.64850501035,6045.1945312183
2735.64850501035,6037.38894072782
2735.64850501035,6029.58335023733
2735.64850501035,6013.97216925636
2727.84291451986,5990.5553977849
2727.84291451986,5974.94421680393
2727.84291451986,5959.33303582295
2720.03732402937,5951.52744533247
2720.03732402937,5943.72185484198
2720.03732402937,5935.91626435149
2720.03732402937,5928.11067386101
2712.23173353889,5920.30508337052
2712.23173353889,5912.49949288004
2712.23173353889,5904.69390238955
2704.4261430484,5896.88831189906
2704.4261430484,5889.08272140858
2704.4261430484,5881.27713091809
2696.62055255791,5873.4715404276
2696.62055255791,5865.66594993712
2696.62055255791,5857.86035944663
2688.81496206743,5850.05476895614
2688.81496206743,5842.24917846566
2688.81496206743,5834.44358797517
2681.00937157694,5826.63799748468
2681.00937157694,5818.8324069942
2681.00937157694,5811.02681650371
2673.20378108645,5795.41563552274
2673.20378108645,5787.61004503225
2665.39819059597,5779.80445454177
2665.39819059597,5771.99886405128
2665.39819059597,5764.19327356079
2657.59260010548,5756.38768307031
2657.59260010548,5748.58209257982
2657.59260010548,5740.77650208933
2657.59260010548,5732.97091159885
2657.59260010548,5725.16532110836
2657.59260010548,5717.35973061787
2657.59260010548,5709.55414012739
2657.59260010548,5701.7485496369
2657.59260010548,5693.94295914641
2657.59260010548,5686.13736865593
2657.59260010548,5678.33177816544
2657.59260010548,5670.52618767496
2657.59260010548,5662.72059718447
2657.59260010548,5654.91500669398
2657.59260010548,5647.1094162035
2657.59260010548,5639.30382571301
2657.59260010548,5631.49823522252
2657.59260010548,5623.69264473204
2657.59260010548,5615.88705424155
2657.59260010548,5608.08146375106
2657.59260010548,5600.27587326058
2657.59260010548,5592.47028277009
2657.59260010548,5584.6646922796
2657.59260010548,5576.85910178912
2657.59260010548,5569.05351129863
2657.59260010548,5561.24792080815
2657.59260010548,5553.44233031766
2657.59260010548,5545.63673982717
2657.59260010548,5537.83114933669
2657.59260010548,5530.0255588462
2657.59260010548,5522.21996835571
2657.59260010548,5514.41437786523
2657.59260010548,5506.60878737474
2657.59260010548,5498.80319688425
2657.59260010548,5490.99760639377
2657.59260010548,5483.19201590328
2657.59260010548,5475.38642541279
2657.59260010548,5467.58083492231
2665.39819059597,5459.77524443182
2665.39819059597,5451.96965394134
2665.39819059597,5444.16406345085
2665.39819059597,5436.35847296036
2665.39819059597,5428.55288246988
2665.39819059597,5420.74729197939
2665.39819059597,5412.9417014889
2665.39819059597,5405.13611099842
2665.39819059597,5397.33052050793
2665.39819059597,5389.52493001744
2665.39819059597,5373.91374903647
2665.39819059597,5358.3025680555
2665.39819059597,5350.49697756501
2673.20378108645,5342.69138707453
2673.20378108645,5334.88579658404
2673.20378108645,5327.08020609355
2673.20378108645,5319.27461560307
2673.20378108645,5303.66343462209
2681.00937157694,5295.85784413161
2681.00937157694,5288.05225364112
2681.00937157694,5280.24666315063
2681.00937157694,5272.44107266015
2688.81496206743,5264.63548216966
2688.81496206743,5256.82989167917
2688.81496206743,5249.02430118869
2696.62055255791,5233.41312020772
2704.4261430484,5209.99634873626
2712.23173353889,5202.19075824577
2712.23173353889,5194.38516775528
2720.03732402937,5186.5795772648
2720.03732402937,5178.77398677431
2720.03732402937,5170.96839628382
2727.84291451986,5163.16280579334
2727.84291451986,5155.35721530285
2735.64850501035,5147.55162481236
2735.64850501035,5139.74603432188
2735.64850501035,5131.94044383139
2743.45409550083,5124.13485334091
2743.45409550083,5116.32926285042
2743.45409550083,5108.52367235993
2751.25968599132,5100.71808186945
2751.25968599132,5092.91249137896
2759.06527648181,5077.30131039799
2759.06527648181,5069.4957199075
2766.87086697229,5061.69012941701
2766.87086697229,5053.88453892653
2766.87086697229,5046.07894843604
2774.67645746278,5038.27335794555
2774.67645746278,5022.66217696458
2782.48204795326,5014.85658647409
2790.28763844375,5007.05099598361
2790.28763844375,5007.05099598361
2790.28763844375,4999.24540549312
2798.09322893424,4991.43981500264
2805.89881942472,4960.21745304069
2813.70440991521,4952.4118625502
2813.70440991521,4944.60627205972
2821.5100004057,4936.80068156923
2821.5100004057,4928.99509107874
2821.5100004057,4921.18950058826
2829.31559089618,4913.38391009777
2829.31559089618,4905.57831960729
2837.12118138667,4897.7727291168
2837.12118138667,4889.96713862631
2844.92677187716,4882.16154813583
2844.92677187716,4874.35595764534
2852.73236236764,4866.55036715485
2852.73236236764,4858.74477666437
2852.73236236764,4850.93918617388
2860.53795285813,4835.32800519291
2868.34354334861,4827.52241470242
2868.34354334861,4819.71682421194
2876.1491338391,4811.91123372145
2876.1491338391,4804.10564323096
2883.95472432959,4796.30005274047
2883.95472432959,4788.49446224999
2883.95472432959,4780.6888717595
2891.76031482007,4780.6888717595
2891.76031482007,4765.07769077853
2891.76031482007,4757.27210028804
2899.56590531056,4757.27210028804
2899.56590531056,4749.46650979756
2899.56590531056,4741.66091930707
2899.56590531056,4733.85532881658
2899.56590531056,4726.0497383261
2899.56590531056,4718.24414783561
2907.37149580105,4718.24414783561
2907.37149580105,4710.43855734512
2907.37149580105,4702.63296685464
2907.37149580105,4694.82737636415
2907.37149580105,4687.02178587367
2907.37149580105,4679.21619538318
2915.17708629153,4671.41060489269
2915.17708629153,4663.60501440221
2915.17708629153,4655.79942391172
2915.17708629153,4647.99383342123
2922.98267678202,4640.18824293075
2922.98267678202,4632.38265244026
2922.98267678202,4624.57706194977
2922.98267678202,4616.77147145929
2930.78826727251,4608.9658809688
2930.78826727251,4601.16029047831
2930.78826727251,4593.35469998783
2938.59385776299,4585.54910949734
2938.59385776299,4577.74351900686
2938.59385776299,4569.93792851637
2946.39944825348,4562.13233802588
2946.39944825348,4554.3267475354
2946.39944825348,4546.52115704491
2946.39944825348,4538.71556655442
2954.20503874397,4530.90997606394
2954.20503874397,4523.10438557345
2954.20503874397,4515.29879508296
2962.01062923445,4507.49320459248
2962.01062923445,4499.68761410199
2962.01062923445,4491.8820236115
2969.81621972494,4484.07643312102
2969.81621972494,4476.27084263053
2969.81621972494,4460.65966164956
2969.81621972494,4452.85407115907
2977.62181021543,4452.85407115907
2977.62181021543,4445.04848066859
2977.62181021543,4437.2428901781
2977.62181021543,4429.43729968761
2977.62181021543,4421.63170919713
2985.42740070591,4413.82611870664
2985.42740070591,4406.02052821615
2993.2329911964,4398.21493772567
2993.2329911964,4390.40934723518
2993.2329911964,4382.60375674469
3001.03858168688,4374.79816625421
3001.03858168688,4366.99257576372
3001.03858168688,4359.18698527323
3001.03858168688,4351.38139478275
3001.03858168688,4343.57580429226
3001.03858168688,4335.77021380178
3001.03858168688,4327.96462331129
3001.03858168688,4320.1590328208
3001.03858168688,4312.35344233032
3001.03858168688,4304.54785183983
3001.03858168688,4296.74226134934
2993.2329911964,4281.13108036837
2993.2329911964,4273.32548987788
2985.42740070591,4265.5198993874
2985.42740070591,4257.71430889691
2985.42740070591,4249.90871840642
2985.42740070591,4242.10312791594
2985.42740070591,4234.29753742545
2985.42740070591,4226.49194693497
2977.62181021543,4210.88076595399
2977.62181021543,4203.07517546351
2977.62181021543,4195.26958497302
2977.62181021543,4187.46399448253
2969.81621972494,4179.65840399205
2969.81621972494,4171.85281350156
2969.81621972494,4164.04722301107
2962.01062923445,4156.24163252059
2962.01062923445,4148.4360420301
2954.20503874397,4140.63045153962
2954.20503874397,4132.82486104913
2946.39944825348,4125.01927055864
2946.39944825348,4117.21368006816
2946.39944825348,4109.40808957767
2938.59385776299,4101.60249908718
2938.59385776299,4093.7969085967
2938.59385776299,4085.99131810621
2930.78826727251,4062.57454663475
2930.78826727251,4054.76895614426
2922.98267678202,4046.96336565378
2922.98267678202,4039.15777516329
2922.98267678202,4031.3521846728
2922.98267678202,4023.54659418232
2915.17708629153,4015.74100369183
2915.17708629153,4007.93541320135
2915.17708629153,4000.12982271086
2907.37149580105,3992.32423222037
2907.37149580105,3984.51864172989
2907.37149580105,3976.7130512394
2899.56590531056,3968.90746074891
2899.56590531056,3961.10187025843
2891.76031482007,3953.29627976794
2891.76031482007,3945.49068927745
2891.76031482007,3937.68509878697
2883.95472432959,3929.87950829648
2883.95472432959,3922.07391780599
2876.1491338391,3914.26832731551
2876.1491338391,3906.46273682502
2876.1491338391,3898.65714633454
2868.34354334861,3890.85155584405
2860.53795285813,3883.04596535356
2860.53795285813,3875.24037486308
2852.73236236764,3867.43478437259
2852.73236236764,3859.6291938821
2844.92677187716,3851.82360339162
2844.92677187716,3851.82360339162
2844.92677187716,3836.21242241064
2844.92677187716,3828.40683192016
2829.31559089618,3812.79565093918
2821.5100004057,3804.9900604487
2821.5100004057,3797.18446995821
2813.70440991521,3789.37887946773
2805.89881942472,3781.57328897724
2805.89881942472,3773.76769848675
2798.09322893424,3773.76769848675
2798.09322893424,3765.96210799627
2790.28763844375,3758.15651750578
2790.28763844375,3750.35092701529
2782.48204795326,3742.54533652481
2782.48204795326,3734.73974603432
2774.67645746278,3726.93415554383
2766.87086697229,3719.12856505335
2766.87086697229,3711.32297456286
2759.06527648181,3703.51738407237
2759.06527648181,3695.71179358189
2751.25968599132,3687.9062030914
2751.25968599132,3680.10061260092
2751.25968599132,3672.29502211043
2743.45409550083,3664.48943161994
2735.64850501035,3648.87825063897
2735.64850501035,3641.07266014848
2727.84291451986,3633.267069658
2727.84291451986,3625.46147916751
2727.84291451986,3617.65588867702
2727.84291451986,3609.85029818654
2720.03732402937,3609.85029818654
2720.03732402937,3602.04470769605
2712.23173353889,3594.23911720556
2712.23173353889,3586.43352671508
2712.23173353889,3578.62793622459
2712.23173353889,3570.82234573411
2704.4261430484,3563.01675524362
2704.4261430484,3555.21116475313
2704.4261430484,3547.40557426265
2704.4261430484,3539.59998377216
2704.4261430484,3531.79439328167
2696.62055255791,3523.98880279119
2696.62055255791,3516.1832123007
2696.62055255791,3508.37762181021
2696.62055255791,3500.57203131973
2696.62055255791,3492.76644082924
2696.62055255791,3484.96085033875
2688.81496206743,3477.15525984827
2688.81496206743,3469.34966935778
2688.81496206743,3461.54407886729
2688.81496206743,3453.73848837681
2688.81496206743,3445.93289788632
2681.00937157694,3438.12730739584
2681.00937157694,3430.32171690535
2681.00937157694,3422.51612641486
2681.00937157694,3414.71053592438
2681.00937157694,3406.90494543389
2673.20378108645,3399.0993549434
2673.20378108645,3391.29376445292
2673.20378108645,3383.48817396243
2673.20378108645,3375.68258347194
2665.39819059597,3367.87699298146
2665.39819059597,3360.07140249097
2665.39819059597,3352.26581200049
2665.39819059597,3344.46022151
2657.59260010548,3336.65463101951
2657.59260010548,3321.04345003854
2649.78700961499,3313.23785954805
2649.78700961499,3305.43226905757
2649.78700961499,3297.62667856708
2641.98141912451,3289.82108807659
2641.98141912451,3282.01549758611
2641.98141912451,3274.20990709562
2641.98141912451,3266.40431660513
2634.17582863402,3258.59872611465
2634.17582863402,3250.79313562416
2634.17582863402,3235.18195464319
2634.17582863402,3227.3763641527
2626.37023814354,3219.57077366222
2626.37023814354,3211.76518317173
2626.37023814354,3203.95959268124
2618.56464765305,3196.15400219076
2618.56464765305,3180.54282120978
2618.56464765305,3172.7372307193
2610.75905716256,3164.93164022881
2610.75905716256,3157.12604973832
2610.75905716256,3149.32045924784
2602.95346667208,3149.32045924784
2602.95346667208,3141.51486875735
2602.95346667208,3133.70927826687
2602.95346667208,3125.90368777638
2595.14787618159,3125.90368777638
2595.14787618159,3118.09809728589
2595.14787618159,3110.29250679541
2595.14787618159,3102.48691630492
2595.14787618159,3094.68132581443
2587.3422856911,3094.68132581443
2587.3422856911,3086.87573532395
2587.3422856911,3079.07014483346
2587.3422856911,3071.26455434297
2587.3422856911,3063.45896385249
2587.3422856911,3055.653373362
2587.3422856911,3047.84778287151
2579.53669520062,3047.84778287151
2579.53669520062,3040.04219238103
2579.53669520062,3032.23660189054
2579.53669520062,3024.43101140005
2571.73110471013,3008.81983041908
2571.73110471013,3001.0142399286
2563.92551421964,3001.0142399286
2563.92551421964,2985.40305894762
2563.92551421964,2977.59746845714
2556.11992372916,2977.59746845714
2556.11992372916,2969.79187796665
2548.31433323867,2961.98628747616
2548.31433323867,2954.18069698568
2540.50874274818,2946.37510649519
2532.7031522577,2938.5695160047
2532.7031522577,2930.76392551422
2524.89756176721,2922.95833502373
2524.89756176721,2915.15274453324
2517.09197127673,2907.34715404276
2517.09197127673,2899.54156355227
2509.28638078624,2891.73597306179
2509.28638078624,2883.9303825713
2501.48079029575,2876.12479208081
2493.67519980527,2876.12479208081
2493.67519980527,2868.31920159033
2485.86960931478,2860.51361109984
2485.86960931478,2852.70802060935
2478.06401882429,2844.90243011887
2478.06401882429,2837.09683962838
2470.25842833381,2837.09683962838
2470.25842833381,2829.29124913789
2462.45283784332,2829.29124913789
2462.45283784332,2821.48565864741
2454.64724735283,2813.68006815692
2446.84165686235,2813.68006815692
2446.84165686235,2805.87447766644
2439.03606637186,2798.06888717595
2431.23047588138,2798.06888717595
2423.42488539089,2790.26329668546
2415.6192949004,2790.26329668546
2415.6192949004,2782.45770619498
2407.81370440992,2782.45770619498
2400.00811391943,2774.65211570449
2400.00811391943,2766.846525214
2392.20252342894,2766.846525214
2384.39693293846,2766.846525214
2376.59134244797,2759.04093472352
2368.78575195748,2759.04093472352
2360.980161467,2751.23534423303
2353.17457097651,2751.23534423303
2353.17457097651,2743.42975374254
2345.36898048602,2743.42975374254
2337.56338999554,2735.62416325206
2329.75779950505,2735.62416325206
2321.95220901456,2735.62416325206
2314.14661852408,2727.81857276157
2306.34102803359,2727.81857276157
2290.72984705262,2712.2073917806
2282.92425656213,2712.2073917806
2275.11866607165,2712.2073917806
2267.31307558116,2704.40180129011
2259.50748509067,2704.40180129011
2259.50748509067,2696.59621079963
2251.70189460019,2696.59621079963
2243.8963041097,2696.59621079963
2236.09071361921,2688.79062030914
2228.28512312873,2688.79062030914
2220.47953263824,2680.98502981865
2212.67394214776,2680.98502981865
2204.86835165727,2680.98502981865
2197.06276116678,2680.98502981865
2189.2571706763,2673.17943932817
2181.45158018581,2673.17943932817
2181.45158018581,2665.37384883768
2173.64598969532,2665.37384883768
2173.64598969532,2665.37384883768
2033.14536086657,2618.54030589476
2025.33977037608,2618.54030589476
2017.53417988559,2618.54030589476
2009.72858939511,2610.73471540427
2001.92299890462,2610.73471540427
2001.92299890462,2602.92912491379
1994.11740841413,2602.92912491379
1994.11740841413,2595.1235344233
1986.31181792365,2587.31794393282
1986.31181792365,2579.51235344233
1978.50622743316,2579.51235344233
1978.50622743316,2571.70676295184
1970.70063694268,2563.90117246136
1962.89504645219,2563.90117246136
1962.89504645219,2556.09558197087
1955.0894559617,2548.28999148038
1947.28386547122,2548.28999148038
1947.28386547122,2540.4844009899
1939.47827498073,2532.67881049941
1939.47827498073,2524.87322000892
1939.47827498073,2517.06762951844
1931.67268449024,2517.06762951844
1931.67268449024,2509.26203902795
1931.67268449024,2501.45644853746
1931.67268449024,2493.65085804698
1923.86709399976,2485.84526755649
1923.86709399976,2478.039677066
1923.86709399976,2470.23408657552
1916.06150350927,2462.42849608503
1916.06150350927,2454.62290559455
1916.06150350927,2446.81731510406
1908.25591301878,2439.01172461357
1908.25591301878,2431.20613412309
1900.4503225283,2423.4005436326
1900.4503225283,2415.59495314211
1892.64473203781,2415.59495314211
1892.64473203781,2407.78936265163
1892.64473203781,2399.98377216114
1884.83914154732,2392.17818167065
1884.83914154732,2384.37259118017
1884.83914154732,2376.56700068968
1877.03355105684,2376.56700068968
1877.03355105684,2368.76141019919
1877.03355105684,2360.95581970871
1877.03355105684,2353.15022921822
1877.03355105684,2345.34463872774
1877.03355105684,2337.53904823725
1869.22796056635,2329.73345774676
1869.22796056635,2321.92786725628
1869.22796056635,2314.12227676579
1869.22796056635,2306.3166862753
1869.22796056635,2298.51109578482
1869.22796056635,2290.70550529433
1861.42237007587,2290.70550529433
1861.42237007587,2282.89991480384
1861.42237007587,2275.09432431336
1861.42237007587,2267.28873382287
1853.61677958538,2259.48314333239
1853.61677958538,2251.6775528419
1845.81118909489,2243.87196235141
1845.81118909489,2236.06637186093
1838.00559860441,2228.26078137044
1838.00559860441,2220.45519087995
1830.20000811392,2212.64960038947
1830.20000811392,2204.84400989898
1830.20000811392,2197.03841940849
1830.20000811392,2189.23282891801
1830.20000811392,2181.42723842752
1822.39441762343,2173.62164793703
1822.39441762343,2165.81605744655
1822.39441762343,2158.01046695606
1822.39441762343,2150.20487646557
1822.39441762343,2142.39928597509
1814.58882713295,2134.5936954846
1814.58882713295,2126.78810499412
1814.58882713295,2118.98251450363
1814.58882713295,2111.17692401314
1814.58882713295,2103.37133352266
1814.58882713295,2095.56574303217
1814.58882713295,2087.76015254168
1814.58882713295,2079.9545620512
1814.58882713295,2072.14897156071
1822.39441762343,2072.14897156071
1822.39441762343,2064.34338107022
1822.39441762343,2056.53779057974
1822.39441762343,2048.73220008925
1830.20000811392,2048.73220008925
1830.20000811392,2040.92660959877
1838.00559860441,2033.12101910828
1838.00559860441,2025.31542861779
1845.81118909489,2017.50983812731
1845.81118909489,2009.70424763682
1853.61677958538,2009.70424763682
1853.61677958538,2001.89865714633
1853.61677958538,2001.89865714633
1855.3531787111,2000.755798658
1856.05448868455,2000.54289136856
1857,2000.40261994689
1858,2000
1858.94551131545,1999.7063574222
1859.70130997345,2000.1089773691
1860.29869002655,2000.8910226309
1861.05448868455,2001.34813126234
1862,2001.18971265745
1863,2000.70130997345
1864,2000.05448868455
1865,1999.59738005311
1865.94551131545,1999.40261994689
1866.70130997345,1998.8910226309
1867.29869002655,1998
1868.05448868455,1997.05448868455
1869,1996.29869002655
1870,1995.755798658
1871,1995.244201342
1872,1994.70130997345
1873,1993.94551131545
1874,1993.05448868455
1875,1992.3531787111
1876,1992
1877,1991.70130997345
1878,1991.244201342
1879,1990.81028734255
1880,1990.54289136856
1881,1990.45710863144
1882,1990.18971265745
1883,1989.755798658
1884,1989.244201342
1885,1988.755798658
1886,1988.3531787111
1887,1988.40766739565
1888,1988.94551131545
1889,1989.29364257779
1890,1988.8910226309
1891,1988
1892,1987
1893,1986
1894,1985
1895,1984
1896,1983
1897,1982
1898,1981
1899,1980
1900,1979.05448868455
1901,1978.3531787111
1902,1978.05448868455
1903,1978.05448868455
1904,1978.244201342
1905,1978.34813126234
1906,1977.94551131545
1907,1977.40766739565
1908,1977.29869002655
1909,1977.34813126234
1910,1976.8910226309
1911,1976
1912,1975.1089773691
1913,1974.59738005311
1914,1974.45710863144
1915,1974.244201342
1916,1974
1917,1973.6468212889
1918,1972.94551131545
1919,1972.1089773691
1920,1971.7063574222
1921,1972.05448868455
1922,1972.6468212889
1923,1972.94551131545
1924,1972.94551131545
1925,1972.70130997345
1926,1972.244201342
1927,1971.70130997345
1928,1970.94551131545
1929,1970
1930,1969
1931,1968.05448868455
1932,1967.40766739565
1933,1967.3531787111
1934,1967.6468212889
1935,1967.6468212889
1936,1967.29869002655
1937,1967
1938,1966.6468212889
1939,1965.94551131545
1940,1965.05448868455
1941,1964.29869002655
1942,1963.81028734255
1943,1963.59738005311
1944,1963.70130997345
1944.94551131545,1963.59233260435
1945.70130997345,1962.94551131545
1946.29869002655,1962
1947.05448868455,1961
1948,1960.1089773691
1949,1959.59738005311
1950,1959.51159731599
1951,1959.48840268401
1951.94551131545,1959.40261994689
1952.70130997345,1958.8910226309
1953.244201342,1958
1953.755798658,1957
1954.29869002655,1956.1089773691
1955.05448868455,1955.65186873766
1956,1955.70130997345
1957,1955.6468212889
1958,1955.244201342
1959,1954.81028734255
1960,1954.54289136856
1961,1954.45710863144
1962,1954.244201342
1963,1954.1089773691
1964,1954.244201342
1965,1954.34813126234
1966,1954
1967,1953.59738005311
1968,1953.51159731599
1969,1953.48840268401
1970,1953.40261994689
1970.94551131545,1952.8910226309
1971.70130997345,1952.05448868455
1972.29869002655,1951.29869002655
1973.05448868455,1950.70130997345
1974,1949.94551131545
1975,1949.05448868455
1976,1948.29869002655
1977,1947.70130997345
1978,1946.94551131545
1979,1946
1980,1945
1981,1944
1982,1943.05448868455
1983,1942.29869002655
1984,1941.70130997345
1985,1940.94551131545
1986,1940.05448868455
1987,1939.29869002655
1988,1938.70130997345
1989,1938.05448868455
1990,1937.7063574222
1991,1938
1992,1938.29364257779
1993,1937.94551131545
1994,1937.29869002655
1995,1936.70130997345
1996,1935.94551131545
1997,1935
1998,1934.1089773691
1999,1933.65186873766
2000,1933.70130997345
2000.94551131545,1933.70130997345
2001.70130997345,1933.59738005311
2002.29869002655,1933.70130997345
2003.05448868455,1933.6468212889
2004,1933.244201342
2005,1932.70130997345
2006,1931.94551131545
2007,1931.05448868455
2008,1930.40766739565
2008.94551131545,1930.40766739565
2009.6468212889,1931
2009.94551131545,1931.6468212889
2009.72858939511,1923.84275224147
2017.53417988559,1923.84275224147
2025.33977037608,1923.84275224147
2033.14536086657,1923.84275224147
2040.95095135705,1923.84275224147
2048.75654184754,1923.84275224147
2056.56213233803,1923.84275224147
2064.36772282851,1923.84275224147
2079.97890380949,1916.03716175098
2095.59008479046,1916.03716175098
2119.00685626192,1908.2315712605
2134.61803724289,1908.2315712605
2142.42362773338,1908.2315712605
2150.22921822386,1908.2315712605
2158.03480871435,1908.2315712605
2165.84039920484,1908.2315712605
2173.64598969532,1908.2315712605
2181.45158018581,1908.2315712605
2197.06276116678,1908.2315712605
2204.86835165727,1908.2315712605
2212.67394214776,1908.2315712605
2220.47953263824,1908.2315712605
2228.28512312873,1908.2315712605
2236.09071361921,1908.2315712605
2243.8963041097,1908.2315712605
2251.70189460019,1908.2315712605
2259.50748509067,1908.2315712605
2267.31307558116,1908.2315712605
2275.11866607165,1908.2315712605
2282.92425656213,1908.2315712605
2290.72984705262,1908.2315712605
2298.53543754311,1908.2315712605
2306.34102803359,1908.2315712605
2314.14661852408,1908.2315712605
2321.95220901456,1908.2315712605
2329.75779950505,1908.2315712605
2337.56338999554,1900.42598077001
2345.36898048602,1900.42598077001
2353.17457097651,1900.42598077001
2360.980161467,1900.42598077001
2368.78575195748,1900.42598077001
2376.59134244797,1900.42598077001
2384.39693293846,1892.62039027952
2392.20252342894,1892.62039027952
2400.00811391943,1892.62039027952
2407.81370440992,1892.62039027952
2415.6192949004,1892.62039027952
2415.6192949004,1884.81479978904
2431.23047588138,1877.00920929855
2439.03606637186,1877.00920929855
2446.84165686235,1869.20361880806
2454.64724735283,1869.20361880806
2454.64724735283,1861.39802831758
2462.45283784332,1861.39802831758
2462.45283784332,1853.59243782709
2470.25842833381,1853.59243782709
2478.06401882429,1845.7868473366
2485.86960931478,1837.98125684612
2493.67519980527,1830.17566635563
2501.48079029575,1830.17566635563
2501.48079029575,1822.37007586514
2509.28638078624,1822.37007586514
2509.28638078624,1814.56448537466
2517.09197127673,1814.56448537466
2524.89756176721,1806.75889488417
2532.7031522577,1806.75889488417
2532.7031522577,1798.95330439369
2540.50874274818,1798.95330439369
2540.50874274818,1791.1477139032
2548.31433323867,1791.1477139032
2548.31433323867,1783.34212341271
2556.11992372916,1783.34212341271
2563.92551421964,1783.34212341271
2571.73110471013,1783.34212341271
2579.53669520062,1783.34212341271
2587.3422856911,1775.53653292223
2595.14787618159,1775.53653292223
2602.95346667208,1775.53653292223
2610.75905716256,1775.53653292223
2618.56464765305,1775.53653292223
2626.37023814354,1775.53653292223
2641.98141912451,1775.53653292223
2673.20378108645,1767.73094243174
2681.00937157694,1767.73094243174
2688.81496206743,1767.73094243174
2696.62055255791,1767.73094243174
2704.4261430484,1767.73094243174
2712.23173353889,1767.73094243174
2720.03732402937,1767.73094243174
2727.84291451986,1775.53653292223
2735.64850501035,1775.53653292223
2751.25968599132,1783.34212341271
2759.06527648181,1783.34212341271
2766.87086697229,1791.1477139032
2774.67645746278,1791.1477139032
2790.28763844375,1791.1477139032
2798.09322893424,1798.95330439369
2805.89881942472,1798.95330439369
2813.70440991521,1798.95330439369
2821.5100004057,1798.95330439369
2821.5100004057,1806.75889488417
2829.31559089618,1806.75889488417
2837.12118138667,1806.75889488417
2837.12118138667,1814.56448537466
2844.92677187716,1814.56448537466
2852.73236236764,1822.37007586514
2860.53795285813,1822.37007586514
2860.53795285813,1830.17566635563
2868.34354334861,1830.17566635563
2876.1491338391,1837.98125684612
2883.95472432959,1845.7868473366
2891.76031482007,1853.59243782709
2899.56590531056,1861.39802831758
2907.37149580105,1869.20361880806
2907.37149580105,1877.00920929855
2915.17708629153,1884.81479978904
2915.17708629153,1892.62039027952
2922.98267678202,1892.62039027952
2922.98267678202,1900.42598077001
2930.78826727251,1900.42598077001
2930.78826727251,1908.2315712605
2938.59385776299,1908.2315712605
2938.59385776299,1916.03716175098
2946.39944825348,1916.03716175098
2946.39944825348,1923.84275224147
2954.20503874397,1923.84275224147
2954.20503874397,1931.64834273195
2962.01062923445,1931.64834273195
2969.81621972494,1931.64834273195
2977.62181021543,1939.45393322244
2985.42740070591,1947.25952371293
2993.2329911964,1947.25952371293
3001.03858168688,1955.06511420341
3008.84417217737,1962.8707046939
3024.45535315834,1970.67629518439
3032.26094364883,1970.67629518439
3040.06653413932,1978.48188567487
3047.8721246298,1978.48188567487
3055.67771512029,1978.48188567487
3063.48330561078,1986.28747616536
3071.28889610126,1986.28747616536
3079.09448659175,1994.09306665585
3086.90007708223,1994.09306665585
3094.70566757272,2001.89865714633
3102.51125806321,2001.89865714633
3110.31684855369,2009.70424763682
3125.92802953467,2017.50983812731
3133.73362002515,2017.50983812731
3141.53921051564,2025.31542861779
3149.34480100613,2025.31542861779
3188.37275345856,2033.12101910828
3227.40070591099,2048.73220008925
3235.20629640148,2056.53779057974
3250.81747738245,2056.53779057974
3258.62306787294,2064.34338107022
3266.42865836342,2064.34338107022
3274.23424885391,2064.34338107022
3282.0398393444,2064.34338107022
3289.84542983488,2072.14897156071
3297.65102032537,2072.14897156071
3305.45661081586,2079.9545620512
3313.26220130634,2079.9545620512
3321.06779179683,2079.9545620512
3328.87338228731,2079.9545620512
3328.87338228731,2087.76015254168
3336.6789727778,2087.76015254168
3344.48456326829,2087.76015254168
3352.29015375877,2095.56574303217
3360.09574424926,2095.56574303217
3367.90133473975,2095.56574303217
3375.70692523023,2103.37133352266
3383.51251572072,2103.37133352266
3391.31810621121,2103.37133352266
3399.12369670169,2111.17692401314
3516.20755405899,2150.20487646557
3633.29141141628,2189.23282891801
3641.09700190677,2197.03841940849
3648.90259239726,2197.03841940849
3656.70818288774,2197.03841940849
3664.51377337823,2204.84400989898
3672.31936386872,2204.84400989898
3680.1249543592,2204.84400989898
3680.1249543592,2212.64960038947
3687.93054484969,2212.64960038947
3695.73613534018,2212.64960038947
3711.34731632115,2220.45519087995
3719.15290681164,2228.26078137044
3726.95849730212,2228.26078137044
3734.76408779261,2228.26078137044
3742.5696782831,2236.06637186093
3750.37526877358,2236.06637186093
3750.37526877358,2243.87196235141
3758.18085926407,2251.6775528419
3765.98644975455,2251.6775528419
3765.98644975455,2259.48314333239
3773.79204024504,2267.28873382287
3781.59763073553,2267.28873382287
3789.40322122601,2275.09432431336
3797.2088117165,2282.89991480384
3805.01440220699,2282.89991480384
3812.81999269747,2290.70550529433
3820.62558318796,2290.70550529433
3828.43117367845,2306.3166862753
3836.23676416893,2314.12227676579
3844.04235465942,2314.12227676579
3844.04235465942,2321.92786725628
3851.8479451499,2321.92786725628
3859.65353564039,2329.73345774676
3859.65353564039,2329.73345774676
3860.3531787111,2331.3531787111
3861.05448868455,2332.05448868455
3862,2333
3863,2333.8910226309
3864,2334.40261994689
3865,2334.54289136856
3866,2334.81028734255
3867,2335.29869002655
3868,2336.05448868455
3869,2336.8910226309
3870,2337.40261994689
3871,2337.54289136856
3872,2337.81028734255
3872.94551131545,2338.29869002655
3873.70130997345,2339
3874.29869002655,2339.70130997345
3875.05448868455,2340.29869002655
3876,2341.05448868455
3877,2342
3878,2343
3879,2343.94551131545
3880,2344.70130997345
3880.94551131545,2345.29869002655
3881.70130997345,2346.05448868455
3882.29869002655,2347
3883.05448868455,2348
3884,2349
3884.94551131545,2350
3885.70130997345,2350.94551131545
3886.29869002655,2351.6468212889
3887.05448868455,2351.94551131545
3888,2352.05448868455
3889,2352.3531787111
3890,2353.05448868455
3891,2353.94551131545
3892,2354.6468212889
3893,2355
3894,2355.3531787111
3895,2356
3896,2356.6468212889
3897,2357
3898,2357.3531787111
3898.94551131545,2358.05448868455
3899.70130997345,2359
3900.29869002655,2360
3901.05448868455,2360.94551131545
3902,2361.70130997345
3903,2362.244201342
3904,2362.755798658
3905,2363.18971265745
3906,2363.45710863144
3907,2363.59738005311
3908,2364.1089773691
3909,2365
3910,2366
3911,2366.94551131545
3912,2367.70130997345
3912.94551131545,2368.29869002655
3913.70130997345,2369.05448868455
3914.244201342,2370
3914.70130997345,2371
3915,2372
3915.3531787111,2373
3916.05448868455,2374
3917,2375
3918,2375.94551131545
3918.94551131545,2376.70130997345
3919.6468212889,2377.29869002655
3920,2378.05448868455
3920.3531787111,2379
3921,2380
3921.70130997345,2380.8910226309
3922.29869002655,2381.40261994689
3923.05448868455,2381.59738005311
3924,2382.1089773691
3924.94551131545,2383
3925.70130997345,2384
3926.29869002655,2384.94551131545
3927.05448868455,2385.6468212889
3928,2386
3928.94551131545,2386.3531787111
3929.6468212889,2387.05448868455
3930,2388
3930.29869002655,2389
3930.755798658,2390
3931.29869002655,2391
3932.05448868455,2392
3932.94551131545,2393
3933.70130997345,2394
3934.29869002655,2395
3935.05448868455,2396
3936,2396.94551131545
3936.94551131545,2397.70130997345
3937.6468212889,2398.29869002655
3937.94551131545,2399
3938,2399.6468212889
3945.51503103574,2407.78936265163
4015.76534545012,2493.65085804698
4023.57093594061,2501.45644853746
4031.37652643109,2509.26203902795
4031.37652643109,2517.06762951844
4039.18211692158,2517.06762951844
4039.18211692158,2524.87322000892
4046.98770741207,2532.67881049941
4046.98770741207,2540.4844009899
4054.79329790255,2548.28999148038
4062.59888839304,2556.09558197087
4070.40447888353,2571.70676295184
4078.21006937401,2579.51235344233
4078.21006937401,2587.31794393282
4086.0156598645,2587.31794393282
4093.82125035498,2595.1235344233
4093.82125035498,2602.92912491379
4101.62684084547,2610.73471540427
4101.62684084547,2618.54030589476
4109.43243133596,2626.34589638525
4109.43243133596,2634.15148687573
4109.43243133596,2641.95707736622
4117.23802182644,2649.76266785671
4117.23802182644,2657.56825834719
4117.23802182644,2665.37384883768
4117.23802182644,2673.17943932817
4125.04361231693,2673.17943932817
4125.04361231693,2680.98502981865
4132.84920280742,2688.79062030914
4132.84920280742,2696.59621079963
4132.84920280742,2704.40180129011
4132.84920280742,2712.2073917806
4140.6547932979,2712.2073917806
4140.6547932979,2720.01298227108
4140.6547932979,2727.81857276157
4140.6547932979,2735.62416325206
4148.46038378839,2743.42975374254
4148.46038378839,2751.23534423303
4148.46038378839,2759.04093472352
4148.46038378839,2766.846525214
4148.46038378839,2774.65211570449
4148.46038378839,2782.45770619498
4156.26597427888,2790.26329668546
4156.26597427888,2798.06888717595
4156.26597427888,2805.87447766644
4156.26597427888,2813.68006815692
4164.07156476936,2829.29124913789
4164.07156476936,2837.09683962838
4164.07156476936,2844.90243011887
4164.07156476936,2860.51361109984
4164.07156476936,2868.31920159033
4171.87715525985,2876.12479208081
4171.87715525985,2883.9303825713
4171.87715525985,2891.73597306179
4179.68274575034,2899.54156355227
4179.68274575034,2907.34715404276
4187.48833624082,2915.15274453324
4187.48833624082,2922.95833502373
4187.48833624082,2930.76392551422
4187.48833624082,2938.5695160047
4195.29392673131,2946.37510649519
4195.29392673131,2954.18069698568
4195.29392673131,2961.98628747616
4195.29392673131,2969.79187796665
4195.29392673131,2977.59746845714
4203.09951722179,2993.20864943811
4203.09951722179,3001.0142399286
4203.09951722179,3008.81983041908
4210.90510771228,3016.62542090957
4210.90510771228,3024.43101140005
4210.90510771228,3032.23660189054
4218.71069820277,3040.04219238103
4218.71069820277,3047.84778287151
4226.51628869325,3055.653373362
4226.51628869325,3063.45896385249
4226.51628869325,3071.26455434297
4234.32187918374,3079.07014483346
4234.32187918374,3094.68132581443
4234.32187918374,3102.48691630492
4234.32187918374,3110.29250679541
4234.32187918374,3118.09809728589
4242.12746967423,3125.90368777638
4242.12746967423,3133.70927826687
4242.12746967423,3141.51486875735
4242.12746967423,3149.32045924784
4249.93306016471,3157.12604973832
4249.93306016471,3164.93164022881
4249.93306016471,3172.7372307193
4249.93306016471,3180.54282120978
4257.7386506552,3180.54282120978
4257.7386506552,3188.34841170027
4257.7386506552,3188.34841170027
4259.05448868455,3189.3531787111
4259.29869002655,3190.05448868455
4259.755798658,3191
4260.29869002655,3192
4261,3193
4261.70130997345,3194
4262.18971265745,3195
4262.34813126234,3196
4261.8910226309,3197
4261.1089773691,3198
4260.7063574222,3199
4261.1089773691,3200
4262,3201
4263,3202
4264,3203
4265,3204
4265.8910226309,3205
4266.29364257779,3206
4265.8910226309,3207
4265.1089773691,3208
4264.7063574222,3209
4265.1089773691,3210
4266,3211
4266.94551131545,3212
4267.70130997345,3213
4268.244201342,3214
4268.755798658,3215
4269.18971265745,3216
4269.34813126234,3217
4268.94551131545,3218
4268.29869002655,3219
4267.81028734255,3220
4267.59738005311,3221
4267.81028734255,3222
4268.29869002655,3223
4269.05448868455,3224
4269.8910226309,3225
4270.34813126234,3226
4270.244201342,3227
4270.05448868455,3228
4269.94551131545,3229
4269.755798658,3230
4269.54289136856,3231
4269.40261994689,3232
4268.8910226309,3233
4268.1089773691,3234
4267.5973800531,3235
4267.40261994689,3236
4267,3237
4266.65186873765,3238
4266.70130997345,3239
4266.6468212889,3240
4266.3531787111,3241
4266.40766739565,3242
4267.05448868455,3242.94551131545
4268,3243.70130997345
4269,3244.29869002655
4270,3245.05448868455
4270.8910226309,3246
4271.34813126234,3247
4271.18971265745,3248
4270.81028734255,3249
4270.65186873765,3250
4271.1089773691,3251
4271.94551131545,3252
4272.70130997345,3253
4273.29869002655,3254
4274.05448868455,3255
4274.94551131545,3256
4275.59233260435,3257
4275.59233260435,3258
4274.94551131545,3259
4274.1089773691,3260
4273.65186873765,3261
4273.81028734255,3262
4274.29869002655,3263
4275.05448868455,3263.94551131545
4275.94551131545,3264.70130997345
4276.6468212889,3265.29869002655
4276.94551131545,3266.05448868455
4277.05448868455,3267
4277.29869002655,3268
4277.755798658,3269
4278.18971265745,3270
4278.45710863144,3271
4278.59738005311,3271.94551131545
4279.1089773691,3272.70130997345
4279.8910226309,3273.29869002655
4280.40261994689,3274.05448868455
4280.54289136856,3275
4280.81028734255,3276
4281.244201342,3277
4281.70130997345,3278
4281.8910226309,3279
4281.755798658,3280
4281.65186873765,3281
4282,3282
4282.34813126234,3283
4282.244201342,3284
4282.1089773691,3285
4282.3531787111,3286
4283,3287
4283.70130997345,3288
4284.29869002655,3289
4285.05448868455,3290
4286,3291
4287,3292
4288,3293
4289,3294
4289.94551131545,3295
4290.70130997345,3296
4291.244201342,3297
4291.755798658,3298
4292.29869002655,3299
4293.05448868455,3300
4294,3301
4295,3302
4296,3303
4296.94551131545,3304
4297.6468212889,3305
4297.94551131545,3306
4298,3307
4298.05448868455,3308
4298.3531787111,3309
4299.05448868455,3310
4299.8910226309,3311
4300.40261994689,3311.94551131545
4300.59738005311,3312.70130997345
4301,3313.29869002655
4301.29364257779,3314.05448868455
4301,3315
4300.65186873765,3316
4300.81028734255,3317
4301.244201342,3318
4301.70130997345,3319
4301.8910226309,3320
4301.6468212889,3321
4301,3322
4300.3531787111,3323
4300.1089773691,3324
4300.3531787111,3325
4301.05448868455,3326
4301.8910226309,3327
4302.34813126234,3328
4302.18971265745,3329
4301.755798658,3330
4301.244201342,3331
4300.755798658,3332
4300.244201342,3333
4299.81028734255,3334
4299.54289136856,3335
4299.45710863144,3336
4299.29869002655,3337
4299.40766739565,3338
4300,3339
4300.70130997345,3340
4301.29869002655,3341
4301.94551131545,3342
4302.40261994689,3343
4302.59738005311,3344
4303.05448868455,3345
4303.70130997345,3346
4304.29869002655,3347
4305.05448868455,3348
4305.8910226309,3349
4306.29364257779,3350
4306,3351
4305.7063574222,3352
4306.1089773691,3353
4306.94551131545,3354
4307.70130997345,3355
4308.29869002655,3355.94551131545
4309.05448868455,3356.70130997345
4310,3357.29869002655
4310.94551131545,3358.05448868455
4311.6468212889,3358.94551131545
4311.94551131545,3359.6468212889
4312.37778408861,3367.87699298146
4327.98896506958,3406.90494543389
4327.98896506958,3414.71053592438
4327.98896506958,3422.51612641486
4335.79455556006,3430.32171690535
4335.79455556006,3438.12730739584
4335.79455556006,3445.93289788632
4343.60014605055,3453.73848837681
4343.60014605055,3461.54407886729
4343.60014605055,3469.34966935778
4351.40573654104,3469.34966935778
4351.40573654104,3484.96085033875
4351.40573654104,3492.76644082924
4359.21132703152,3500.57203131973
4359.21132703152,3508.37762181021
4359.21132703152,3516.1832123007
4359.21132703152,3523.98880279119
4359.21132703152,3531.79439328167
4367.01691752201,3531.79439328167
4367.01691752201,3539.59998377216
4367.01691752201,3547.40557426265
4367.01691752201,3555.21116475313
4374.8225080125,3563.01675524362
4374.8225080125,3570.82234573411
4374.8225080125,3578.62793622459
4382.62809850298,3586.43352671508
4382.62809850298,3594.23911720556
4382.62809850298,3602.04470769605
4382.62809850298,3609.85029818654
4390.43368899347,3617.65588867702
4390.43368899347,3625.46147916751
4390.43368899347,3633.267069658
4398.23927948396,3641.07266014848
4398.23927948396,3648.87825063897
4398.23927948396,3656.68384112946
4398.23927948396,3664.48943161994
4398.23927948396,3672.29502211043
4406.04486997444,3680.10061260092
4406.04486997444,3687.9062030914
4406.04486997444,3695.71179358189
4406.04486997444,3703.51738407237
4406.04486997444,3711.32297456286
4413.85046046493,3719.12856505335
4413.85046046493,3726.93415554383
4413.85046046493,3734.73974603432
4413.85046046493,3742.54533652481
4413.85046046493,3750.35092701529
4421.65605095541,3758.15651750578
4421.65605095541,3765.96210799627
4421.65605095541,3781.57328897724
4421.65605095541,3789.37887946773
4421.65605095541,3797.18446995821
4429.4616414459,3804.9900604487
4429.4616414459,3812.79565093918
4429.4616414459,3820.60124142967
4429.4616414459,3828.40683192016
4429.4616414459,3836.21242241064
4429.4616414459,3844.01801290113
4429.4616414459,3851.82360339162
4429.4616414459,3859.6291938821
4437.26723193639,3859.6291938821
4437.26723193639,3867.43478437259
4437.26723193639,3875.24037486308
4445.07282242687,3883.04596535356
4445.07282242687,3890.85155584405
4445.07282242687,3898.65714633454
4452.87841291736,3906.46273682502
4452.87841291736,3914.26832731551
4460.68400340785,3922.07391780599
4460.68400340785,3929.87950829648
4468.48959389833,3937.68509878697
4468.48959389833,3945.49068927745
4476.29518438882,3945.49068927745
4476.29518438882,3953.29627976794
4484.10077487931,3961.10187025843
4491.90636536979,3968.90746074891
4491.90636536979,3976.7130512394
4499.71195586028,3992.32423222037
4507.51754635077,4000.12982271086
4507.51754635077,4007.93541320135
4515.32313684125,4015.74100369183
4523.12872733174,4023.54659418232
4523.12872733174,4031.3521846728
4530.93431782223,4039.15777516329
4530.93431782223,4046.96336565378
4538.73990831271,4046.96336565378
4538.73990831271,4054.76895614426
4546.5454988032,4054.76895614426
4546.5454988032,4062.57454663475
4546.5454988032,4070.38013712524
4554.35108929368,4078.18572761572
4562.15667978417,4085.99131810621
4562.15667978417,4093.7969085967
4569.96227027466,4101.60249908718
4569.96227027466,4109.40808957767
4577.76786076514,4109.40808957767
4577.76786076514,4117.21368006816
4577.76786076514,4125.01927055864
4585.57345125563,4125.01927055864
4585.57345125563,4132.82486104913
4593.37904174612,4140.63045153962
4601.1846322366,4148.4360420301
4608.99022272709,4148.4360420301
4608.99022272709,4156.24163252059
4616.79581321758,4164.04722301107
4624.60140370806,4171.85281350156
4632.40699419855,4171.85281350156
4632.40699419855,4179.65840399205
4640.21258468903,4179.65840399205
4640.21258468903,4187.46399448253
4648.01817517952,4187.46399448253
4648.01817517952,4195.26958497302
4655.82376567001,4195.26958497302
4663.62935616049,4203.07517546351
4671.43494665098,4203.07517546351
4679.24053714147,4210.88076595399
4687.04612763195,4218.68635644448
4694.85171812244,4218.68635644448
4694.85171812244,4226.49194693497
4702.65730861293,4226.49194693497
4702.65730861293,4234.29753742545
4710.46289910341,4234.29753742545
4718.2684895939,4242.10312791594
4726.07408008439,4242.10312791594
4733.87967057487,4249.90871840642
4749.49085155584,4249.90871840642
4757.29644204633,4257.71430889691
4765.10203253682,4265.5198993874
4772.9076230273,4265.5198993874
4780.71321351779,4265.5198993874
4788.51880400828,4273.32548987788
4796.32439449876,4273.32548987788
4804.12998498925,4281.13108036837
4811.93557547974,4281.13108036837
4811.93557547974,4288.93667085886
4819.74116597022,4288.93667085886
4827.54675646071,4288.93667085886
4827.54675646071,4296.74226134934
4835.3523469512,4296.74226134934
4835.3523469512,4304.54785183983
4843.15793744168,4304.54785183983
4850.96352793217,4304.54785183983
4850.96352793217,4312.35344233032
4858.76911842265,4312.35344233032
4866.57470891314,4312.35344233032
4866.57470891314,4320.1590328208
4874.38029940363,4320.1590328208
4882.18588989411,4327.96462331129
4889.9914803846,4327.96462331129
4897.79707087509,4327.96462331129
4897.79707087509,4335.77021380178
4905.60266136557,4335.77021380178
4913.40825185606,4335.77021380178
4921.21384234655,4335.77021380178
4929.01943283703,4335.77021380178
4936.82502332752,4335.77021380178
4936.82502332752,4343.57580429226
4944.63061381801,4343.57580429226
4952.43620430849,4351.38139478275
4960.24179479898,4351.38139478275
4968.04738528947,4351.38139478275
4975.85297577995,4359.18698527323
4983.65856627044,4359.18698527323
4991.46415676092,4366.99257576372
4999.26974725141,4366.99257576372
5007.0753377419,4374.79816625421
5014.88092823238,4374.79816625421
5022.68651872287,4382.60375674469
5030.49210921336,4382.60375674469
5030.49210921336,4390.40934723518
5038.29769970384,4390.40934723518
5046.10329019433,4398.21493772567
5053.90888068482,4398.21493772567
5053.90888068482,4406.02052821615
5061.7144711753,4406.02052821615
5069.52006166579,4406.02052821615
5077.32565215628,4413.82611870664
5085.13124264676,4413.82611870664
5092.93683313725,4413.82611870664
5092.93683313725,4421.63170919713
5100.74242362773,4421.63170919713
5108.54801411822,4421.63170919713
5116.35360460871,4429.43729968761
5124.15919509919,4429.43729968761
5131.96478558968,4437.2428901781
5139.77037608017,4437.2428901781
5147.57596657065,4437.2428901781
5155.38155706114,4437.2428901781
5163.18714755163,4445.04848066859
5170.99273804211,4445.04848066859
5178.7983285326,4445.04848066859
5186.60391902308,4445.04848066859
5194.40950951357,4445.04848066859
5202.21510000406,4445.04848066859
5202.21510000406,4445.04848066859
5203.3531787111,4445.6468212889
5204.05448868455,4444.94551131545
5205,4444
5206,4443.05448868455
5207,4442.29869002655
5208,4441.70130997345
5209,4441.05448868455
5210,4440.65186873765
5211,4440.70130997345
5212,4440.59233260435
5213,4440.05448868455
5214,4439.65186873765
5215,4439.70130997345
5216,4439.6468212889
5217,4439.244201342
5218,4438.81028734255
5219,4438.54289136856
5220,4438.45710863144
5221,4438.18971265745
5222,4437.81028734255
5223,4437.54289136856
5224,4437.40261994689
5225,4437
5226,4436.59738005311
5227,4436.45710863144
5228,4436.18971265745
5229,4435.81028734255
5230,4435.54289136856
5231,4435.51159731599
5232,4435.48840268401
5233,4435.40261994689
5234,4434.8910226309
5234.94551131545,4434
5235.70130997345,4433
5236.29869002655,4432
5237.05448868455,4431.1089773691
5238,4430.59738005311
5239,4430.40261994689
5239.94551131545,4429.94551131545
5240.6468212889,4429.3531787111
