5959.75497294515,4858.96116083086
5946.02622127165,4868.11366194653
5932.29746959816,4877.26616306219
5923.14496848249,4886.41866417786
5918.56871792466,4890.99491473569
5913.99246736683,4895.57116529352
5909.416216809,4895.57116529352
5909.416216809,4900.14741585135
5904.83996625117,4900.14741585135
5904.83996625117,4904.72366640918
5900.26371569333,4904.72366640918
5900.26371569333,4909.29991696701
5895.6874651355,4913.87616752485
5895.6874651355,4918.45241808268
5891.11121457767,4918.45241808268
5891.11121457767,4923.02866864051
5886.53496401984,4927.60491919834
5872.80621234634,4945.90992142967
5859.07746067285,4964.214923661
5854.50121011501,4968.79117421883
5854.50121011501,4973.36742477666
5849.92495955718,4973.36742477666
5845.34870899935,4977.94367533449
5845.34870899935,4982.51992589233
5840.77245844152,4982.51992589233
5836.19620788369,4987.09617645016
5831.61995732585,4991.67242700799
5831.61995732585,4996.24867756582
5827.04370676802,4996.24867756582
5827.04370676802,5000.82492812365
5822.46745621019,5000.82492812365
5817.89120565236,5005.40117868149
5813.31495509453,5009.97742923932
5808.73870453669,5014.55367979715
5799.58620342103,5019.12993035498
5795.0099528632,5023.70618091281
5790.43370230537,5028.28243147065
5785.85745174753,5032.85868202848
5781.2812011897,5032.85868202848
5781.2812011897,5037.43493258631
5776.70495063187,5037.43493258631
5772.12870007404,5042.01118314414
5767.55244951621,5042.01118314414
5767.55244951621,5046.58743370197
5758.39994840054,5051.16368425981
5753.82369784271,5055.73993481764
5749.24744728488,5055.73993481764
5744.67119672705,5060.31618537547
5740.09494616922,5064.8924359333
5735.51869561138,5064.8924359333
5730.94244505355,5064.8924359333
5726.36619449572,5069.46868649113
5721.78994393789,5069.46868649113
5721.78994393789,5074.04493704897
5698.90869114873,5087.77368872246
5671.45118780174,5101.50244039596
5657.72243612824,5110.65494151162
5639.41743389691,5119.80744262729
5625.68868222342,5128.95994374295
5621.11243166558,5133.53619430078
5611.95993054992,5138.11244485861
5607.38367999209,5142.68869541645
5602.80742943426,5147.26494597428
5598.23117887642,5151.84119653211
5593.65492831859,5156.41744708994
5589.07867776076,5156.41744708994
5584.50242720293,5160.99369764777
5579.9261766451,5170.14619876344
5575.34992608726,5174.72244932127
5570.77367552943,5179.2986998791
5543.31617218244,5229.63745601525
5520.43491939328,5266.24746047791
5515.85866883545,5270.82371103574
5511.28241827762,5279.9762121514
5506.70616771978,5284.55246270924
5506.70616771978,5289.12871326707
5502.12991716195,5293.7049638249
5502.12991716195,5298.28121438273
5502.12991716195,5302.85746494056
5497.55366660412,5307.4337154984
5492.97741604629,5312.00996605623
5492.97741604629,5316.58621661406
5492.97741604629,5321.16246717189
5492.97741604629,5325.73871772972
5488.40116548846,5330.31496828756
5488.40116548846,5334.89121884539
5483.82491493062,5339.46746940322
5483.82491493062,5344.04371996105
5479.24866437279,5353.19622107672
5474.67241381496,5357.77247163455
5474.67241381496,5362.34872219238
5470.09616325713,5366.92497275021
5470.09616325713,5371.50122330804
5465.5199126993,5371.50122330804
5465.5199126993,5376.07747386588
5460.94366214147,5376.07747386588
5460.94366214147,5380.65372442371
5456.36741158363,5385.22997498154
5451.7911610258,5389.80622553937
5451.7911610258,5394.3824760972
5447.21491046797,5398.95872665504
5447.21491046797,5403.53497721287
5442.63865991014,5408.1112277707
5438.06240935231,5412.68747832853
5438.06240935231,5417.26372888636
5433.48615879447,5421.8399794442
5428.90990823664,5426.41623000203
5428.90990823664,5430.99248055986
5424.33365767881,5435.56873111769
5419.75740712098,5440.14498167552
5415.18115656315,5449.29748279119
5410.60490600531,5453.87373334902
5406.02865544748,5458.44998390685
5401.45240488965,5463.02623446468
5392.29990377399,5467.60248502251
5387.72365321615,5472.17873558035
5383.14740265832,5476.75498613818
5378.57115210049,5476.75498613818
5373.99490154266,5481.33123669601
5373.99490154266,5485.90748725384
5369.41865098483,5490.48373781168
5364.84240042699,5490.48373781168
5364.84240042699,5495.05998836951
5360.26614986916,5499.63623892734
5355.68989931133,5504.21248948517
5351.1136487535,5508.788740043
5346.53739819567,5513.36499060083
5341.96114763783,5517.94124115867
5337.38489708,5522.5174917165
5332.80864652217,5527.09374227433
5328.23239596434,5536.24624338999
5319.07989484867,5540.82249394783
5314.50364429084,5545.39874450566
5309.92739373301,5549.97499506349
5305.35114317518,5559.12749617915
5300.77489261735,5563.70374673699
5296.19864205951,5568.27999729482
5287.04614094385,5572.85624785265
5277.89363982819,5582.00874896831
5268.74113871252,5591.16125008398
5264.16488815469,5595.73750064181
5255.01238703903,5600.31375119964
5250.43613648119,5609.46625231531
5218.40238257637,5636.9237556623
5168.06362644022,5682.68626124062
5140.60612309323,5710.14376458761
5131.45362197756,5719.29626570327
5122.3011208619,5733.02501737677
5113.14861974624,5737.6012679346
5108.5723691884,5746.75376905026
5103.99611863057,5755.90627016593
5094.84361751491,5765.05877128159
5090.26736695708,5769.63502183942
5085.69111639924,5778.78752295509
5076.53861528358,5783.36377351292
5071.96236472575,5792.51627462859
5067.38611416792,5797.09252518642
5062.80986361008,5801.66877574425
5058.23361305225,5810.82127685991
5058.23361305225,5815.39752741774
5053.65736249442,5819.97377797558
5049.08111193659,5824.55002853341
5049.08111193659,5829.12627909124
5044.50486137876,5833.70252964907
5039.92861082092,5842.85503076474
5039.92861082092,5847.43128132257
5035.35236026309,5856.58378243823
5030.77610970526,5861.16003299606
5012.47110747393,5902.34628801655
4994.1661052426,5948.10879359487
4989.58985468477,5957.26129471054
4985.01360412694,5966.4137958262
4980.43735356911,5975.56629694186
4980.43735356911,5984.71879805753
4975.86110301128,5989.29504861536
4975.86110301128,5993.87129917319
4971.28485245344,5998.44754973102
4971.28485245344,6003.02380028886
4966.70860189561,6007.60005084669
4966.70860189561,6012.17630140452
4962.13235133778,6016.75255196235
4962.13235133778,6021.32880252018
4957.55610077995,6025.90505307802
4957.55610077995,6030.48130363585
4952.97985022212,6035.05755419368
4952.97985022212,6039.63380475151
4948.40359966429,6048.78630586717
4948.40359966429,6053.36255642501
4943.82734910645,6057.93880698284
4934.67484799079,6076.24380921417
4925.52234687513,6089.97256088766
4920.94609631729,6094.54881144549
4920.94609631729,6099.12506200333
4916.36984575946,6103.70131256116
4911.79359520163,6108.27756311899
4911.79359520163,6112.85381367682
4907.2173446438,6117.43006423465
4902.64109408597,6122.00631479249
4902.64109408597,6126.58256535032
4898.06484352813,6131.15881590815
4893.4885929703,6135.73506646598
4888.91234241247,6135.73506646598
4888.91234241247,6140.31131702381
4884.33609185464,6140.31131702381
4884.33609185464,6144.88756758165
4875.18359073897,6149.46381813948
4870.60734018114,6149.46381813948
4866.03108962331,6154.04006869731
4861.45483906548,6158.61631925514
4856.87858850765,6158.61631925514
4847.72608739198,6163.19256981297
4843.14983683415,6167.76882037081
4833.99733571849,6167.76882037081
4829.42108516065,6172.34507092864
4824.84483460282,6172.34507092864
4820.26858404499,6176.92132148647
4815.69233348716,6176.92132148647
4811.11608292933,6176.92132148647
4806.53983237149,6181.4975720443
4801.96358181366,6181.4975720443
4801.96358181366,6186.07382260213
4797.38733125583,6186.07382260213
4765.35357735101,6195.2263237178
4733.31982344618,6208.95507539129
4728.74357288835,6208.95507539129
4719.59107177269,6213.53132594913
4715.01482121486,6213.53132594913
4710.43857065702,6213.53132594913
4705.86232009919,6218.10757650696
4687.55731786786,6227.26007762262
4673.82856619437,6236.41257873829
4669.25231563654,6236.41257873829
4664.6760650787,6240.98882929612
4660.09981452087,6240.98882929612
4655.52356396304,6240.98882929612
4650.94731340521,6245.56507985395
4646.37106284738,6245.56507985395
4641.79481228954,6250.14133041178
4632.64231117388,6250.14133041178
4628.06606061605,6254.71758096961
4623.48981005822,6254.71758096961
4618.91355950038,6259.29383152745
4614.33730894255,6259.29383152745
4609.76105838472,6259.29383152745
4605.18480782689,6259.29383152745
4600.60855726906,6263.87008208528
4596.03230671122,6263.87008208528
4591.45605615339,6263.87008208528
4591.45605615339,6268.44633264311
4586.87980559556,6268.44633264311
4582.30355503773,6273.02258320094
4577.7273044799,6273.02258320094
4568.57480336423,6277.59883375877
4563.9985528064,6277.59883375877
4559.42230224857,6282.1750843166
4550.2698011329,6282.1750843166
4545.69355057507,6286.75133487444
4541.11730001724,6286.75133487444
4536.54104945941,6291.32758543227
4531.96479890158,6291.32758543227
4527.38854834374,6295.9038359901
4513.65979667025,6300.48008654793
4504.50729555458,6305.05633710577
4504.50729555458,6305.05633710577
4504.05448868455,6306.3531787111
4504.244201342,6307.05448868455
4504.34813126234,6308
4503.8910226309,6309
4503,6310
4502,6311
4501,6312
4500,6312.94551131545
4499,6313.70130997345
4498,6314.29869002655
4497,6315
4496,6315.70130997345
4495,6316.244201342
4494,6316.755798658
4493,6317.29869002655
4492,6318.05448868455
4491,6319
4490,6320
4489,6321
4488,6322
4487,6322.94551131545
4486,6323.70130997345
4485,6324.244201342
4484,6324.6468212889
4483,6324.6468212889
4482,6324.3531787111
4481,6324.40766739565
4480,6325
4479,6325.6468212889
4478,6326
4477,6326.3531787111
4476,6326.94551131545
4475,6327.40261994689
4474,6327.5973800531
4473,6328.1089773691
4472,6329
4471,6329.8910226309
4470,6330.2936425778
4469,6330
4468,6329.7063574222
4467,6330.1089773691
4466,6330.94551131545
4465,6331.70130997345
4464,6332.244201342
4463,6332.755798658
4462.05448868455,6333.29869002655
4461.29869002655,6334.05448868455
4460.70130997345,6334.94551131545
4459.94551131545,6335.59233260435
4459,6335.59233260435
4458,6335.05448868455
4457,6334.7063574222
4456,6335
4455,6335.34813126234
4454,6335.244201342
4453,6335.1089773691
4452,6335.3531787111
4451,6336
4450,6336.70130997345
4449,6337.244201342
4448,6337.6468212889
4447,6337.59233260435
4446,6337.05448868455
4445,6336.65186873765
4444,6336.70130997345
4443,6336.6468212889
4442,6336.3531787111
4441,6336.3531787111
4440,6336.755798658
4439,6337.29869002655
4438,6338.05448868455
4437,6339
4436,6340
4435,6340.8910226309
4434,6341.2936425778
4433,6341
4432,6340.70635742221
4431,6341.1089773691
4430,6342
4429,6343
4428,6344
4427,6344.94551131545
4426,6345.70130997345
4425,6346.29869002655
4424,6347.05448868455
4423.05448868455,6348
4422.29869002655,6349
4421.70130997345,6350
4420.94551131545,6351
4420,6352
4419,6353
4418,6354
4417,6355
4416,6356
4415,6357
4414,6357.94551131545
4413,6358.59233260435
4412,6358.70130997345
4411,6358.54289136856
4410,6358.45710863144
4409,6358.18971265745
4408,6357.70130997345
4407,6356.94551131545
4406,6356
4405,6355.1089773691
4404,6354.65186873765
4403,6354.81028734255
4402,6355.244201342
4401,6355.755798658
4400,6356.29869002655
4399,6357.05448868455
4398,6358
4397,6359
4396,6360
4395,6361
4394,6361.8910226309
4393,6362.40261994689
4392,6362.59738005311
4391,6363
4390.05448868455,6363.34813126234
4389.3531787111,6363.244201342
4375.79617834395,6363.05732484076
4363.05732484076,6375.79617834395
4350.31847133758,6375.79617834395
4350.31847133758,6388.53503184713
4337.5796178344,6388.53503184713
4337.5796178344,6401.27388535032
4324.84076433121,6414.0127388535
4324.84076433121,6426.75159235669
4312.10191082803,6426.75159235669
4312.10191082803,6439.49044585987
4299.36305732484,6439.49044585987
4299.36305732484,6452.22929936306
4286.62420382166,6464.96815286624
4286.62420382166,6477.70700636943
4273.88535031847,6477.70700636943
4273.88535031847,6490.44585987261
4261.14649681529,6503.18471337579
4261.14649681529,6515.92356687898
4248.4076433121,6515.92356687898
4248.4076433121,6528.66242038216
4235.66878980892,6541.40127388535
4222.92993630573,6554.14012738853
4222.92993630573,6566.87898089172
4210.19108280255,6579.6178343949
4197.45222929936,6579.6178343949
4197.45222929936,6592.35668789809
4184.71337579618,6605.09554140127
4184.71337579618,6617.83439490446
4171.97452229299,6617.83439490446
4171.97452229299,6630.57324840764
4159.23566878981,6630.57324840764
4159.23566878981,6643.31210191083
4146.49681528662,6643.31210191083
4146.49681528662,6656.05095541401
4133.75796178344,6656.05095541401
4133.75796178344,6668.7898089172
4121.01910828025,6681.52866242038
4121.01910828025,6694.26751592357
4108.28025477707,6707.00636942675
4108.28025477707,6719.74522292994
4095.54140127389,6732.48407643312
4095.54140127389,6745.2229299363
4082.8025477707,6757.96178343949
4082.8025477707,6770.70063694267
4082.8025477707,6783.43949044586
4070.06369426752,6783.43949044586
4070.06369426752,6796.17834394904
4057.32484076433,6808.91719745223
4057.32484076433,6821.65605095541
4057.32484076433,6834.3949044586
4044.58598726115,6834.3949044586
4044.58598726115,6847.13375796178
4031.84713375796,6859.87261146497
4031.84713375796,6872.61146496815
4019.10828025478,6872.61146496815
4019.10828025478,6885.35031847134
4019.10828025478,6898.08917197452
4006.36942675159,6898.08917197452
3993.63057324841,6910.82802547771
3980.89171974522,6923.56687898089
3968.15286624204,6936.30573248408
3955.41401273885,6936.30573248408
3955.41401273885,6949.04458598726
3942.67515923567,6949.04458598726
3929.93630573248,6949.04458598726
3929.93630573248,6961.78343949044
3917.1974522293,6961.78343949044
3904.45859872611,6961.78343949044
3891.71974522293,6961.78343949044
3878.98089171974,6961.78343949044
3866.24203821656,6961.78343949044
3866.24203821656,6949.04458598726
3853.50318471338,6949.04458598726
3840.76433121019,6949.04458598726
3828.02547770701,6949.04458598726
3815.28662420382,6936.30573248408
3802.54777070064,6936.30573248408
3789.80891719745,6936.30573248408
3777.07006369427,6936.30573248408
3764.33121019108,6936.30573248408
3751.5923566879,6936.30573248408
3738.85350318471,6923.56687898089
3726.11464968153,6910.82802547771
3713.37579617834,6898.08917197452
3700.63694267516,6885.35031847134
3687.89808917198,6872.61146496815
3687.89808917198,6859.87261146497
3675.15923566879,6859.87261146497
3675.15923566879,6847.13375796178
3675.15923566879,6834.3949044586
3662.42038216561,6834.3949044586
3662.42038216561,6821.65605095541
3662.42038216561,6808.91719745223
3662.42038216561,6796.17834394904
3662.42038216561,6783.43949044586
3662.42038216561,6770.70063694267
3662.42038216561,6757.96178343949
3662.42038216561,6745.2229299363
3662.42038216561,6732.48407643312
3662.42038216561,6719.74522292994
3662.42038216561,6707.00636942675
3662.42038216561,6694.26751592357
3662.42038216561,6681.52866242038
3662.42038216561,6668.7898089172
3662.42038216561,6656.05095541401
3662.42038216561,6643.31210191083
3662.42038216561,6630.57324840764
3662.42038216561,6617.83439490446
3662.42038216561,6605.09554140127
3649.68152866242,6592.35668789809
3649.68152866242,6579.6178343949
3649.68152866242,6566.87898089172
3636.94267515924,6566.87898089172
3636.94267515924,6554.14012738853
3636.94267515924,6541.40127388535
3624.20382165605,6541.40127388535
3624.20382165605,6528.66242038216
3624.20382165605,6515.92356687898
3611.46496815287,6515.92356687898
3611.46496815287,6503.18471337579
3611.46496815287,6490.44585987261
3598.72611464968,6490.44585987261
3598.72611464968,6477.70700636943
3585.9872611465,6464.96815286624
3585.9872611465,6452.22929936306
3573.24840764331,6439.49044585987
3573.24840764331,6426.75159235669
3560.50955414013,6426.75159235669
3560.50955414013,6414.0127388535
3560.50955414013,6401.27388535032
3547.77070063694,6401.27388535032
3547.77070063694,6388.53503184713
3547.77070063694,6375.79617834395
3535.03184713376,6375.79617834395
3535.03184713376,6363.05732484076
3535.03184713376,6350.31847133758
3522.29299363057,6350.31847133758
3522.29299363057,6337.57961783439
3522.29299363057,6324.84076433121
3509.55414012739,6324.84076433121
3509.55414012739,6312.10191082802
3509.55414012739,6299.36305732484
3496.8152866242,6299.36305732484
3496.8152866242,6286.62420382166
3496.8152866242,6273.88535031847
3484.07643312102,6261.14649681528
3484.07643312102,6248.4076433121
3471.33757961783,6235.66878980892
3471.33757961783,6222.92993630573
3458.59872611465,6210.19108280255
3458.59872611465,6197.45222929936
3458.59872611465,6184.71337579618
3445.85987261146,6184.71337579618
3433.12101910828,6171.97452229299
3433.12101910828,6159.23566878981
3433.12101910828,6146.49681528662
3420.38216560509,6146.49681528662
3420.38216560509,6133.75796178344
3407.64331210191,6108.28025477707
3407.64331210191,6095.54140127388
3407.64331210191,6082.8025477707
3394.90445859872,6070.06369426751
3394.90445859872,6057.32484076433
3382.16560509554,6057.32484076433
3382.16560509554,6044.58598726115
3382.16560509554,6031.84713375796
3369.42675159236,6031.84713375796
3369.42675159236,6019.10828025478
3369.42675159236,6006.36942675159
3356.68789808917,6006.36942675159
3356.68789808917,5993.63057324841
3356.68789808917,5980.89171974522
3343.94904458599,5968.15286624204
3331.2101910828,5955.41401273885
3318.47133757962,5942.67515923567
3318.47133757962,5929.93630573248
3305.73248407643,5917.1974522293
3292.99363057325,5904.45859872611
3292.99363057325,5891.71974522293
3292.99363057325,5878.98089171974
3280.25477707006,5878.98089171974
3280.25477707006,5866.24203821656
3267.51592356688,5840.76433121019
3267.51592356688,5828.025477707
3267.51592356688,5815.28662420382
3267.51592356688,5802.54777070064
3267.51592356688,5789.80891719745
3267.51592356688,5777.07006369426
3267.51592356688,5764.33121019108
3267.51592356688,5751.5923566879
3267.51592356688,5738.85350318471
3267.51592356688,5726.11464968153
3267.51592356688,5713.37579617834
3267.51592356688,5700.63694267516
3267.51592356688,5687.89808917197
3267.51592356688,5675.15923566879
3254.77707006369,5662.4203821656
3254.77707006369,5649.68152866242
3254.77707006369,5636.94267515923
3254.77707006369,5624.20382165605
3254.77707006369,5611.46496815287
3254.77707006369,5598.72611464968
3254.77707006369,5585.9872611465
3254.77707006369,5573.24840764331
3254.77707006369,5560.50955414013
3254.77707006369,5547.77070063694
3254.77707006369,5535.03184713376
3254.77707006369,5522.29299363057
3254.77707006369,5509.55414012739
3254.77707006369,5496.8152866242
3254.77707006369,5484.07643312102
3254.77707006369,5471.33757961783
3254.77707006369,5458.59872611465
3254.77707006369,5445.85987261146
3254.77707006369,5433.12101910828
3254.77707006369,5420.38216560509
3254.77707006369,5407.64331210191
3254.77707006369,5394.90445859872
3254.77707006369,5382.16560509554
3267.51592356688,5369.42675159235
3267.51592356688,5356.68789808917
3267.51592356688,5343.94904458599
3280.25477707006,5331.2101910828
3280.25477707006,5318.47133757962
3280.25477707006,5305.73248407643
3292.99363057325,5292.99363057325
3292.99363057325,5280.25477707006
3305.73248407643,5267.51592356688
3305.73248407643,5254.77707006369
3318.47133757962,5242.03821656051
3318.47133757962,5229.29936305732
3331.2101910828,5216.56050955414
3331.2101910828,5203.82165605095
3331.2101910828,5203.82165605095
3332.29869002655,5202.6468212889
3332.755798658,5202
3333.29869002655,5201.29869002655
3334.05448868455,5200.70130997345
3335,5199.94551131545
3335.94551131545,5199
3336.6468212889,5198
3337,5197
3337.29869002655,5196
3337.755798658,5195
3338.244201342,5194
3338.755798658,5193
3339.29869002655,5192.05448868455
3340.05448868455,5191.29869002655
3341,5190.70130997345
3342,5189.94551131545
3342.94551131545,5189
3343.70130997345,5188
3344.29869002655,5187
3345.05448868455,5186
3345.94551131545,5185
3346.70130997345,5184
3347.244201342,5183
3347.755798658,5182
3348.18971265745,5181
3348.40261994689,5180
3348.244201342,5179
3348.1089773691,5178
3348.3531787111,5177
3349.05448868455,5176
3350,5175
3351,5174
3352,5173
3353,5172
3354,5171
3355,5170.05448868455
3356,5169.29869002655
3356.94551131545,5168.70130997345
3357.70130997345,5167.94551131545
3358.29869002655,5167
3359.05448868455,5166
3360,5165
3360.94551131545,5164
3361.70130997345,5163
3362.29869002655,5162
3363,5161
3363.6468212889,5160
3364,5159
3364.3531787111,5158.05448868455
3365.05448868455,5157.29869002655
3366,5156.70130997345
3367,5155.94551131545
3367.94551131545,5155
3368.70130997345,5154
3369.29869002655,5153
3370.05448868455,5152.05448868455
3371,5151.29869002655
3372,5150.70130997345
3373,5149.94551131545
3374,5149
3375,5148.05448868455
3376,5147.29869002655
3377,5146.70130997345
3378,5145.94551131545
3378.94551131545,5145
3379.70130997345,5144
3380.244201342,5143
3380.755798658,5142
3381.244201342,5141
3381.755798658,5140
3382.29869002655,5139
3383.05448868455,5138
3384,5137
3385,5136
3385.94551131545,5135
3386.59233260435,5134
3386.6468212889,5133
3386.244201342,5132
3385.755798658,5131
3385.3531787111,5130
3385.40766739565,5129
3386.05448868455,5128
3387,5127
3387.8910226309,5126
3388.40261994689,5125
3388.59738005311,5124
3389.1089773691,5123
3390,5122
3391,5121
3391.94551131545,5120
3392.70130997345,5119
3393.29869002655,5118
3394.05448868455,5117
3394.94551131545,5116
3395.6468212889,5115
3396,5114
3396.3531787111,5113
3397.05448868455,5112
3398,5111
3399,5110
3400,5109.05448868455
3401,5108.29869002655
3402,5107.70130997345
3403,5106.94551131545
3404,5106
3405,5105
3406,5104
3406.8910226309,5103
3407.40261994689,5102
3407.54289136856,5101
3407.70130997345,5100
3407.59233260435,5099
3407.05448868455,5098
3406.65186873766,5097
3406.81028734255,5096
3407.18971265745,5095
3407.34813126234,5094
3407,5093
3406.65186873766,5092
3406.755798658,5091
3406.94551131545,5090
3407,5089
3407.05448868455,5088
3407.3531787111,5087
3408.05448868455,5086
3409,5085
3410,5084
3410.94551131545,5083
3411.70130997345,5082
3412.29869002655,5081
3413.05448868455,5080
3414,5079.05448868455
3415,5078.29869002655
3415.94551131545,5077.70130997345
3416.6468212889,5076.94551131545
3416.94551131545,5076
3417,5075
3417,5074
3417.05448868455,5073
3417.29869002655,5072
3417.755798658,5071
3418.244201342,5070
3418.755798658,5069
3419.29869002655,5068
3420.05448868455,5067
3420.94551131545,5066
3421.70130997345,5065
3422.29869002655,5064
3423.05448868455,5063
3424,5062.05448868455
3425,5061.29869002655
3426,5060.70130997345
3426.94551131545,5059.94551131545
3427.70130997345,5059
3428.29869002655,5058
3429,5057
3429.6468212889,5056
3429.94551131545,5055
3430.05448868455,5054
3430.3531787111,5053
3430.94551131545,5052
3431.40261994689,5051
3431.48840268401,5050
3431.40261994689,5049
3431,5048
3430.65186873766,5047
3430.81028734255,5046
3431.29869002655,5045
3432.05448868455,5044
3433,5043
3434,5042
3435,5041
3436,5040
3437,5039.05448868455
3438,5038.29869002655
3438.94551131545,5037.70130997345
3439.70130997345,5036.94551131545
3440.29869002655,5036
3441,5035
3441.70130997345,5034
3442.29869002655,5033
3443.05448868455,5032
3444,5031
3445,5030
3445.94551131545,5029
3446.70130997345,5028
3447.29869002655,5027
3448,5026
3448.70130997345,5025.05448868455
3449.29869002655,5024.29869002655
3450.05448868455,5023.70130997345
3451,5022.94551131545
3452,5022
3453,5021
3454,5020.05448868455
3455,5019.29869002655
3456,5018.70130997345
3456.8910226309,5017.94551131545
3457.40261994689,5017
3457.59738005311,5016
3458.05448868455,5015
3458.59233260435,5014
3458.6468212889,5013
3458.3531787111,5012
3458.40766739565,5011
3459.05448868455,5010
3460,5009
3461,5008
3462,5007
3463,5006
3464,5005
3465,5004
3465.94551131545,5003
3466.6468212889,5002
3466.94551131545,5001
3467.05448868455,5000
3467.3531787111,4999
3468.05448868455,4998
3469,4997
3469.8910226309,4996
3470.40261994689,4995
3470.48840268401,4994
3470.40261994689,4993
3469.8910226309,4992
3469.1089773691,4991
3468.70635742221,4990
3469.1089773691,4989
3469.94551131545,4988
3470.59233260435,4987
3470.6468212889,4986
3470.244201342,4985
3469.755798658,4984
3469.244201342,4983
3468.81028734255,4982
3468.65186873766,4981
3469.1089773691,4980
3469.8910226309,4979
3470.40261994689,4978
3470.48840268401,4977
3470.51159731599,4976.05448868455
3470.54289136856,4975.3531787111
3470.755798658,4975.05448868455
3471.33757961783,4961.78343949044
3471.33757961783,4949.04458598726
3471.33757961783,4936.30573248407
3484.07643312102,4923.56687898089
3484.07643312102,4910.82802547771
3484.07643312102,4898.08917197452
3484.07643312102,4885.35031847134
3496.8152866242,4885.35031847134
3496.8152866242,4872.61146496815
3496.8152866242,4859.87261146497
3509.55414012739,4847.13375796178
3509.55414012739,4834.3949044586
3509.55414012739,4821.65605095541
3522.29299363057,4808.91719745223
3522.29299363057,4796.17834394904
3522.29299363057,4783.43949044586
3522.29299363057,4770.70063694267
3535.03184713376,4770.70063694267
3535.03184713376,4757.96178343949
3535.03184713376,4745.2229299363
3535.03184713376,4732.48407643312
3535.03184713376,4719.74522292993
3535.03184713376,4707.00636942675
3547.77070063694,4707.00636942675
3547.77070063694,4694.26751592357
3547.77070063694,4681.52866242038
3560.50955414013,4668.7898089172
3560.50955414013,4656.05095541401
3560.50955414013,4643.31210191083
3560.50955414013,4630.57324840764
3573.24840764331,4617.83439490446
3573.24840764331,4605.09554140127
3573.24840764331,4592.35668789809
3585.9872611465,4592.35668789809
3585.9872611465,4579.6178343949
3585.9872611465,4566.87898089172
3585.9872611465,4554.14012738853
3598.72611464968,4541.40127388535
3598.72611464968,4528.66242038216
3611.46496815287,4515.92356687898
3611.46496815287,4503.18471337579
3611.46496815287,4490.44585987261
3611.46496815287,4477.70700636943
3624.20382165605,4477.70700636943
3624.20382165605,4464.96815286624
3624.20382165605,4452.22929936306
3624.20382165605,4439.49044585987
3636.94267515924,4426.75159235669
3636.94267515924,4414.0127388535
3636.94267515924,4401.27388535032
3636.94267515924,4388.53503184713
3649.68152866242,4375.79617834395
3649.68152866242,4363.05732484076
3649.68152866242,4350.31847133758
3649.68152866242,4337.57961783439
3649.68152866242,4324.84076433121
3649.68152866242,4312.10191082802
3662.42038216561,4299.36305732484
3662.42038216561,4273.88535031847
3662.42038216561,4235.66878980892
3662.42038216561,4210.19108280255
3662.42038216561,4171.97452229299
3662.42038216561,4159.23566878981
3662.42038216561,4146.49681528662
3675.15923566879,4133.75796178344
3675.15923566879,4121.01910828025
3675.15923566879,4108.28025477707
3675.15923566879,4095.54140127388
3687.89808917198,4095.54140127388
3687.89808917198,4082.8025477707
3687.89808917198,4070.06369426751
3687.89808917198,4057.32484076433
3687.89808917198,4044.58598726114
3687.89808917198,4031.84713375796
3687.89808917198,4019.10828025477
3687.89808917198,4006.36942675159
3687.89808917198,3993.63057324841
3687.89808917198,3968.15286624204
3687.89808917198,3955.41401273885
3687.89808917198,3942.67515923567
3687.89808917198,3929.93630573248
3687.89808917198,3917.1974522293
3687.89808917198,3904.45859872611
3687.89808917198,3891.71974522293
3687.89808917198,3878.98089171974
3687.89808917198,3866.24203821656
3687.89808917198,3853.50318471337
3687.89808917198,3840.76433121019
3687.89808917198,3828.025477707
3687.89808917198,3815.28662420382
3687.89808917198,3802.54777070063
3687.89808917198,3789.80891719745
3687.89808917198,3789.80891719745
3687.05448868455,3788.6468212889
3687.3531787111,3787.94551131545
3687.94551131545,3787
3688.29364257779,3786
3687.8910226309,3785
3687.05448868455,3784
3686.29869002655,3783
3685.81028734255,3782
3685.65186873766,3781
3686.05448868455,3780
3686.70130997345,3779
3687.18971265745,3778
3687.34813126234,3777
3686.94551131545,3776
3686.29869002655,3775
3685.755798658,3774
3685.244201342,3773
3684.70130997345,3772
3684,3771
3683.29869002655,3770
3682.81028734255,3769
3682.65186873766,3768
3683,3767
3683.40261994689,3766
3683.59738005311,3765
3684.05448868455,3764
3684.59233260435,3763
3684.59233260435,3762
3684.05448868455,3761
3683.59738005311,3760
3683.51159731599,3759
3683.54289136856,3758
3683.81028734255,3757
3684.244201342,3756
3684.6468212889,3755
3684.59233260435,3754
3684,3753
3683.40766739565,3752
3683.29869002655,3751
3683.45710863144,3750
3683.54289136856,3749
3683.81028734255,3748
3684.18971265745,3747
3684.34813126234,3746
3683.94551131545,3745
3683.3531787111,3744
3683.05448868455,3743
3683,3742
3683,3741
3682.94551131545,3740
3682.70130997345,3739
3682.244201342,3738
3681.70130997345,3737
3680.94551131545,3736
3680.1089773691,3735
3679.59738005311,3734
3679.40261994689,3733
3679,3732
3678.7063574222,3731
3679.05448868455,3730
3679.70130997345,3729
3680.18971265745,3728
3680.34813126234,3727
3679.8910226309,3726
3679.05448868455,3725
3678.3531787111,3724
3678.1089773691,3723
3678.3531787111,3722
3679,3721
3679.70130997345,3720
3680.29869002655,3719
3681.05448868455,3718
3681.94551131545,3717
3682.70130997345,3716
3683.29869002655,3715
3683.94551131545,3714
3684.34813126234,3713
3684.29869002655,3712
3684.40766739565,3711
3685.05448868455,3710
3685.94551131545,3709
3686.70130997345,3708
3687.29869002655,3707
3688.05448868455,3706
3688.94551131545,3705
3689.70130997345,3704
3690.18971265745,3703
3690.34813126234,3702
3690,3701
3689.59738005311,3700
3689.40261994689,3699
3688.8910226309,3698
3688,3697
3687.05448868455,3696
3686.29869002655,3695
3685.70130997345,3694
3685.05448868455,3693
3684.59738005311,3692
3684.51159731599,3691
3684.48840268401,3690
3684.45710863144,3689
3684.18971265745,3688
3683.755798658,3687
3683.244201342,3686
3682.70130997345,3685
3681.94551131545,3684
3681.05448868455,3683
3680.40766739565,3682
3680.29869002655,3681
3680.45710863144,3680
3680.54289136856,3679
3680.81028734255,3678
3681.29869002655,3677
3682.05448868455,3676
3682.94551131545,3675
3683.59233260435,3674
3683.70130997345,3673
3683.54289136856,3672
3683.40261994689,3671
3682.8910226309,3670
3682.05448868455,3669
3681.29869002655,3668
3680.81028734255,3667
3680.65186873766,3666
3681.1089773691,3665
3682,3664
3683,3663
3684,3662
3685,3661.05448868455
3686,3660.29869002655
3686.94551131545,3659.70130997345
3687.59233260435,3658.94551131545
3687.70130997345,3658
3687.59738005311,3657
3687.755798658,3656
3688,3655
3688.3531787111,3654
3688.94551131545,3653
3689.34813126234,3652
3689.18971265745,3651
3688.755798658,3650
3688.3531787111,3649
3688.3531787111,3648
3688.6468212889,3647
3688.6468212889,3646
3688.29869002655,3645
3688,3644
3687.755798658,3643
3687.59738005311,3642
3687.81028734255,3641
3688.18971265745,3640
3688.34813126234,3639
3687.8910226309,3638
3687,3637
3686.1089773691,3636
3685.7063574222,3635
3686.1089773691,3634
3686.94551131545,3633
3687.59233260435,3632
3687.6468212889,3631
3687.3531787111,3630
3687.40766739565,3629
3687.94551131545,3628
3688.34813126234,3627
3688.244201342,3626
3688.05448868455,3625.05448868455
3688,3624.3531787111
3687.89808917198,3611.46496815286
3687.89808917198,3573.24840764331
3687.89808917198,3560.50955414013
3687.89808917198,3547.77070063694
3687.89808917198,3535.03184713376
3687.89808917198,3522.29299363057
3687.89808917198,3509.55414012739
3687.89808917198,3496.8152866242
3687.89808917198,3484.07643312102
3687.89808917198,3471.33757961783
3687.89808917198,3458.59872611465
3687.89808917198,3433.12101910828
3687.89808917198,3420.38216560509
3687.89808917198,3407.64331210191
3687.89808917198,3394.90445859872
3687.89808917198,3382.16560509554
3687.89808917198,3356.68789808917
3687.89808917198,3343.94904458599
3687.89808917198,3331.2101910828
3687.89808917198,3318.47133757962
3687.89808917198,3305.73248407643
3687.89808917198,3280.25477707006
3687.89808917198,3267.51592356688
3687.89808917198,3254.77707006369
3687.89808917198,3242.03821656051
3687.89808917198,3229.29936305732
3687.89808917198,3216.56050955414
3687.89808917198,3203.82165605095
3687.89808917198,3191.08280254777
3687.89808917198,3178.34394904458
3687.89808917198,3165.6050955414
3687.89808917198,3152.86624203822
3687.89808917198,3127.38853503185
3687.89808917198,3114.64968152866
3687.89808917198,3101.91082802548
3687.89808917198,3089.17197452229
3687.89808917198,3076.43312101911
3687.89808917198,3050.95541401274
3675.15923566879,3012.73885350318
3649.68152866242,2936.30573248407
3649.68152866242,2923.56687898089
3636.94267515924,2910.82802547771
3636.94267515924,2898.08917197452
3636.94267515924,2885.35031847134
3624.20382165605,2872.61146496815
3624.20382165605,2859.87261146497
3624.20382165605,2847.13375796178
3624.20382165605,2834.3949044586
3624.20382165605,2821.65605095541
3624.20382165605,2808.91719745223
3624.20382165605,2796.17834394904
3611.46496815287,2796.17834394904
3611.46496815287,2783.43949044586
3611.46496815287,2770.70063694267
3611.46496815287,2757.96178343949
3611.46496815287,2745.2229299363
3611.46496815287,2732.48407643312
3598.72611464968,2732.48407643312
3598.72611464968,2719.74522292993
3598.72611464968,2707.00636942675
3598.72611464968,2694.26751592356
3598.72611464968,2681.52866242038
3598.72611464968,2668.7898089172
3598.72611464968,2656.05095541401
3585.9872611465,2643.31210191083
3585.9872611465,2630.57324840764
3585.9872611465,2617.83439490446
3573.24840764331,2605.09554140127
3573.24840764331,2592.35668789809
3560.50955414013,2592.35668789809
3560.50955414013,2579.6178343949
3547.77070063694,2566.87898089172
3535.03184713376,2554.14012738853
3522.29299363057,2541.40127388535
3509.55414012739,2541.40127388535
3509.55414012739,2528.66242038216
3496.8152866242,2528.66242038216
3496.8152866242,2515.92356687898
3484.07643312102,2515.92356687898
3471.33757961783,2503.18471337579
3458.59872611465,2503.18471337579
3458.59872611465,2490.44585987261
3445.85987261146,2490.44585987261
3433.12101910828,2490.44585987261
3433.12101910828,2477.70700636942
3420.38216560509,2477.70700636942
3407.64331210191,2477.70700636942
3407.64331210191,2477.70700636942
3382.16560509554,2477.70700636942
3369.42675159236,2464.96815286624
3343.94904458599,2439.49044585987
3331.2101910828,2439.49044585987
3318.47133757962,2426.75159235669
3318.47133757962,2414.0127388535
3305.73248407643,2414.0127388535
3292.99363057325,2401.27388535032
3280.25477707006,2388.53503184713
3267.51592356688,2388.53503184713
3254.77707006369,2375.79617834395
3242.03821656051,2375.79617834395
3229.29936305732,2363.05732484076
3229.29936305732,2350.31847133758
3216.56050955414,2350.31847133758
3216.56050955414,2337.57961783439
3203.82165605096,2337.57961783439
3203.82165605096,2324.84076433121
3191.08280254777,2324.84076433121
3191.08280254777,2312.10191082802
3178.34394904459,2299.36305732484
3178.34394904459,2286.62420382165
3165.6050955414,2286.62420382165
3165.6050955414,2273.88535031847
3165.6050955414,2261.14649681528
3152.86624203822,2248.4076433121
3152.86624203822,2235.66878980891
3140.12738853503,2235.66878980891
3140.12738853503,2222.92993630573
3140.12738853503,2210.19108280255
3140.12738853503,2197.45222929936
3127.38853503185,2197.45222929936
3127.38853503185,2184.71337579618
3127.38853503185,2171.97452229299
3127.38853503185,2159.23566878981
3127.38853503185,2146.49681528662
3127.38853503185,2133.75796178344
3114.64968152866,2133.75796178344
3114.64968152866,2121.01910828025
3114.64968152866,2108.28025477707
3114.64968152866,2095.54140127388
3114.64968152866,2082.8025477707
3114.64968152866,2070.06369426751
3114.64968152866,2057.32484076433
3114.64968152866,2044.58598726114
3114.64968152866,2031.84713375796
3114.64968152866,2019.10828025478
3114.64968152866,2006.36942675159
3114.64968152866,1993.63057324841
3101.91082802548,1993.63057324841
3101.91082802548,1980.89171974522
3101.91082802548,1968.15286624204
3101.91082802548,1955.41401273885
3101.91082802548,1942.67515923567
3101.91082802548,1929.93630573248
3101.91082802548,1917.1974522293
3101.91082802548,1904.45859872611
3101.91082802548,1891.71974522293
3101.91082802548,1878.98089171974
3101.91082802548,1866.24203821656
3101.91082802548,1853.50318471337
3101.91082802548,1840.76433121019
3101.91082802548,1828.025477707
3114.64968152866,1828.025477707
3114.64968152866,1815.28662420382
3114.64968152866,1802.54777070064
3114.64968152866,1789.80891719745
3114.64968152866,1777.07006369427
3127.38853503185,1777.07006369427
3127.38853503185,1764.33121019108
3127.38853503185,1751.5923566879
3127.38853503185,1738.85350318471
3140.12738853503,1726.11464968153
3140.12738853503,1713.37579617834
3152.86624203822,1700.63694267516
3152.86624203822,1687.89808917197
3165.6050955414,1687.89808917197
3165.6050955414,1675.15923566879
3178.34394904459,1662.4203821656
3191.08280254777,1649.68152866242
3191.08280254777,1636.94267515923
3203.82165605096,1624.20382165605
3203.82165605096,1611.46496815286
3216.56050955414,1598.72611464968
3229.29936305732,1585.98726114649
3229.29936305732,1573.24840764331
3242.03821656051,1573.24840764331
3254.77707006369,1573.24840764331
3254.77707006369,1560.50955414012
3267.51592356688,1560.50955414012
3267.51592356688,1547.77070063694
3280.25477707006,1547.77070063694
3280.25477707006,1535.03184713376
3292.99363057325,1522.29299363057
3305.73248407643,1522.29299363057
3318.47133757962,1509.55414012739
3331.2101910828,1509.55414012739
3343.94904458599,1496.8152866242
3343.94904458599,1484.07643312102
3356.68789808917,1484.07643312102
3369.42675159236,1484.07643312102
3382.16560509554,1471.33757961783
3394.90445859872,1471.33757961783
3394.90445859872,1458.59872611465
3407.64331210191,1458.59872611465
3420.38216560509,1445.85987261146
3433.12101910828,1445.85987261146
3445.85987261146,1433.12101910828
3458.59872611465,1433.12101910828
3458.59872611465,1420.38216560509
3471.33757961783,1420.38216560509
3484.07643312102,1420.38216560509
3496.8152866242,1420.38216560509
3496.8152866242,1407.64331210191
3509.55414012739,1407.64331210191
3522.29299363057,1394.90445859872
3535.03184713376,1394.90445859872
3547.77070063694,1394.90445859872
3560.50955414013,1382.16560509554
3573.24840764331,1382.16560509554
3585.9872611465,1369.42675159235
3598.72611464968,1369.42675159235
3611.46496815287,1369.42675159235
3611.46496815287,1356.68789808917
3624.20382165605,1356.68789808917
3636.94267515924,1356.68789808917
3649.68152866242,1343.94904458598
3662.42038216561,1343.94904458598
3675.15923566879,1331.2101910828
3675.15923566879,1331.2101910828
3676.3531787111,1329.6468212889
3677.05448868455,1328.94551131545
3678,1328.1089773691
3679,1327.59738005311
3680,1327.40261994689
3681,1327
3682,1326.59738005311
3683,1326.40261994689
3684,1326
3685,1325.59738005311
3686,1325.51159731599
3687,1325.54289136856
3688,1325.755798658
3689,1326
3690,1326.244201342
3691,1326.45710863144
3692,1326.48840268401
3693,1326.51159731599
3694,1326.48840268401
3695,1326.45710863144
3696,1326.18971265745
3697,1325.755798658
3698,1325.3531787111
3699,1325.3531787111
3700,1325.6468212889
3701,1325.70130997345
3702,1325.54289136856
3703,1325.45710863144
3704,1325.18971265745
3705,1324.81028734255
3706,1324.54289136856
3707,1324.51159731599
3708,1324.59738005311
3709,1325.05448868455
3710,1325.59233260435
3711,1325.59233260435
3712,1325.05448868455
3713,1324.59738005311
3714,1324.40261994689
3715,1324
3716,1323.7063574222
3717,1324.1089773691
3718,1325
3719,1326
3720,1326.8910226309
3721,1327.29364257779
3722,1327
3723,1326.59738005311
3724,1326.51159731599
3725,1326.48840268401
3726,1326.40261994689
3727,1326
3728,1325.65186873766
3729,1325.70130997345
3730,1325.6468212889
3731,1325.29869002655
3732,1325
3733,1324.755798658
3734,1324.59738005311
3735,1324.70130997345
3736,1324.6468212889
3737,1324.244201342
3738,1323.81028734255
3739,1323.54289136856
3740,1323.40261994689
3741,1322.8910226309
3742,1322.05448868455
3743,1321.3531787111
3744,1321.1089773691
3745,1321.3531787111
3746,1321.94551131545
3747,1322.34813126234
3748,1322.29869002655
3749,1322.40766739565
3749.94551131545,1323.05448868455
3750.6468212889,1323.94551131545
3750.94551131545,1324.6468212889
3757.92607629135,1325.00920122647
3765.34874694953,1321.29786589738
3769.06008227862,1321.29786589738
3772.77141760771,1321.29786589738
3776.4827529368,1321.29786589738
3780.19408826589,1321.29786589738
3783.90542359499,1321.29786589738
3791.32809425317,1321.29786589738
3795.03942958226,1321.29786589738
3798.75076491135,1321.29786589738
3802.46210024044,1321.29786589738
3806.17343556953,1321.29786589738
3809.88477089862,1321.29786589738
3813.59610622771,1321.29786589738
3817.3074415568,1321.29786589738
3821.01877688589,1321.29786589738
3824.73011221498,1321.29786589738
3824.73011221498,1325.00920122647
3828.44144754407,1325.00920122647
3835.86411820225,1325.00920122647
3839.57545353134,1325.00920122647
3843.28678886043,1325.00920122647
3846.99812418952,1325.00920122647
3850.70945951861,1328.72053655556
3854.4207948477,1328.72053655556
3858.13213017679,1328.72053655556
3861.84346550588,1328.72053655556
3865.55480083497,1332.43187188465
3869.26613616406,1332.43187188465
3872.97747149315,1332.43187188465
3876.68880682225,1332.43187188465
3880.40014215134,1332.43187188465
3884.11147748043,1332.43187188465
3887.82281280952,1332.43187188465
3891.53414813861,1332.43187188465
3891.53414813861,1336.14320721374
3895.2454834677,1336.14320721374
3898.95681879679,1336.14320721374
3902.66815412588,1336.14320721374
3906.37948945497,1339.85454254283
3910.09082478406,1343.56587787192
3917.51349544224,1343.56587787192
3921.22483077133,1347.27721320101
3924.93616610042,1347.27721320101
3924.93616610042,1350.9885485301
3928.64750142951,1350.9885485301
3932.3588367586,1350.9885485301
3932.3588367586,1354.69988385919
3936.07017208769,1354.69988385919
3939.78150741678,1354.69988385919
3939.78150741678,1358.41121918828
3943.49284274587,1358.41121918828
3947.20417807496,1362.12255451737
3950.91551340405,1362.12255451737
3950.91551340405,1365.83388984646
3954.62684873314,1365.83388984646
3958.33818406223,1369.54522517555
3962.04951939132,1369.54522517555
3962.04951939132,1373.25656050464
3965.76085472041,1373.25656050464
3965.76085472041,1376.96789583373
3969.47219004951,1376.96789583373
3973.18352537859,1380.67923116282
3973.18352537859,1384.39056649191
3976.89486070769,1384.39056649191
3976.89486070769,1388.101901821
3980.60619603678,1391.81323715009
3984.31753136587,1395.52457247918
3988.02886669496,1399.23590780827
3991.74020202405,1402.94724313737
3991.74020202405,1406.65857846646
3995.45153735314,1406.65857846646
3995.45153735314,1410.36991379555
3999.16287268223,1414.08124912464
3999.16287268223,1417.79258445373
4002.87420801132,1421.50391978282
4006.58554334041,1425.21525511191
4006.58554334041,1428.926590441
4006.58554334041,1432.63792577009
4010.2968786695,1436.34926109918
4010.2968786695,1440.06059642827
4014.00821399859,1443.77193175736
4014.00821399859,1447.48326708645
4017.71954932768,1447.48326708645
4017.71954932768,1451.19460241554
4017.71954932768,1454.90593774463
4021.43088465677,1454.90593774463
4021.43088465677,1458.61727307372
4025.14221998586,1462.32860840281
4025.14221998586,1466.0399437319
4025.14221998586,1469.75127906099
4028.85355531495,1473.46261439008
4028.85355531495,1477.17394971917
4032.56489064404,1480.88528504826
4032.56489064404,1484.59662037735
4032.56489064404,1488.30795570644
4036.27622597313,1492.01929103553
4036.27622597313,1495.73062636463
4036.27622597313,1499.44196169372
4039.98756130222,1503.15329702281
4039.98756130222,1506.8646323519
4039.98756130222,1510.57596768099
4043.69889663131,1514.28730301008
4043.69889663131,1517.99863833917
4043.69889663131,1521.70997366826
4043.69889663131,1525.42130899735
4043.69889663131,1529.13264432644
4047.4102319604,1536.55531498462
4047.4102319604,1540.26665031371
4047.4102319604,1543.9779856428
4047.4102319604,1547.68932097189
4047.4102319604,1551.40065630098
4047.4102319604,1555.11199163007
4047.4102319604,1558.82332695916
4047.4102319604,1562.53466228825
4047.4102319604,1566.24599761734
4051.12156728949,1569.95733294643
4051.12156728949,1573.66866827552
4051.12156728949,1577.38000360461
4054.83290261858,1581.0913389337
4054.83290261858,1584.80267426279
4054.83290261858,1588.51400959189
4058.54423794767,1592.22534492098
4058.54423794767,1595.93668025007
4062.25557327676,1599.64801557916
4062.25557327676,1607.07068623734
4065.96690860585,1610.78202156643
4065.96690860585,1614.49335689552
4069.67824393495,1618.20469222461
4073.38957926404,1621.9160275537
4073.38957926404,1625.62736288279
4073.38957926404,1629.33869821188
4077.10091459313,1633.05003354097
4080.81224992222,1636.76136887006
4080.81224992222,1640.47270419915
4084.52358525131,1647.89537485733
4084.52358525131,1651.60671018642
4088.2349205804,1655.31804551551
4091.94625590949,1662.74071617369
4091.94625590949,1666.45205150278
4095.65759123858,1666.45205150278
4095.65759123858,1670.16338683187
4099.36892656767,1673.87472216096
4099.36892656767,1677.58605749005
4103.08026189676,1681.29739281914
4106.79159722585,1685.00872814823
4106.79159722585,1688.72006347733
4110.50293255494,1692.43139880642
4110.50293255494,1696.14273413551
4114.21426788403,1699.8540694646
4117.92560321312,1703.56540479369
4121.63693854221,1707.27674012278
4121.63693854221,1710.98807545187
4125.3482738713,1710.98807545187
4129.05960920039,1714.69941078096
4129.05960920039,1718.41074611005
4132.77094452948,1722.12208143914
4136.48227985857,1725.83341676823
4140.19361518766,1729.54475209732
4143.90495051675,1733.25608742641
4147.61628584584,1736.9674227555
4151.32762117493,1740.67875808459
4155.03895650402,1744.39009341368
4158.75029183311,1748.10142874277
4166.1729624913,1755.52409940095
4166.1729624913,1759.23543473004
4169.88429782039,1762.94677005913
4173.59563314948,1762.94677005913
4177.30696847857,1766.65810538822
4181.01830380766,1770.36944071731
4184.72963913675,1774.0807760464
4188.44097446584,1777.79211137549
4192.15230979493,1781.50344670458
4195.86364512402,1785.21478203368
4199.57498045311,1788.92611736277
4203.2863157822,1792.63745269186
4203.2863157822,1796.34878802095
4206.99765111129,1800.06012335004
4210.70898644038,1803.77145867913
4210.70898644038,1807.48279400822
4214.42032176947,1811.19412933731
4218.13165709856,1814.9054646664
4221.84299242765,1818.61679999549
4225.55432775674,1822.32813532458
4229.26566308583,1822.32813532458
4229.26566308583,1826.03947065367
4232.97699841492,1829.75080598276
4232.97699841492,1833.46214131185
4236.68833374401,1833.46214131185
4240.3996690731,1837.17347664094
4240.3996690731,1840.88481197003
4244.11100440219,1844.59614729912
4247.82233973128,1844.59614729912
4247.82233973128,1848.30748262821
4251.53367506037,1848.30748262821
4255.24501038946,1852.0188179573
4258.95634571855,1855.73015328639
4262.66768104765,1859.44148861548
4266.37901637674,1863.15282394457
4270.09035170583,1863.15282394457
4270.09035170583,1866.86415927366
4273.80168703492,1870.57549460275
4277.51302236401,1870.57549460275
4281.2243576931,1874.28682993184
4284.93569302219,1877.99816526093
4288.64702835128,1881.70950059003
4292.35836368037,1885.42083591912
4296.06969900946,1889.13217124821
4299.78103433855,1892.8435065773
4303.49236966764,1896.55484190639
4307.20370499673,1900.26617723548
4310.91504032582,1900.26617723548
4314.62637565491,1903.97751256457
4318.337710984,1907.68884789366
4322.04904631309,1911.40018322275
4325.76038164218,1918.82285388093
4333.18305230036,1922.53418921002
4336.89438762945,1926.24552453911
4340.60572295854,1929.9568598682
4348.02839361672,1933.66819519729
4351.73972894581,1933.66819519729
4355.4510642749,1937.37953052638
4359.162399604,1941.09086585547
4362.87373493309,1941.09086585547
4366.58507026218,1944.80220118456
4370.29640559127,1948.51353651365
4374.00774092036,1948.51353651365
4377.71907624945,1952.22487184274
4381.43041157854,1955.93620717183
4385.14174690763,1959.64754250092
4388.85308223672,1959.64754250092
4396.2757528949,1963.35887783001
4399.98708822399,1967.0702131591
4403.69842355308,1967.0702131591
4407.40975888217,1970.78154848819
4411.12109421126,1970.78154848819
4411.12109421126,1974.49288381729
4414.83242954035,1978.20421914638
4418.54376486944,1978.20421914638
4422.25510019853,1981.91555447547
4425.96643552762,1981.91555447547
4429.67777085671,1985.62688980456
4433.3891061858,1989.33822513365
4437.10044151489,1989.33822513365
4440.81177684398,1993.04956046274
4448.23444750216,1996.76089579183
4459.36845348944,2004.18356645001
4463.07978881853,2004.18356645001
4466.79112414762,2007.8949017791
4470.50245947671,2007.8949017791
4474.2137948058,2011.60623710819
4481.63646546398,2015.31757243728
4485.34780079307,2015.31757243728
4489.05913612216,2019.02890776637
4496.48180678034,2022.74024309546
4500.19314210943,2022.74024309546
4503.90447743852,2026.45157842455
4507.61581276761,2026.45157842455
4507.61581276761,2030.16291375364
4511.3271480967,2030.16291375364
4515.03848342579,2033.87424908273
4518.74981875488,2033.87424908273
4522.46115408397,2037.58558441182
4529.88382474215,2041.29691974091
4533.59516007124,2045.00825507
4537.30649540033,2045.00825507
4541.01783072942,2048.71959039909
4548.4405013876,2048.71959039909
4552.1518367167,2052.43092572818
4555.86317204579,2056.14226105727
4563.28584270397,2059.85359638636
4566.99717803306,2059.85359638636
4570.70851336215,2063.56493171545
4578.13118402033,2063.56493171545
4581.84251934942,2067.27626704454
4585.55385467851,2070.98760237364
4589.2651900076,2074.69893770273
4596.68786066578,2074.69893770273
4596.68786066578,2078.41027303182
4600.39919599487,2078.41027303182
4604.11053132396,2082.12160836091
4607.82186665305,2082.12160836091
4611.53320198214,2082.12160836091
4611.53320198214,2085.83294369
4615.24453731123,2085.83294369
4615.24453731123,2085.83294369
4616.3531787111,2087.29869002655
4617.05448868455,2087.755798658
4618,2088.29869002655
4619,2089
4620,2089.70130997345
4621,2090.244201342
4622,2090.755798658
4623,2091.244201342
4624,2091.70130997345
4625,2092
4626,2092.3531787111
4627,2093.05448868455
4628,2094
4629,2095
4630,2096
4631,2097
4632,2098
4633,2099
4634,2100
4635,2100.8910226309
4636,2101.29364257779
4637,2100.94551131545
4638,2100.40766739565
4639,2100.29869002655
4640,2100.34813126234
4641,2100
4642,2099.7063574222
4643,2100.1089773691
4644,2101
4645,2102
4645.94551131545,2103
4646.70130997345,2104
4647.29869002655,2105
4648.05448868455,2105.94551131545
4648.94551131545,2106.70130997345
4649.70130997345,2107.18971265745
4650.29869002655,2107.45710863144
4651.05448868455,2107.59738005311
4652,2108.05448868455
4653,2108.70130997345
4654,2109.29869002655
4655,2110.05448868455
4655.94551131545,2111
4656.70130997345,2111.8910226309
4657.29869002655,2112.40261994689
4658.05448868455,2112.48840268401
4659,2112.51159731599
4660,2112.54289136856
4661,2112.81028734255
4662,2113.29869002655
4663,2113.94551131545
4664,2114.29364257779
4665,2113.8910226309
4666,2113
4667,2112.1089773691
4668,2111.7063574222
4669,2112.1089773691
4670,2112.94551131545
4671,2113.70130997345
4672,2114.29869002655
4673,2114.94551131545
4674,2115.40261994689
4675,2115.54289136856
4676,2115.755798658
4677,2116
4678,2116.3531787111
4679,2117.05448868455
4680,2117.8910226309
4681,2118.40261994689
4682,2118.59738005311
4683,2119.05448868455
4684,2119.70130997345
4685,2120.29869002655
4686,2121.05448868455
4686.94551131545,2122
4687.70130997345,2123
4688.29869002655,2124
4689.05448868455,2125
4689.94551131545,2126
4690.70130997345,2127
4691.29869002655,2128
4692,2128.94551131545
4692.6468212889,2129.6468212889
4696.89391455122,2130.36896763908
4700.60524988031,2130.36896763908
4704.3165852094,2130.36896763908
4708.02792053849,2130.36896763908
4711.73925586758,2130.36896763908
4715.45059119667,2134.08030296817
4722.87326185485,2134.08030296817
4726.58459718394,2137.79163829726
4734.00726784212,2141.50297362635
4737.71860317122,2145.21430895544
4745.1412738294,2145.21430895544
4745.1412738294,2148.92564428453
4752.56394448758,2148.92564428453
4756.27527981667,2152.63697961362
4756.27527981667,2156.34831494271
4759.98661514576,2156.34831494271
4763.69795047485,2156.34831494271
4767.40928580394,2160.0596502718
4771.12062113303,2163.7709856009
4774.83195646212,2163.7709856009
4778.54329179121,2167.48232092999
4782.2546271203,2167.48232092999
4785.96596244939,2171.19365625908
4789.67729777848,2174.90499158817
4793.38863310757,2178.61632691726
4797.09996843666,2178.61632691726
4800.81130376575,2182.32766224635
4804.52263909484,2182.32766224635
4808.23397442393,2186.03899757544
4811.94530975302,2189.75033290453
4819.3679804112,2193.46166823362
4823.07931574029,2193.46166823362
4826.79065106938,2197.17300356271
4830.50198639847,2197.17300356271
4834.21332172757,2200.8843388918
4837.92465705666,2204.59567422089
4841.63599238575,2204.59567422089
4841.63599238575,2208.30700954998
4845.34732771484,2208.30700954998
4849.05866304393,2212.01834487907
4856.48133370211,2212.01834487907
4860.1926690312,2215.72968020816
4863.90400436029,2219.44101553725
4867.61533968938,2219.44101553725
4867.61533968938,2223.15235086634
4871.32667501847,2223.15235086634
4875.03801034756,2226.86368619543
4878.74934567665,2226.86368619543
4882.46068100574,2230.57502152452
4886.17201633483,2234.28635685361
4889.88335166392,2237.9976921827
4893.59468699301,2241.70902751179
4901.01735765119,2245.42036284088
4904.72869298028,2249.13169816997
4908.44002830937,2249.13169816997
4912.15136363846,2252.84303349906
4915.86269896755,2256.55436882815
4919.57403429664,2260.26570415724
4923.28536962573,2263.97703948634
4926.99670495482,2263.97703948634
4926.99670495482,2267.68837481543
4930.70804028392,2267.68837481543
4934.41937561301,2271.39971014452
4938.1307109421,2271.39971014452
4938.1307109421,2275.11104547361
4941.84204627119,2275.11104547361
4945.55338160028,2278.8223808027
4952.97605225846,2286.24505146088
4956.68738758755,2289.95638678997
4960.39872291664,2293.66772211906
4964.11005824573,2293.66772211906
4967.82139357482,2297.37905744815
4971.53272890391,2301.09039277724
4975.244064233,2304.80172810633
4978.95539956209,2308.51306343542
4982.66673489118,2308.51306343542
4982.66673489118,2312.22439876451
4986.37807022027,2315.9357340936
4990.08940554936,2319.64706942269
4993.80074087845,2319.64706942269
4993.80074087845,2323.35840475178
4997.51207620754,2323.35840475178
4997.51207620754,2327.06974008087
5001.22341153663,2327.06974008087
5001.22341153663,2330.78107540996
5004.93474686572,2330.78107540996
5004.93474686572,2334.49241073905
5008.64608219481,2338.20374606814
5012.3574175239,2341.91508139723
5016.06875285299,2345.62641672632
5016.06875285299,2349.33775205541
5019.78008818208,2353.0490873845
5023.49142351117,2356.7604227136
5027.20275884027,2360.47175804269
5030.91409416936,2364.18309337178
5030.91409416936,2367.89442870087
5034.62542949845,2371.60576402996
5034.62542949845,2375.31709935905
5038.33676482754,2379.02843468814
5042.04810015663,2382.73977001723
5042.04810015663,2386.45110534632
5042.04810015663,2390.16244067541
5045.75943548572,2390.16244067541
5045.75943548572,2393.8737760045
5045.75943548572,2397.58511133359
5049.47077081481,2401.29644666268
5049.47077081481,2405.00778199177
5053.1821061439,2405.00778199177
5053.1821061439,2408.71911732086
5056.89344147299,2412.43045264995
5056.89344147299,2416.14178797904
5056.89344147299,2419.85312330813
5060.60477680208,2419.85312330813
5060.60477680208,2423.56445863722
5068.02744746026,2434.69846462449
5075.45011811844,2445.83247061176
5075.45011811844,2449.54380594085
5075.45011811844,2453.25514126994
5079.16145344753,2456.96647659904
5086.58412410571,2471.8118179154
5094.00679476389,2486.65715923176
5094.00679476389,2490.36849456085
5097.71813009298,2494.07982988994
5101.42946542207,2497.79116521903
5101.42946542207,2501.50250054812
5105.14080075116,2505.21383587721
5105.14080075116,2512.63650653539
5105.14080075116,2516.34784186448
5108.85213608025,2516.34784186448
5108.85213608025,2520.05917719357
5108.85213608025,2523.77051252266
5108.85213608025,2527.48184785175
5112.56347140934,2534.90451850993
5112.56347140934,2538.61585383902
5116.27480673843,2546.0385244972
5116.27480673843,2557.17253048448
5119.98614206753,2568.30653647175
5119.98614206753,2572.01787180084
5123.69747739662,2575.72920712993
5123.69747739662,2579.44054245902
5123.69747739662,2583.15187778811
5123.69747739662,2586.8632131172
5123.69747739662,2590.57454844629
5123.69747739662,2594.28588377538
5127.40881272571,2597.99721910447
5127.40881272571,2601.70855443356
5127.40881272571,2605.41988976265
5127.40881272571,2609.13122509174
5131.1201480548,2612.84256042083
5131.1201480548,2616.55389574992
5131.1201480548,2620.26523107901
5131.1201480548,2623.9765664081
5131.1201480548,2623.9765664081
5132.3531787111,2625.3531787111
5132.94551131545,2626.05448868455
5133.40261994689,2627
5133.54289136856,2628
5133.755798658,2629
5134,2630
5134.244201342,2631
5134.34813126234,2632
5133.8910226309,2633
5133.05448868455,2634
5132.3531787111,2635
5132.05448868455,2636
5131.94551131545,2637
5131.755798658,2638
5131.65186873765,2639
5132.1089773691,2640
5132.8910226309,2641
5133.29364257779,2642
5132.8910226309,2643
5132,2644
5131,2645
5130,2646
5129.05448868455,2647
5128.29869002655,2648
5127.70130997345,2649
5127.05448868455,2650
5126.59738005311,2651
5126.51159731599,2652
5126.48840268401,2653
5126.51159731599,2654
5126.54289136856,2655
5126.81028734255,2656
5127.29869002655,2657
5128.05448868455,2658
5129,2659
5129.8910226309,2660
5130.34813126234,2661
5130.29869002655,2662
5130.29869002655,2663
5130.34813126234,2664
5129.94551131545,2665
5129.29869002655,2666
5128.755798658,2667
5128.3531787111,2668
5128.29869002655,2669
5128.34813126234,2670
5127.8910226309,2671
5127.05448868455,2672
5126.29869002655,2673
5125.70130997345,2674
5124.94551131545,2675
5124.05448868455,2676
5123.40766739565,2677
5123.3531787111,2678
5123.6468212889,2679
5123.6468212889,2680
5123.244201342,2681
5122.81028734255,2682
5122.65186873765,2683
5123.05448868455,2684
5123.59233260435,2685
5123.59233260435,2685.94551131545
5123,2686.70130997345
5122.40766739565,2687.29869002655
5122.3531787111,2688.05448868455
5122.755798658,2689
5123.244201342,2689.94551131545
5123.70130997345,2690.6468212889
5123.69747712302,2694.4918959342
5127.40881245211,2709.33723725056
5127.40881245211,2713.04857257965
5127.40881245211,2716.75990790874
5127.40881245211,2720.47124323783
5127.40881245211,2724.18257856692
5127.40881245211,2727.89391389601
5127.40881245211,2731.6052492251
5127.40881245211,2735.31658455419
5127.40881245211,2739.02791988328
5127.40881245211,2742.73925521237
5127.40881245211,2746.45059054146
5131.1201477812,2746.45059054146
5131.1201477812,2750.16192587055
5131.1201477812,2753.87326119964
5131.1201477812,2757.58459652873
5131.1201477812,2761.29593185782
5131.1201477812,2765.00726718691
5131.1201477812,2768.71860251601
5131.1201477812,2772.4299378451
5131.1201477812,2783.56394383237
5131.1201477812,2794.69794981964
5131.1201477812,2805.83195580691
5131.1201477812,2809.543291136
5131.1201477812,2813.25462646509
5131.1201477812,2816.96596179418
5131.1201477812,2820.67729712327
5131.1201477812,2824.38863245236
5131.1201477812,2828.09996778145
5131.1201477812,2831.81130311054
5134.83148311029,2835.52263843963
5134.83148311029,2839.23397376872
5134.83148311029,2842.94530909781
5134.83148311029,2846.6566444269
5134.83148311029,2850.36797975599
5134.83148311029,2854.07931508508
5138.54281843938,2857.79065041417
5138.54281843938,2861.50198574326
5138.54281843938,2865.21332107236
5138.54281843938,2868.92465640145
5142.25415376847,2872.63599173054
5142.25415376847,2876.34732705963
5142.25415376847,2880.05866238872
5142.25415376847,2883.76999771781
5142.25415376847,2887.4813330469
5145.96548909756,2891.19266837599
5145.96548909756,2894.90400370508
5145.96548909756,2902.32667436326
5145.96548909756,2906.03800969235
5145.96548909756,2909.74934502144
5145.96548909756,2917.17201567962
5149.67682442665,2920.88335100871
5149.67682442665,2924.5946863378
5149.67682442665,2928.30602166689
5149.67682442665,2935.72869232507
5149.67682442665,2939.44002765416
5153.38815975574,2943.15136298325
5153.38815975574,2946.86269831234
5153.38815975574,2950.57403364143
5157.09949508483,2954.28536897052
5157.09949508483,2957.99670429961
5157.09949508483,2961.70803962871
5157.09949508483,2965.4193749578
5160.81083041392,2969.13071028689
5160.81083041392,2972.84204561598
5160.81083041392,2976.55338094507
5164.52216574301,2983.97605160325
5164.52216574301,2995.11005759052
5164.52216574301,3002.5327282487
5168.2335010721,3013.66673423597
5168.2335010721,3024.80074022324
5171.9448364012,3028.51207555233
5171.9448364012,3032.22341088142
5171.9448364012,3035.93474621051
5175.65617173029,3039.6460815396
5175.65617173029,3043.35741686869
5175.65617173029,3047.06875219778
5179.36750705938,3050.78008752687
5179.36750705938,3058.20275818506
5183.07884238847,3065.62542884324
5183.07884238847,3073.04809950142
5183.07884238847,3076.75943483051
5186.79017771756,3080.4707701596
5186.79017771756,3084.18210548869
5186.79017771756,3091.60477614687
5190.50151304665,3095.31611147596
5190.50151304665,3099.02744680505
5190.50151304665,3102.73878213414
5194.21284837574,3110.16145279232
5194.21284837574,3117.5841234505
5194.21284837574,3125.00679410868
5197.92418370483,3128.71812943777
5197.92418370483,3132.42946476686
5197.92418370483,3136.14080009595
5197.92418370483,3139.85213542504
5197.92418370483,3143.56347075413
5201.63551903392,3147.27480608323
5201.63551903392,3150.98614141232
5201.63551903392,3154.69747674141
5201.63551903392,3158.4088120705
5205.34685436301,3162.12014739959
5205.34685436301,3165.83148272868
5205.34685436301,3169.54281805777
5205.34685436301,3173.25415338686
5205.34685436301,3180.67682404504
5209.0581896921,3195.5221653614
5209.0581896921,3199.23350069049
5209.0581896921,3202.94483601958
5209.0581896921,3206.65617134867
5212.76952502119,3214.07884200685
5212.76952502119,3217.79017733594
5212.76952502119,3221.50151266503
5212.76952502119,3225.21284799412
5212.76952502119,3232.6355186523
5212.76952502119,3236.34685398139
5216.48086035028,3243.76952463958
5216.48086035028,3247.48085996867
5216.48086035028,3251.19219529776
5216.48086035028,3254.90353062685
5216.48086035028,3258.61486595594
5216.48086035028,3262.32620128503
5216.48086035028,3266.03753661412
5216.48086035028,3269.74887194321
5216.48086035028,3273.4602072723
5216.48086035028,3277.17154260139
5216.48086035028,3280.88287793048
5220.19219567937,3284.59421325957
5220.19219567937,3288.30554858866
5220.19219567937,3292.01688391775
5220.19219567937,3295.72821924684
5220.19219567937,3303.15088990502
5220.19219567937,3306.86222523411
5223.90353100846,3314.28489589229
5223.90353100846,3321.70756655047
5223.90353100846,3329.13023720865
5223.90353100846,3332.84157253774
5223.90353100846,3336.55290786683
5223.90353100846,3343.97557852502
5223.90353100846,3347.68691385411
5227.61486633755,3347.68691385411
5227.61486633755,3351.3982491832
5227.61486633755,3355.10958451229
5227.61486633755,3358.82091984138
5227.61486633755,3362.53225517047
5227.61486633755,3366.24359049956
5227.61486633755,3369.95492582865
5227.61486633755,3373.66626115774
5227.61486633755,3381.08893181592
5223.90353100846,3384.80026714501
5223.90353100846,3388.5116024741
5223.90353100846,3392.22293780319
5223.90353100846,3395.93427313228
5223.90353100846,3403.35694379046
5223.90353100846,3407.06827911955
5223.90353100846,3410.77961444864
5223.90353100846,3414.49094977773
5223.90353100846,3418.20228510682
5223.90353100846,3421.91362043591
5223.90353100846,3429.33629109409
5223.90353100846,3444.18163241046
5223.90353100846,3455.31563839773
5223.90353100846,3462.73830905591
5223.90353100846,3473.87231504318
5223.90353100846,3488.71765635954
5223.90353100846,3492.42899168863
5223.90353100846,3496.14032701772
5223.90353100846,3499.85166234681
5223.90353100846,3507.27433300499
5223.90353100846,3510.98566833408
5223.90353100846,3518.40833899226
5223.90353100846,3522.11967432135
5223.90353100846,3525.83100965044
5223.90353100846,3529.54234497953
5223.90353100846,3533.25368030863
5223.90353100846,3536.96501563772
5227.61486633755,3540.67635096681
5227.61486633755,3544.3876862959
5227.61486633755,3548.09902162499
5227.61486633755,3551.81035695408
5231.32620166664,3555.52169228317
5231.32620166664,3559.23302761226
5231.32620166664,3559.23302761226
5231.755798658,3560.3531787111
5231.54289136856,3561.05448868455
5231.40261994689,3562
5230.8910226309,3563
5230,3564
5229.05448868455,3565
5228.40766739565,3566
5228.40766739565,3567
5229.05448868455,3568
5230,3569
5231,3570
5232,3571
5233,3572
5233.94551131545,3573
5234.6468212889,3574
5234.94551131545,3575
5234.94551131545,3576
5234.6468212889,3577
5233.94551131545,3578
5233.05448868455,3579
5232.29869002655,3580
5231.81028734255,3581
5231.5973800531,3582
5231.81028734255,3583
5232.18971265745,3584
5232.34813126234,3585
5232,3586
5231.65186873765,3587
5231.81028734255,3588
5232.29869002655,3589
5233,3590
5233.70130997345,3591
5234.29869002655,3592
5235.05448868455,3593
5235.8910226309,3594
5236.40261994689,3595
5236.48840268401,3596
5236.51159731599,3597
5236.5973800531,3598
5237.1089773691,3599
5238,3600
5239,3601
5239.94551131545,3602
5240.70130997345,3603
5241.29869002655,3604
5242.05448868455,3605
5242.8910226309,3606
5243.2936425778,3607
5243,3608
5242.65186873766,3609
5242.70130997345,3610
5242.59233260435,3611
5241.94551131545,3612
5241.1089773691,3613
5240.65186873765,3614
5240.70130997345,3615
5240.59233260435,3616
5240,3617
5239.29869002655,3618
5238.755798658,3619
5238.3531787111,3620
5238.3531787111,3621
5238.755798658,3622
5239.244201342,3623
5239.755798658,3624
5240.244201342,3625
5240.755798658,3626
5241.244201342,3627
5241.6468212889,3628
5241.70130997345,3629
5241.54289136856,3630
5241.51159731599,3631
5241.5973800531,3632
5242.1089773691,3633
5243,3634
5244,3635
5245,3636
5246,3637
5247,3637.94551131545
5248,3638.70130997345
5249,3639.29869002655
5250,3640.05448868455
5250.94551131545,3641
5251.70130997345,3642
5252.244201342,3643
5252.755798658,3644
5253.29869002655,3645
5254.05448868455,3646
5255,3646.94551131545
5255.94551131545,3647.6468212889
5256.6468212889,3647.94551131545
5258.3531787111,3649.3531787111
5259,3650.05448868455
5259.70130997345,3651
5260.29869002655,3652
5260.94551131545,3653
5261.2936425778,3654
5260.8910226309,3655
5260.1089773691,3656
5259.7063574222,3657
5260.05448868455,3658
5260.70130997345,3659
5261.244201342,3660
5261.755798658,3661
5262.29869002655,3662
5263.05448868455,3663
5264,3664
5265,3665
5265.8910226309,3666
5266.29364257779,3667
5265.94551131545,3668
5265.40766739565,3669
5265.29869002655,3670
5265.34813126234,3671
5265,3672
5264.59738005311,3673
5264.51159731599,3674
5264.59738005311,3675
5265.05448868455,3676
5265.59233260435,3677
5265.70130997345,3678
5265.65186873765,3678.94551131545
5266.1089773691,3679.70130997345
5266.94551131545,3680.29869002655
5267.70130997345,3681.05448868455
5268.18971265745,3682
5268.34813126234,3683
5268,3684
5267.7063574222,3685
5268.1089773691,3686
5269,3687
5270,3687.94551131545
5271,3688.70130997345
5272,3689.29869002655
5273,3690.05448868455
5274,3691
5274.94551131545,3692
5275.6468212889,3693
5275.8910226309,3694
5275.70130997345,3695
5275.3531787111,3696
5275.29869002655,3697
5275.34813126234,3698
5275,3699
5274.65186873765,3700
5274.70130997345,3701
5274.59233260435,3702
5273.94551131545,3703
5273,3704
5272.05448868455,3705
5271.29869002655,3706
5270.755798658,3707
5270.3531787111,3708
5270.40766739565,3709
5271.05448868455,3710
5272,3711
5272.94551131545,3712
5273.6468212889,3713
5274,3714
5274.3531787111,3715
5274.94551131545,3716
5275.29364257779,3717
5275,3718
5274.65186873765,3719
5274.81028734255,3720
5275.244201342,3721
5275.755798658,3722
5276.244201342,3723
5276.6468212889,3724
5276.6468212889,3725
5276.3531787111,3726
5276.29869002655,3727
5276.45710863144,3728
5276.54289136856,3729
5276.81028734255,3730
5277.244201342,3731
5277.755798658,3732
5278.29869002655,3733
5279.05448868455,3734
5279.94551131545,3735
5280.59233260435,3736
5280.70130997345,3737
5280.54289136856,3738
5280.40261994689,3739
5279.8910226309,3740
5279.1089773691,3741
5278.7063574222,3742
5279,3743
5279.40261994689,3744
5279.59738005311,3745
5280,3746
5280.40261994689,3747
5280.59738005311,3748
5281.05448868455,3749
5281.6468212889,3750
5282,3751
5282.3531787111,3752
5282.94551131545,3753
5283.29364257779,3754
5282.8910226309,3755
5282,3756
5281,3757
5280,3758
5279.1089773691,3759
5278.65186873766,3760
5278.70130997345,3761
5278.70130997345,3762
5278.65186873765,3763
5279.05448868455,3764
5279.59233260435,3765
5279.70130997345,3766
5279.59738005311,3767
5279.70130997345,3768
5279.70130997345,3769
5279.54289136856,3770
5279.51159731599,3771
5279.48840268401,3772
5279.51159731599,3773
5279.59738005311,3774
5280,3775
5280.34813126234,3776
5280.244201342,3777
5280,3778
5279.755798658,3779
5279.59738005311,3780
5279.70130997345,3781
5279.6468212889,3782
5279.29869002655,3783
5279.1089773691,3784
5279.244201342,3785
5279.45710863144,3786
5279.54289136856,3787
5279.70130997345,3788
5279.6468212889,3789
5279.3531787111,3790
5279.29869002655,3791
5279.34813126234,3792
5279,3793
5278.59738005311,3794
5278.40261994689,3795
5278,3796
5277.7063574222,3797
5278,3798
5278.40261994689,3799
5278.48840268401,3800
5278.51159731599,3801
5278.48840268401,3802
5278.51159731599,3803
5278.48840268401,3804
5278.51159731599,3805
5278.48840268401,3806
5278.51159731599,3807
5278.48840268401,3808
5278.51159731599,3809
5278.54289136856,3810
5278.81028734255,3811
5279.244201342,3812
5279.755798658,3813
5280.244201342,3814
5280.6468212889,3815
5280.70130997345,3816
5280.65186873765,3817
5281,3818
5281.2936425778,3819
5280.94551131545,3820
5280.3531787111,3821
5280.1089773691,3822
5280.29869002655,3823
5280.6468212889,3824
5280.59233260435,3825
5280.05448868455,3826
5279.7063574222,3827
5280.05448868455,3828
5280.59233260435,3829
5280.6468212889,3830
5280.244201342,3831
5279.81028734255,3832
5279.59738005311,3832.94551131545
5279.755798658,3833.6468212889
5283.28489627391,3833.87184196495
5283.28489627391,3837.58317729404
5286.996231603,3841.29451262313
5286.996231603,3845.00584795222
5290.70756693209,3845.00584795222
5290.70756693209,3848.71718328131
5290.70756693209,3852.4285186104
5294.41890226118,3852.4285186104
5294.41890226118,3856.13985393949
5294.41890226118,3859.85118926858
5298.13023759027,3859.85118926858
5298.13023759027,3863.56252459767
5298.13023759027,3870.98519525585
5301.84157291936,3874.69653058494
5301.84157291936,3878.40786591403
5301.84157291936,3882.11920124312
5305.55290824845,3885.83053657221
5305.55290824845,3889.5418719013
5309.26424357754,3893.25320723039
5309.26424357754,3896.96454255948
5312.97557890663,3900.67587788857
5312.97557890663,3904.38721321766
5316.68691423572,3908.09854854675
5316.68691423572,3911.80988387585
5320.39824956481,3919.23255453403
5320.39824956481,3922.94388986312
5324.1095848939,3922.94388986312
5324.1095848939,3926.65522519221
5327.82092022299,3930.3665605213
5327.82092022299,3934.07789585039
5327.82092022299,3937.78923117948
5331.53225555208,3941.50056650857
5331.53225555208,3945.21190183766
5335.24359088117,3948.92323716675
5335.24359088117,3952.63457249584
5335.24359088117,3956.34590782493
5338.95492621026,3960.05724315402
5338.95492621026,3967.4799138122
5342.66626153935,3971.19124914129
5342.66626153935,3974.90258447038
5346.37759686844,3978.61391979947
5346.37759686844,3982.32525512856
5346.37759686844,3986.03659045765
5346.37759686844,3989.74792578674
5346.37759686844,3993.45926111583
5350.08893219753,3997.17059644492
5350.08893219753,4000.88193177401
5350.08893219753,4004.5932671031
5350.08893219753,4008.3046024322
5350.08893219753,4015.72727309038
5350.08893219753,4019.43860841947
5350.08893219753,4023.14994374856
5350.08893219753,4026.86127907765
5350.08893219753,4030.57261440674
5350.08893219753,4034.28394973583
5353.80026752662,4037.99528506492
5353.80026752662,4041.70662039401
5353.80026752662,4045.4179557231
5353.80026752662,4049.12929105219
5353.80026752662,4052.84062638128
5353.80026752662,4056.55196171037
5357.51160285571,4060.26329703946
5357.51160285571,4063.97463236855
5357.51160285571,4067.68596769764
5357.51160285571,4071.39730302673
5361.2229381848,4071.39730302673
5361.2229381848,4075.10863835582
5361.2229381848,4078.81997368491
5361.2229381848,4082.531309014
5361.2229381848,4086.24264434309
5364.9342735139,4089.95397967218
5364.9342735139,4093.66531500127
5364.9342735139,4097.37665033037
5364.9342735139,4101.08798565945
5364.9342735139,4104.79932098855
5364.9342735139,4108.51065631764
5364.9342735139,4112.22199164673
5368.64560884299,4115.93332697582
5368.64560884299,4119.64466230491
5368.64560884299,4123.355997634
5368.64560884299,4127.06733296309
5372.35694417208,4130.77866829218
5372.35694417208,4134.49000362127
5372.35694417208,4138.20133895036
5372.35694417208,4141.91267427945
5376.06827950117,4145.62400960854
5376.06827950117,4149.33534493763
5379.77961483026,4153.04668026672
5379.77961483026,4156.75801559581
5379.77961483026,4160.4693509249
5383.49095015935,4160.4693509249
5383.49095015935,4164.18068625399
5387.20228548844,4167.89202158308
5387.20228548844,4171.60335691217
5390.91362081753,4175.31469224126
5390.91362081753,4179.02602757035
5394.62495614662,4179.02602757035
5394.62495614662,4182.73736289944
5398.33629147571,4186.44869822853
5398.33629147571,4190.16003355762
5402.0476268048,4190.16003355762
5402.0476268048,4193.87136888671
5405.75896213389,4193.87136888671
5409.47029746298,4197.58270421581
5413.18163279207,4201.29403954489
5416.89296812116,4201.29403954489
5420.60430345025,4205.00537487399
5420.60430345025,4208.71671020308
5424.31563877934,4208.71671020308
5428.02697410843,4212.42804553217
5431.73830943752,4212.42804553217
5435.44964476661,4216.13938086126
5439.1609800957,4219.85071619035
5442.87231542479,4223.56205151944
5446.58365075388,4227.27338684853
5450.29498608297,4227.27338684853
5450.29498608297,4230.98472217762
5454.00632141206,4230.98472217762
5457.71765674116,4234.69605750671
5457.71765674116,4238.4073928358
5461.42899207025,4242.11872816489
5465.14032739934,4242.11872816489
5468.85166272843,4245.83006349398
5472.56299805752,4245.83006349398
5476.27433338661,4249.54139882307
5479.9856687157,4249.54139882307
5483.69700404479,4253.25273415216
5487.40833937388,4253.25273415216
5487.40833937388,4256.96406948125
5494.83101003206,4256.96406948125
5498.54234536115,4260.67540481034
5502.25368069024,4260.67540481034
5502.25368069024,4264.38674013943
5505.96501601933,4264.38674013943
5509.67635134842,4268.09807546852
5513.38768667751,4268.09807546852
5517.0990220066,4271.80941079761
5520.81035733569,4271.80941079761
5520.81035733569,4275.5207461267
5524.52169266478,4275.5207461267
5528.23302799387,4279.23208145579
5531.94436332296,4279.23208145579
5531.94436332296,4282.94341678488
5535.65569865205,4282.94341678488
5539.36703398114,4286.65475211397
5543.07836931023,4286.65475211397
5546.78970463932,4290.36608744306
5550.50103996842,4294.07742277215
5554.2123752975,4294.07742277215
5557.9237106266,4297.78875810125
5561.63504595569,4297.78875810125
5565.34638128478,4301.50009343034
5569.05771661387,4301.50009343034
5572.76905194296,4305.21142875943
5576.48038727205,4305.21142875943
5580.19172260114,4308.92276408852
5583.90305793023,4308.92276408852
5587.61439325932,4312.63409941761
5591.32572858841,4312.63409941761
5595.0370639175,4316.3454347467
5595.0370639175,4320.05677007579
5598.74839924659,4320.05677007579
5602.45973457568,4323.76810540488
5606.17106990477,4323.76810540488
5609.88240523386,4327.47944073397
5613.59374056295,4331.19077606306
5617.30507589204,4334.90211139215
5624.72774655022,4338.61344672124
5628.43908187931,4342.32478205033
5632.1504172084,4346.03611737942
5635.86175253749,4346.03611737942
5639.57308786658,4349.74745270851
5639.57308786658,4353.4587880376
5643.28442319567,4353.4587880376
5646.99575852476,4353.4587880376
5646.99575852476,4357.17012336669
5650.70709385386,4360.88145869578
5654.41842918295,4360.88145869578
5658.12976451204,4360.88145869578
5684.10911181567,4383.14947067032
5702.66578846112,4401.70614731578
5706.37712379021,4405.41748264487
5717.51112977748,4412.84015330305
5721.22246510657,4416.55148863214
5724.93380043566,4416.55148863214
5724.93380043566,4420.26282396123
5728.64513576475,4420.26282396123
5732.35647109384,4423.97415929032
5736.06780642293,4427.68549461941
5739.77914175202,4431.3968299485
5743.49047708112,4435.10816527759
5747.20181241021,4435.10816527759
5750.9131477393,4438.81950060668
5750.9131477393,4438.81950060668
5752.3531787111,4440.05448868455
5752.94551131545,4440.3531787111
5753.34813126234,4441.05448868455
5753.29869002655,4442
5753.29869002655,4443
5753.45710863144,4444
5753.48840268401,4445
5753.45710863144,4446
5753.244201342,4447
5753.1089773691,4448
5753.3531787111,4449
5754.05448868455,4450
5754.8910226309,4451
5755.40261994689,4452
5755.5973800531,4453
5756.05448868455,4454
5756.70130997345,4455
5757.29869002655,4455.94551131545
5758.05448868455,4456.70130997345
5759,4457.29869002655
5760,4458.05448868455
5761,4459
5761.8910226309,4460
5762.40261994689,4461
5762.54289136856,4462
5762.70130997345,4463
5762.70130997345,4464
5762.65186873766,4465
5763.05448868455,4466
5763.59233260435,4467
5763.70130997345,4468
5763.65186873765,4469
5764.1089773691,4469.8910226309
5765,4470.40261994689
5766,4470.5973800531
5767,4471.05448868455
5768,4471.70130997345
5769,4472.29869002655
5769.94551131545,4473.05448868455
5770.70130997345,4474
5771.29869002655,4474.94551131545
5772,4475.6468212889
5772.6468212889,4475.94551131545
5776.89249504293,4475.93285389758
5791.73783635929,4494.48953054304
5795.44917168838,4498.20086587213
5799.16050701747,4501.91220120122
5799.16050701747,4505.62353653031
5802.87184234656,4505.62353653031
5802.87184234656,4509.3348718594
5806.58317767565,4509.3348718594
5806.58317767565,4513.04620718849
5810.29451300474,4513.04620718849
5810.29451300474,4516.75754251758
5814.00584833383,4520.46887784667
5817.71718366292,4520.46887784667
5821.42851899201,4524.18021317576
5825.1398543211,4527.89154850485
5828.85118965019,4531.60288383394
5832.56252497928,4535.31421916303
5832.56252497928,4539.02555449212
5836.27386030837,4539.02555449212
5839.98519563747,4542.73688982121
5839.98519563747,4546.4482251503
5843.69653096656,4546.4482251503
5847.40786629565,4550.15956047939
5851.11920162474,4550.15956047939
5854.83053695383,4553.87089580848
5858.54187228292,4553.87089580848
5862.25320761201,4557.58223113757
5865.9645429411,4557.58223113757
5869.67587827019,4557.58223113757
5873.38721359928,4557.58223113757
5877.09854892837,4557.58223113757
5880.80988425746,4557.58223113757
5884.52121958655,4557.58223113757
5888.23255491564,4561.29356646666
5891.94389024473,4561.29356646666
5895.65522557382,4561.29356646666
5899.36656090291,4561.29356646666
5903.077896232,4561.29356646666
5906.78923156109,4561.29356646666
5910.50056689018,4561.29356646666
5914.21190221927,4561.29356646666
5917.92323754836,4561.29356646666
5921.63457287745,4561.29356646666
5921.63457287745,4557.58223113757
5925.34590820654,4557.58223113757
5929.05724353564,4557.58223113757
5932.76857886472,4557.58223113757
5936.47991419381,4553.87089580848
5940.19124952291,4553.87089580848
5943.902584852,4553.87089580848
5947.61392018109,4553.87089580848
5947.61392018109,4550.15956047939
5951.32525551018,4550.15956047939
5955.03659083927,4550.15956047939
5958.74792616836,4550.15956047939
5962.45926149745,4550.15956047939
5966.17059682654,4546.4482251503
5969.88193215563,4546.4482251503
5973.59326748472,4546.4482251503
5977.30460281381,4546.4482251503
5981.0159381429,4546.4482251503
5981.0159381429,4542.73688982121
5984.72727347199,4542.73688982121
5988.43860880108,4542.73688982121
5988.43860880108,4542.73688982121
5989.3531787111,4541.755798658
5990.05448868455,4541.54289136856
5991,4541.40261994689
5991.94551131545,4540.8910226309
5992.70130997345,4540
5993.29869002655,4539
5994.05448868455,4538
5995,4537
5996,4536.05448868455
5997,4535.29869002655
5998,4534.70130997345
5998.94551131545,4533.94551131545
5999.6468212889,4533.05448868455
5999.94551131545,4532.3531787111
