5223.21428571429,4489.79591836735
5108.41836734694,701.530612244896
5106.6468212889,701.353178711102
5105.94551131545,702.054488684549
5105,703
5104,703.94551131545
5103,704.592332604348
5102,704.592332604348
5101,703.94551131545
5100,703
5099,702.05448868455
5098,701.298690026553
5097,700.701309973447
5096,700.054488684549
5095,699.706357422205
5094,700.108977369099
5093,701
5092,702
5091,703
5090,703.891022630901
5089,704.348131262345
5088,704.298690026553
5087,704.407667395652
5086,705.05448868455
5085,705.891022630901
5084,706.348131262345
5083,706.189712657453
5082,705.701309973447
5081,704.94551131545
5080,704.108977369099
5079,703.651868737655
5078,703.810287342546
5077,704.298690026553
5076,705.05448868455
5075,705.94551131545
5074,706.592332604348
5073,706.592332604348
5072,705.94551131545
5071,705
5070,704.054488684549
5069,703.353178711102
5068,703.05448868455
5067,702.94551131545
5066,702.646821288897
5065,701.94551131545
5064,701
5063,700.108977369099
5062,699.651868737655
5061,699.810287342546
5060,700.244201342003
5059,700.755798657997
5058,701.298690026553
5057,702.054488684549
5056,702.891022630901
5055,703.293642577795
5054,702.94551131545
5053,702.407667395652
5052,702.353178711102
5051,702.755798657997
5050,703.298690026553
5049,703.94551131545
5048,704.402619946894
5047,704.597380053106
5046,705.05448868455
5045,705.701309973447
5044,706.244201342003
5043,706.646821288897
5042,706.646821288897
5041,706.353178711102
5040,706.298690026553
5039,706.402619946894
5038,706.244201342003
5037,706.108977369099
5036,706.298690026553
5035,706.646821288897
5034,706.592332604348
5033,705.94551131545
5032,705
5031,704
5030,703.108977369099
5029,702.706357422205
5028,703.108977369099
5027,703.94551131545
5026,704.592332604348
5025,704.592332604348
5024,703.94551131545
5023,703
5022,702.05448868455
5021,701.298690026553
5020,700.755798657997
5019,700.244201342003
5018,699.755798657997
5017,699.244201342003
5016,698.755798657997
5015,698.244201342003
5014,697.701309973447
5013,696.94551131545
5012,696
5011,695
5010,694.05448868455
5009,693.407667395652
5008,693.407667395652
5007,694.05448868455
5006,694.94551131545
5005,695.592332604348
5004,695.646821288897
5003,695.244201342003
5002,694.701309973447
5001,693.94551131545
5000,693
4999,692
4998,691
4997,690.108977369099
4996,689.597380053106
4995,689.511597315994
4994,689.597380053106
4993,690
4992,690.402619946894
4991,690.488402684006
4990,690.511597315993
4989,690.597380053106
4988,691
4987,691.348131262345
4986,691.189712657453
4985,690.701309973447
4984,689.94551131545
4983,689.05448868455
4982,688.298690026553
4981,687.810287342546
4980,687.651868737655
4979,688.108977369099
4978,689
4977,689.891022630901
4976,690.293642577795
4975,689.891022630901
4974,689
4973,688.05448868455
4972,687.298690026553
4971,686.810287342546
4970,686.542891368556
4969,686.457108631444
4968,686.189712657453
4967,685.810287342546
4966,685.597380053106
4965,685.701309973447
4964,685.592332604348
4963,685
4962,684.298690026553
4961,683.755798657997
4960,683.244201342003
4959,682.701309973447
4958,681.94551131545
4957,681
4956,680.108977369099
4955,679.651868737655
4954,679.755798657997
4953,679.94551131545
4952,679.94551131545
4951,679.701309973447
4950,679.244201342003
4949,678.701309973447
4948,678
4947,677.298690026553
4946,676.701309973447
4945,675.94551131545
4944,675.108977369099
4943,674.597380053106
4942,674.511597315994
4941,674.488402684006
4940,674.457108631444
4939,674.189712657453
4938,673.755798657997
4937,673.244201342003
4936,672.701309973447
4935,671.94551131545
4934,671
4933,670.108977369099
4932,669.597380053106
4931,669.511597315994
4930,669.488402684006
4929,669.402619946894
4928,668.94551131545
4927,668.298690026553
4926,667.755798657997
4925,667.353178711102
4924,667.353178711102
4923,667.646821288897
4922,667.701309973447
4921,667.542891368556
4920,667.402619946894
4919,667
4918,666.706357422205
4917,667.108977369099
4916,667.94551131545
4915,668.592332604348
4914,668.701309973447
4913,668.651868737655
4912,669.054488684549
4911,669.701309973447
4910,670.298690026553
4909,671.05448868455
4908,672
4907,672.94551131545
4906,673.701309973447
4905,674.244201342003
4904,674.755798657997
4903,675.298690026553
4902,676.05448868455
4901,676.891022630901
4900,677.402619946894
4899,677.597380053106
4898,678
4897,678.293642577795
4896,677.891022630901
4895,677.05448868455
4894,676.353178711102
4893.05448868455,676.05448868455
4892.3531787111,676
4878.82653061224,676.020408163264
4866.07142857143,676.020408163264
4853.31632653061,676.020408163264
4840.5612244898,676.020408163264
4827.80612244898,676.020408163264
4815.05102040816,676.020408163264
4802.29591836735,676.020408163264
4751.27551020408,688.775510204081
4674.74489795918,701.530612244896
4649.23469387755,701.530612244896
4610.9693877551,701.530612244896
4598.21428571429,701.530612244896
4585.45918367347,701.530612244896
4572.70408163265,714.285714285714
4559.94897959184,714.285714285714
4547.19387755102,714.285714285714
4521.68367346939,714.285714285714
4508.92857142857,714.285714285714
4496.17346938776,714.285714285714
4470.66326530612,714.285714285714
4457.90816326531,714.285714285714
4445.15306122449,714.285714285714
4432.39795918367,714.285714285714
4406.88775510204,714.285714285714
4394.13265306122,714.285714285714
4381.37755102041,727.040816326529
4368.62244897959,727.040816326529
4355.86734693878,727.040816326529
4343.11224489796,727.040816326529
4330.35714285714,727.040816326529
4317.60204081633,727.040816326529
4304.84693877551,727.040816326529
4292.09183673469,727.040816326529
4279.33673469388,727.040816326529
4266.58163265306,727.040816326529
4253.82653061224,727.040816326529
4241.07142857143,727.040816326529
4228.31632653061,727.040816326529
4215.5612244898,739.795918367347
4202.80612244898,739.795918367347
4177.29591836735,739.795918367347
4164.54081632653,752.551020408162
4139.0306122449,752.551020408162
4113.52040816327,752.551020408162
4100.76530612245,752.551020408162
4088.01020408163,752.551020408162
4075.25510204082,752.551020408162
4075.25510204082,765.306122448979
4036.98979591837,765.306122448979
3998.72448979592,765.306122448979
3985.9693877551,765.306122448979
3960.45918367347,778.061224489795
3934.94897959184,778.061224489795
3922.19387755102,778.061224489795
3909.4387755102,778.061224489795
3896.68367346939,790.816326530612
3883.92857142857,790.816326530612
3871.17346938775,790.816326530612
3858.41836734694,790.816326530612
3845.66326530612,790.816326530612
3832.90816326531,790.816326530612
3820.15306122449,803.571428571428
3807.39795918367,803.571428571428
3794.64285714286,803.571428571428
3781.88775510204,803.571428571428
3769.13265306122,816.326530612243
3743.62244897959,816.326530612243
3730.86734693878,829.08163265306
3718.11224489796,829.08163265306
3705.35714285714,829.08163265306
3679.84693877551,829.08163265306
3667.09183673469,841.836734693876
3654.33673469388,841.836734693876
3641.58163265306,854.591836734693
3628.82653061224,854.591836734693
3616.07142857143,854.591836734693
3603.31632653061,867.346938775509
3590.5612244898,867.346938775509
3565.05102040816,880.102040816326
3539.54081632653,892.857142857141
3514.0306122449,892.857142857141
3501.27551020408,905.612244897958
3488.52040816326,905.612244897958
3475.76530612245,905.612244897958
3463.01020408163,918.367346938774
3450.25510204082,918.367346938774
3437.5,931.122448979591
3424.74489795918,931.122448979591
3411.98979591837,931.122448979591
3360.9693877551,943.877551020407
3348.21428571429,956.632653061224
3335.45918367347,956.632653061224
3322.70408163265,969.387755102039
3309.94897959184,969.387755102039
3297.19387755102,982.142857142857
3284.4387755102,994.897959183672
3258.92857142857,994.897959183672
3246.17346938775,1007.65306122449
3233.41836734694,1007.65306122449
3220.66326530612,1020.40816326531
3195.15306122449,1020.40816326531
3182.39795918367,1033.16326530612
3156.88775510204,1045.91836734694
3144.13265306122,1058.67346938775
3131.37755102041,1058.67346938775
3118.62244897959,1071.42857142857
3105.86734693878,1071.42857142857
3080.35714285714,1084.18367346939
3067.60204081633,1096.9387755102
3054.84693877551,1096.9387755102
3042.09183673469,1109.69387755102
3029.33673469388,1122.44897959184
3016.58163265306,1122.44897959184
3003.82653061224,1135.20408163265
2991.07142857143,1135.20408163265
2991.07142857143,1147.95918367347
2978.31632653061,1147.95918367347
2978.31632653061,1160.71428571428
2965.5612244898,1160.71428571428
2952.80612244898,1173.4693877551
2940.05102040816,1186.22448979592
2940.05102040816,1198.97959183673
2927.29591836735,1198.97959183673
2914.54081632653,1211.73469387755
2901.78571428571,1224.48979591837
2889.0306122449,1250
2889.0306122449,1262.75510204082
2876.27551020408,1262.75510204082
2876.27551020408,1275.51020408163
2863.52040816326,1288.26530612245
2863.52040816326,1301.02040816326
2850.76530612245,1313.77551020408
2850.76530612245,1326.5306122449
2838.01020408163,1326.5306122449
2838.01020408163,1339.28571428571
2825.25510204082,1364.79591836735
2812.5,1377.55102040816
2799.74489795918,1390.30612244898
2799.74489795918,1403.06122448979
2786.98979591837,1403.06122448979
2786.98979591837,1415.81632653061
2774.23469387755,1415.81632653061
2774.23469387755,1428.57142857143
2761.47959183673,1441.32653061224
2748.72448979592,1441.32653061224
2748.72448979592,1454.08163265306
2735.9693877551,1454.08163265306
2723.21428571429,1466.83673469388
2710.45918367347,1479.59183673469
2697.70408163265,1492.34693877551
2684.94897959184,1492.34693877551
2684.94897959184,1505.10204081633
2672.19387755102,1505.10204081633
2659.4387755102,1517.85714285714
2646.68367346939,1530.61224489796
2633.92857142857,1543.36734693877
2621.17346938775,1543.36734693877
2621.17346938775,1556.12244897959
2608.41836734694,1556.12244897959
2608.41836734694,1568.87755102041
2595.66326530612,1568.87755102041
2570.15306122449,1581.63265306122
2557.39795918367,1594.38775510204
2544.64285714286,1607.14285714286
2531.88775510204,1607.14285714286
2519.13265306122,1619.89795918367
2493.62244897959,1632.65306122449
2480.86734693878,1645.40816326531
2468.11224489796,1658.16326530612
2455.35714285714,1658.16326530612
2442.60204081633,1670.91836734694
2429.84693877551,1683.67346938775
2429.84693877551,1696.42857142857
2417.09183673469,1696.42857142857
2417.09183673469,1709.18367346939
2404.33673469388,1709.18367346939
2378.82653061224,1747.44897959184
2366.07142857143,1760.20408163265
2353.31632653061,1772.95918367347
2353.31632653061,1785.71428571428
2340.5612244898,1798.4693877551
2327.80612244898,1811.22448979592
2327.80612244898,1823.97959183673
2315.05102040816,1823.97959183673
2315.05102040816,1836.73469387755
2302.29591836735,1836.73469387755
2302.29591836735,1849.48979591837
2289.54081632653,1862.24489795918
2276.78571428571,1875
2264.0306122449,1887.75510204082
2251.27551020408,1900.51020408163
2238.52040816327,1913.26530612245
2225.76530612245,1926.02040816326
2213.01020408163,1938.77551020408
2200.25510204082,1938.77551020408
2200.25510204082,1951.5306122449
2174.74489795918,1964.28571428571
2161.98979591837,1977.04081632653
2149.23469387755,1989.79591836735
2136.47959183673,1989.79591836735
2123.72448979592,2002.55102040816
2110.9693877551,2015.30612244898
2098.21428571429,2028.0612244898
2085.45918367347,2028.0612244898
2072.70408163265,2040.81632653061
2059.94897959184,2053.57142857143
2047.19387755102,2053.57142857143
2034.4387755102,2066.32653061224
2021.68367346939,2079.08163265306
2008.92857142857,2079.08163265306
1996.17346938775,2091.83673469388
1996.17346938775,2104.59183673469
1983.41836734694,2104.59183673469
1983.41836734694,2117.34693877551
1970.66326530612,2117.34693877551
1957.90816326531,2142.85714285714
1945.15306122449,2142.85714285714
1945.15306122449,2155.61224489796
1932.39795918367,2155.61224489796
1919.64285714286,2168.36734693877
1906.88775510204,2181.12244897959
1894.13265306122,2193.87755102041
1894.13265306122,2206.63265306122
1881.37755102041,2219.38775510204
1868.62244897959,2232.14285714286
1868.62244897959,2244.89795918367
1855.86734693878,2244.89795918367
1855.86734693878,2257.65306122449
1830.35714285714,2270.40816326531
1830.35714285714,2283.16326530612
1817.60204081633,2283.16326530612
1817.60204081633,2295.91836734694
1804.84693877551,2295.91836734694
1804.84693877551,2308.67346938775
1792.09183673469,2308.67346938775
1792.09183673469,2321.42857142857
1779.33673469388,2321.42857142857
1753.82653061224,2346.9387755102
1741.07142857143,2359.69387755102
1728.31632653061,2359.69387755102
1715.5612244898,2372.44897959184
1702.80612244898,2385.20408163265
1690.05102040816,2397.95918367347
1677.29591836735,2410.71428571429
1677.29591836735,2423.4693877551
1664.54081632653,2436.22448979592
1651.78571428571,2436.22448979592
1651.78571428571,2448.97959183673
1639.0306122449,2448.97959183673
1639.0306122449,2461.73469387755
1626.27551020408,2474.48979591837
1613.52040816326,2487.24489795918
1600.76530612245,2487.24489795918
1588.01020408163,2500
1575.25510204082,2500
1575.25510204082,2512.75510204082
1562.5,2512.75510204082
1536.98979591837,2525.51020408163
1524.23469387755,2538.26530612245
1511.47959183673,2551.02040816326
1498.72448979592,2563.77551020408
1485.9693877551,2576.5306122449
1473.21428571429,2576.5306122449
1460.45918367347,2589.28571428571
1447.70408163265,2602.04081632653
1434.94897959184,2602.04081632653
1434.94897959184,2614.79591836735
1422.19387755102,2614.79591836735
1422.19387755102,2627.55102040816
1409.4387755102,2640.30612244898
1396.68367346939,2640.30612244898
1396.68367346939,2653.0612244898
1383.92857142857,2665.81632653061
1371.17346938775,2678.57142857143
1358.41836734694,2678.57142857143
1358.41836734694,2691.32653061224
1345.66326530612,2704.08163265306
1332.90816326531,2716.83673469388
1307.39795918367,2729.59183673469
1294.64285714286,2755.10204081633
1281.88775510204,2767.85714285714
1269.13265306122,2780.61224489796
1256.37755102041,2793.36734693877
1243.62244897959,2806.12244897959
1243.62244897959,2818.87755102041
1230.86734693878,2818.87755102041
1230.86734693878,2831.63265306122
1218.11224489796,2844.38775510204
1218.11224489796,2857.14285714286
1218.11224489796,2857.14285714286
1216.94551131545,2858.3531787111
1216.6468212889,2859.05448868455
1215.94551131545,2859.94551131545
1215,2860.6468212889
1214,2861
1213,2861.3531787111
1212,2862.05448868455
1211,2862.94551131545
1210,2863.70130997345
1209,2864.244201342
1208,2864.755798658
1207,2865.29869002655
1206,2866.05448868455
1205.05448868455,2867
1204.29869002655,2868
1203.70130997345,2869
1202.94551131545,2870
1202,2870.94551131545
1201,2871.70130997345
1200,2872.29869002655
1199,2873.05448868455
1198,2873.94551131545
1197,2874.70130997345
1196.05448868455,2875.29869002655
1195.29869002655,2876.05448868455
1194.70130997345,2877
1193.94551131545,2877.94551131545
1193,2878.70130997345
1192,2879.244201342
1191,2879.755798658
1190,2880.244201342
1189,2880.755798658
1188,2881.29869002655
1187,2882.05448868455
1186,2883
1185,2884
1184,2885
1183,2886
1182,2887
1181,2888
1180,2889
1179,2890
1178,2891
1177.05448868455,2892
1176.40766739565,2893
1176.29869002655,2894
1176.34813126234,2895
1175.94551131545,2896
1175.29869002655,2897
1174.755798658,2898
1174.244201342,2899
1173.70130997345,2900
1172.94551131545,2901
1172.05448868455,2902
1171.29869002655,2903
1170.70130997345,2904
1170.05448868455,2905
1169.65186873766,2906
1169.70130997345,2907
1169.59233260435,2908
1168.94551131545,2909
1168,2910
1167,2910.94551131545
1166,2911.70130997345
1165.05448868455,2912.29869002655
1164.29869002655,2913.05448868455
1163.70130997345,2914
1162.94551131545,2915
1162.05448868455,2916
1161.29869002655,2917
1160.70130997345,2917.94551131545
1159.94551131545,2918.70130997345
1159,2919.29869002655
1158,2920.05448868455
1157.05448868455,2921
1156.29869002655,2922
1155.70130997345,2923
1154.94551131545,2924
1154,2925
1153,2926
1152.05448868455,2927
1151.29869002655,2928
1150.81028734255,2929
1150.54289136856,2930
1150.40261994689,2931
1149.8910226309,2931.94551131545
1149,2932.70130997345
1148,2933.29869002655
1147,2934.05448868455
1146.05448868455,2935
1145.29869002655,2936
1144.70130997345,2937
1143.94551131545,2937.94551131545
1143,2938.70130997345
1142.1089773691,2939.29869002655
1141.65186873766,2940.05448868455
1141.70130997345,2941
1141.6468212889,2942
1141.244201342,2943
1140.70130997345,2944
1139.94551131545,2945
1139,2946
1138,2947
1137,2948
1136,2949
1135,2950
1134.05448868455,2951
1133.29869002655,2952
1132.70130997345,2953
1132.05448868455,2954
1131.70635742221,2955
1132.1089773691,2956
1133,2957
1133.8910226309,2958
1134.29364257779,2959
1133.94551131545,2960
1133.29869002655,2961
1132.81028734255,2962
1132.59738005311,2963
1132.70130997345,2964
1132.6468212889,2965
1132.3531787111,2966
1132.29869002655,2967
1132.45710863144,2968
1132.48840268401,2969
1132.40261994689,2970
1131.8910226309,2971
1131.05448868455,2972
1130.29869002655,2973
1129.755798658,2974
1129.244201342,2975
1128.70130997345,2975.8910226309
1127.94551131545,2976.40261994689
1127.05448868455,2976.59738005311
1126.29869002655,2977.1089773691
1125.755798658,2978
1125.244201342,2979
1124.70130997345,2980
1123.94551131545,2981
1123,2982
1122,2983
1121,2984
1120,2984.94551131545
1119.05448868455,2985.70130997345
1118.29869002655,2986.29869002655
1117.70130997345,2987.05448868455
1116.94551131545,2988
1116,2989
1115,2990
1114,2991
1113,2992
1112,2993
1111,2994
1110.1089773691,2995
1109.65186873766,2996
1109.70130997345,2997
1109.6468212889,2998
1109.3531787111,2999
1109.3531787111,3000
1109.6468212889,3001
1109.6468212889,3002
1109.244201342,3003
1108.70130997345,3003.94551131545
1108.05448868455,3004.70130997345
1107.59738005311,3005.29869002655
1107.45710863144,3006.05448868455
1107.18971265745,3007
1106.70130997345,3007.94551131545
1105.94551131545,3008.6468212889
1105,3009
1104.05448868455,3009.29869002655
1103.3531787111,3009.70130997345
1090.5612244898,3010.20408163265
1077.80612244898,3048.4693877551
1065.05102040816,3099.48979591837
1052.29591836735,3112.24489795918
1052.29591836735,3125
1039.54081632653,3137.75510204082
1039.54081632653,3150.51020408163
1039.54081632653,3163.26530612245
1026.78571428571,3176.02040816326
1026.78571428571,3188.77551020408
1014.0306122449,3201.5306122449
1001.27551020408,3214.28571428571
1001.27551020408,3227.04081632653
1001.27551020408,3239.79591836735
988.520408163265,3252.55102040816
975.765306122449,3265.30612244898
975.765306122449,3278.0612244898
963.010204081632,3290.81632653061
963.010204081632,3303.57142857143
963.010204081632,3316.32653061224
950.255102040816,3316.32653061224
950.255102040816,3329.08163265306
937.499999999999,3341.83673469388
924.744897959183,3354.59183673469
924.744897959183,3367.34693877551
924.744897959183,3380.10204081633
911.989795918367,3392.85714285714
899.234693877551,3405.61224489796
886.479591836735,3418.36734693877
886.479591836735,3431.12244897959
873.724489795918,3443.87755102041
860.969387755102,3456.63265306122
848.214285714285,3469.38775510204
848.214285714285,3482.14285714286
848.214285714285,3494.89795918367
835.459183673469,3507.65306122449
822.704081632653,3533.16326530612
822.704081632653,3545.91836734694
809.948979591836,3558.67346938776
797.19387755102,3571.42857142857
797.19387755102,3584.18367346939
797.19387755102,3596.9387755102
784.438775510204,3596.9387755102
784.438775510204,3609.69387755102
771.683673469387,3622.44897959184
771.683673469387,3635.20408163265
758.928571428571,3660.71428571429
758.928571428571,3673.4693877551
746.173469387754,3686.22448979592
746.173469387754,3698.97959183673
746.173469387754,3711.73469387755
733.418367346938,3724.48979591837
733.418367346938,3750
720.663265306122,3762.75510204082
720.663265306122,3775.51020408163
707.908163265306,3788.26530612245
707.908163265306,3801.02040816326
707.908163265306,3813.77551020408
695.15306122449,3826.5306122449
695.15306122449,3839.28571428571
682.397959183673,3864.79591836735
682.397959183673,3877.55102040816
682.397959183673,3890.30612244898
669.642857142857,3903.0612244898
669.642857142857,3915.81632653061
669.642857142857,3928.57142857143
669.642857142857,3941.32653061224
656.887755102041,3954.08163265306
656.887755102041,3979.59183673469
656.887755102041,3992.34693877551
656.887755102041,4005.10204081633
644.132653061224,4017.85714285714
644.132653061224,4030.61224489796
644.132653061224,4056.12244897959
631.377551020408,4068.87755102041
631.377551020408,4094.38775510204
631.377551020408,4107.14285714286
631.377551020408,4119.89795918367
618.622448979591,4132.65306122449
618.622448979591,4145.40816326531
618.622448979591,4158.16326530612
618.622448979591,4170.91836734694
618.622448979591,4183.67346938775
605.867346938775,4196.42857142857
605.867346938775,4209.18367346939
605.867346938775,4221.9387755102
593.112244897959,4247.44897959184
593.112244897959,4260.20408163265
593.112244897959,4272.95918367347
580.357142857142,4298.4693877551
580.357142857142,4311.22448979592
580.357142857142,4323.97959183673
567.602040816326,4336.73469387755
567.602040816326,4349.48979591837
567.602040816326,4362.24489795918
567.602040816326,4375
554.84693877551,4387.75510204082
554.84693877551,4400.51020408163
554.84693877551,4413.26530612245
554.84693877551,4426.02040816326
554.84693877551,4451.5306122449
554.84693877551,4477.04081632653
554.84693877551,4489.79591836735
554.84693877551,4515.30612244898
554.84693877551,4528.0612244898
554.84693877551,4540.81632653061
542.091836734693,4566.32653061224
542.091836734693,4579.08163265306
542.091836734693,4591.83673469388
542.091836734693,4617.34693877551
529.336734693877,4630.10204081633
529.336734693877,4642.85714285714
529.336734693877,4655.61224489796
529.336734693877,4681.12244897959
529.336734693877,4693.87755102041
529.336734693877,4706.63265306122
516.58163265306,4719.38775510204
516.58163265306,4732.14285714286
516.58163265306,4744.89795918367
516.58163265306,4757.65306122449
516.58163265306,4770.40816326531
516.58163265306,4795.91836734694
516.58163265306,4808.67346938775
516.58163265306,4834.18367346939
503.826530612245,4872.44897959184
503.826530612245,4897.95918367347
503.826530612245,4923.4693877551
503.826530612245,4936.22448979592
503.826530612245,4948.97959183673
503.826530612245,4961.73469387755
503.826530612245,4974.48979591837
503.826530612245,4987.24489795918
503.826530612245,5000
503.826530612245,5012.75510204082
503.826530612245,5025.51020408163
503.826530612245,5038.26530612245
503.826530612245,5051.02040816326
503.826530612245,5063.77551020408
503.826530612245,5076.5306122449
503.826530612245,5102.04081632653
503.826530612245,5127.55102040816
503.826530612245,5153.0612244898
503.826530612245,5165.81632653061
503.826530612245,5191.32653061224
503.826530612245,5229.59183673469
503.826530612245,5255.10204081633
516.58163265306,5267.85714285714
516.58163265306,5293.36734693877
516.58163265306,5306.12244897959
516.58163265306,5331.63265306123
516.58163265306,5344.38775510204
529.336734693877,5382.65306122449
529.336734693877,5395.40816326531
529.336734693877,5408.16326530612
529.336734693877,5408.16326530612
527.94551131545,5409.3531787111
527.755798657997,5410.05448868455
527.542891368556,5411
527.402619946894,5412
527,5413
526.597380053106,5414
526.402619946894,5415
526,5416
525.597380053106,5417
525.402619946894,5418
525,5419
524.706357422205,5420
525,5421
525.402619946894,5422
525.488402684006,5423
525.511597315993,5424
525.542891368556,5425
525.755798657997,5426
526,5427
526.353178711102,5428
526.94551131545,5429
527.293642577795,5430
527,5431
526.597380053106,5432
526.402619946894,5433
525.891022630901,5434
525.108977369099,5435
524.706357422205,5436
525.108977369099,5437
526,5438
526.94551131545,5439
527.646821288897,5440
527.94551131545,5441
528.05448868455,5442
528.298690026553,5443
528.755798657997,5444
529.244201342003,5445
529.755798657997,5446
530.244201342003,5447
530.646821288897,5448
530.646821288897,5449
530.353178711102,5450
530.298690026553,5451
530.348131262345,5452
530,5453
529.706357422205,5454
530.108977369099,5455
531,5456
531.94551131545,5457
532.701309973447,5458
533.244201342003,5459
533.755798657997,5460
534.244201342003,5461
534.646821288897,5462
534.646821288897,5463
534.244201342003,5464
533.810287342546,5465
533.597380053106,5466
533.755798657997,5467
534,5468
534.244201342003,5469
534.402619946894,5470
534.298690026553,5471
534.298690026553,5472
534.457108631444,5473
534.597380053106,5474
535.108977369099,5475
536,5476
536.891022630901,5477
537.348131262345,5478
537.298690026553,5479
537.353178711102,5480
537.646821288898,5481
537.646821288898,5482
537.353178711102,5483
537.298690026553,5484
537.348131262345,5485
536.891022630901,5486
536.108977369099,5487
535.706357422205,5488
536.108977369099,5489
536.94551131545,5490
537.701309973447,5491
538.244201342003,5492
538.755798657997,5493
539.244201342003,5494
539.646821288897,5495
539.701309973447,5496
539.542891368556,5497
539.457108631444,5498
539.189712657454,5499
538.810287342546,5500
538.542891368556,5501
538.511597315994,5502
538.597380053106,5503
539.05448868455,5504
539.701309973447,5505
540.298690026553,5506
541.05448868455,5507
541.891022630901,5508
542.293642577795,5509
541.891022630901,5510
541.05448868455,5511
540.298690026553,5512
539.810287342546,5513
539.542891368556,5514
539.511597315994,5515
539.597380053106,5516
540.108977369099,5517
540.891022630901,5518
541.402619946894,5519
541.488402684006,5520
541.511597315994,5521
541.488402684006,5522
541.511597315994,5523
541.597380053106,5524
542.108977369099,5525
542.94551131545,5526
543.646821288898,5527
543.94551131545,5528
544.05448868455,5529
544.244201342003,5530
544.457108631444,5531
544.542891368556,5532
544.701309973447,5533
544.701309973447,5534
544.542891368556,5535
544.511597315994,5536
544.488402684006,5537
544.457108631444,5538
544.189712657453,5539
543.810287342546,5540
543.542891368556,5541
543.457108631444,5542
543.244201342003,5543
543,5544
542.646821288897,5545
541.94551131545,5546
541.05448868455,5547
540.407667395652,5548
540.298690026553,5549
540.348131262345,5550
539.94551131545,5551
539.298690026553,5552
538.810287342546,5553
538.542891368556,5554
538.511597315994,5555
538.488402684006,5556
538.457108631444,5557
538.189712657454,5558
537.701309973447,5559
537.05448868455,5560
536.651868737655,5561
536.701309973447,5562
536.646821288897,5563
536.244201342003,5564
535.701309973447,5565
535.05448868455,5566
534.651868737655,5567
534.701309973447,5568
534.701309973447,5569
534.542891368556,5570
534.511597315994,5571
534.488402684006,5572
534.402619946894,5573
533.891022630901,5574
533.05448868455,5575
532.298690026553,5576
531.701309973447,5577
531.05448868455,5578
530.597380053106,5579
530.511597315994,5580
530.488402684006,5581
530.511597315994,5582
530.597380053106,5583
531,5584
531.293642577795,5585
530.891022630901,5586
530,5587
529,5588
528,5589
527,5590
526.05448868455,5591
525.407667395652,5592
525.407667395652,5593
526.05448868455,5594
526.94551131545,5595
527.592332604348,5596
527.646821288897,5597
527.353178711102,5598
527.298690026553,5599
527.348131262345,5600
526.94551131545,5601
526.407667395652,5602
526.353178711102,5603
526.646821288897,5604
526.646821288897,5605
526.353178711102,5606
526.407667395652,5607
527.05448868455,5608
527.94551131545,5609
528.701309973447,5610
529.298690026553,5611
529.94551131545,5612
530.293642577795,5613
530,5614
529.706357422205,5615
530,5616
530.348131262345,5617
530.244201342003,5618
530.05448868455,5619
530.05448868455,5620
530.353178711102,5621
530.94551131545,5622
531.293642577795,5623
530.891022630901,5624
530.05448868455,5625
529.407667395652,5626
529.353178711102,5627
529.646821288897,5628
529.592332604348,5629
529.05448868455,5630
528.706357422205,5631
529.108977369099,5632
529.891022630901,5633
530.402619946894,5634
530.597380053106,5635
531,5636
531.348131262345,5637
531.298690026553,5638
531.353178711102,5639
531.755798657997,5640
532.189712657454,5641
532.402619946894,5642
532.189712657454,5643
531.810287342546,5644
531.542891368556,5645
531.511597315994,5646
531.542891368556,5647
531.810287342546,5648
532.189712657454,5649
532.402619946894,5650
532.298690026553,5651
532.407667395652,5652
533.05448868455,5653
534,5654
534.94551131545,5655
535.701309973447,5656
536.189712657454,5657
536.348131262345,5658
536,5659
535.597380053106,5660
535.457108631444,5661
535.244201342003,5662
535.05448868455,5663
534.94551131545,5664
534.646821288897,5665
534,5666
533.407667395652,5667
533.407667395652,5668
534.05448868455,5669
535,5670
536,5671
537,5672
537.94551131545,5673
538.592332604348,5674
538.646821288898,5675
538.244201342003,5676
537.810287342546,5677
537.542891368556,5678
537.457108631444,5679
537.298690026553,5680
537.407667395652,5681
538,5682
538.592332604348,5683
538.592332604348,5684
537.94551131545,5685
537.108977369099,5686
536.706357422205,5687
537,5688
537.402619946894,5689
537.488402684006,5690
537.511597315994,5691
537.488402684006,5692
537.457108631444,5693
537.298690026553,5694
537.407667395652,5695
537.94551131545,5696
538.293642577795,5697
537.94551131545,5698
537.353178711102,5699
537.108977369099,5700
537.353178711102,5701
537.94551131545,5702
538.402619946894,5703
538.597380053106,5704
539.108977369099,5704.94551131545
539.94551131545,5705.70130997345
540.646821288897,5706.29869002655
540.891022630901,5707.05448868455
540.755798657997,5708
540.542891368556,5709
540.511597315994,5710
540.542891368556,5711
540.701309973447,5712
540.701309973447,5713
540.542891368556,5714
540.457108631444,5715
540.189712657454,5716
539.755798657997,5717
539.353178711102,5718
539.353178711102,5719
539.755798657997,5720
540.298690026553,5721
540.94551131545,5722
541.293642577795,5723
540.891022630901,5724
540.108977369099,5725
539.597380053106,5726
539.457108631444,5727
539.189712657454,5728
538.810287342546,5729
538.651868737655,5730
539.108977369099,5731
540,5732
541,5732.94551131545
541.94551131545,5733.70130997345
542.646821288897,5734.29869002655
543,5735.05448868455
543.353178711102,5736
544,5737
544.701309973447,5738
545.244201342003,5739
545.755798657997,5740
546.244201342003,5741
546.701309973447,5742
546.94551131545,5743
547,5744
547,5745
546.94551131545,5746
546.755798657997,5747
546.651868737655,5748
547,5749
547.293642577795,5750
547,5751
546.651868737655,5752
546.755798657997,5753
546.94551131545,5754
547.05448868455,5755
547.298690026553,5756
547.755798657997,5757
548.298690026553,5758
549.05448868455,5759
550,5760
550.94551131545,5761
551.701309973447,5762
552.298690026553,5762.94551131545
553,5763.70130997345
553.592332604348,5764.29869002655
553.646821288897,5765.05448868455
553.353178711102,5766
553.353178711102,5767
553.755798657997,5768
554.189712657453,5769
554.457108631444,5770
554.542891368556,5771
554.701309973447,5772
554.701309973447,5773
554.651868737655,5774
555.05448868455,5775
555.592332604348,5776
555.646821288897,5776.94551131545
555.298690026553,5777.6468212889
554.84693877551,5790.81632653061
580.357142857142,5867.34693877551
593.112244897959,5905.61224489796
593.112244897959,5931.12244897959
605.867346938775,5956.63265306123
605.867346938775,5969.38775510204
605.867346938775,5982.14285714286
618.622448979591,5994.89795918367
618.622448979591,6007.65306122449
618.622448979591,6033.16326530612
631.377551020408,6045.91836734694
631.377551020408,6058.67346938776
631.377551020408,6071.42857142857
631.377551020408,6084.18367346939
631.377551020408,6096.9387755102
631.377551020408,6109.69387755102
644.132653061224,6122.44897959184
644.132653061224,6135.20408163265
644.132653061224,6147.95918367347
644.132653061224,6160.71428571429
644.132653061224,6173.4693877551
644.132653061224,6186.22448979592
656.887755102041,6198.97959183673
656.887755102041,6211.73469387755
656.887755102041,6224.48979591837
669.642857142857,6237.24489795918
669.642857142857,6250
682.397959183673,6275.51020408163
682.397959183673,6288.26530612245
695.15306122449,6301.02040816327
695.15306122449,6313.77551020408
707.908163265306,6326.5306122449
707.908163265306,6339.28571428571
707.908163265306,6352.04081632653
720.663265306122,6364.79591836735
720.663265306122,6377.55102040816
720.663265306122,6390.30612244898
733.418367346938,6403.0612244898
733.418367346938,6415.81632653061
733.418367346938,6428.57142857143
733.418367346938,6454.08163265306
733.418367346938,6466.83673469388
733.418367346938,6479.59183673469
733.418367346938,6492.34693877551
746.173469387754,6517.85714285714
746.173469387754,6530.61224489796
758.928571428571,6543.36734693877
758.928571428571,6568.87755102041
771.683673469387,6568.87755102041
771.683673469387,6581.63265306123
784.438775510204,6594.38775510204
784.438775510204,6607.14285714286
797.19387755102,6619.89795918367
797.19387755102,6632.65306122449
809.948979591836,6645.40816326531
822.704081632653,6658.16326530612
822.704081632653,6670.91836734694
835.459183673469,6683.67346938776
835.459183673469,6696.42857142857
848.214285714285,6709.18367346939
848.214285714285,6721.9387755102
860.969387755102,6721.9387755102
860.969387755102,6734.69387755102
873.724489795918,6747.44897959184
873.724489795918,6760.20408163265
886.479591836735,6772.95918367347
886.479591836735,6785.71428571429
899.234693877551,6811.22448979592
899.234693877551,6823.97959183673
911.989795918367,6823.97959183673
924.744897959183,6875
924.744897959183,6887.75510204082
937.499999999999,6913.26530612245
950.255102040816,6926.02040816327
950.255102040816,6938.77551020408
963.010204081632,6951.5306122449
963.010204081632,6964.28571428571
975.765306122449,6977.04081632653
975.765306122449,6989.79591836735
988.520408163265,7002.55102040816
988.520408163265,7015.30612244898
1001.27551020408,7028.0612244898
1001.27551020408,7040.81632653061
1014.0306122449,7053.57142857143
1014.0306122449,7066.32653061224
1026.78571428571,7079.08163265306
1026.78571428571,7091.83673469388
1026.78571428571,7104.59183673469
1026.78571428571,7117.34693877551
1026.78571428571,7130.10204081633
1026.78571428571,7142.85714285714
1039.54081632653,7155.61224489796
1039.54081632653,7168.36734693877
1052.29591836735,7193.87755102041
1052.29591836735,7206.63265306123
1065.05102040816,7219.38775510204
1065.05102040816,7232.14285714286
1077.80612244898,7244.89795918367
1077.80612244898,7257.65306122449
1090.5612244898,7270.40816326531
1090.5612244898,7283.16326530612
1103.31632653061,7295.91836734694
1103.31632653061,7308.67346938776
1116.07142857143,7321.42857142857
1116.07142857143,7334.18367346939
1128.82653061224,7359.69387755102
1128.82653061224,7372.44897959184
1128.82653061224,7385.20408163265
1141.58163265306,7397.95918367347
1141.58163265306,7410.71428571429
1154.33673469388,7423.4693877551
1154.33673469388,7436.22448979592
1167.09183673469,7436.22448979592
1167.09183673469,7448.97959183673
1179.84693877551,7461.73469387755
1179.84693877551,7474.48979591837
1179.84693877551,7487.24489795918
1192.60204081633,7500
1205.35714285714,7512.75510204082
1218.11224489796,7525.51020408163
1230.86734693878,7538.26530612245
1243.62244897959,7551.02040816327
1243.62244897959,7563.77551020408
1256.37755102041,7576.5306122449
1256.37755102041,7589.28571428571
1269.13265306122,7589.28571428571
1281.88775510204,7602.04081632653
1294.64285714286,7614.79591836735
1307.39795918367,7627.55102040816
1307.39795918367,7640.30612244898
1320.15306122449,7653.0612244898
1320.15306122449,7665.81632653061
1332.90816326531,7678.57142857143
1358.41836734694,7704.08163265306
1371.17346938775,7716.83673469388
1383.92857142857,7729.59183673469
1396.68367346939,7742.34693877551
1409.4387755102,7755.10204081633
1422.19387755102,7767.85714285714
1434.94897959184,7767.85714285714
1434.94897959184,7780.61224489796
1447.70408163265,7793.36734693877
1460.45918367347,7793.36734693877
1473.21428571429,7806.12244897959
1485.9693877551,7831.63265306123
1498.72448979592,7831.63265306123
1498.72448979592,7844.38775510204
1511.47959183673,7844.38775510204
1524.23469387755,7857.14285714286
1536.98979591837,7869.89795918367
1549.74489795918,7882.65306122449
1562.5,7895.40816326531
1562.5,7908.16326530612
1575.25510204082,7920.91836734694
1588.01020408163,7933.67346938776
1588.01020408163,7946.42857142857
1600.76530612245,7946.42857142857
1600.76530612245,7959.18367346939
1613.52040816326,7959.18367346939
1613.52040816326,7971.9387755102
1626.27551020408,7971.9387755102
1639.0306122449,7984.69387755102
1651.78571428571,7984.69387755102
1664.54081632653,7997.44897959184
1677.29591836735,7997.44897959184
1690.05102040816,8010.20408163265
1702.80612244898,8022.95918367347
1715.5612244898,8022.95918367347
1728.31632653061,8022.95918367347
1741.07142857143,8022.95918367347
1741.07142857143,8035.71428571429
1766.58163265306,8035.71428571429
1779.33673469388,8035.71428571429
1779.33673469388,8048.4693877551
1855.86734693878,8086.73469387755
1919.64285714286,8125
1932.39795918367,8125
1932.39795918367,8137.75510204082
1945.15306122449,8137.75510204082
1957.90816326531,8150.51020408163
1970.66326530612,8150.51020408163
1970.66326530612,8163.26530612245
1983.41836734694,8163.26530612245
1983.41836734694,8176.02040816327
1996.17346938775,8188.77551020408
2021.68367346939,8188.77551020408
2021.68367346939,8201.5306122449
2034.4387755102,8201.5306122449
2047.19387755102,8214.28571428571
2059.94897959184,8214.28571428571
2072.70408163265,8227.04081632653
2085.45918367347,8239.79591836735
2085.45918367347,8239.79591836735
2085.45918367347,8239.79591836735
2086.05448868455,8241.3531787111
2086.3531787111,8242
2087.05448868455,8242.70130997344
2088,8243.244201342
2089,8243.755798658
2090,8244.18971265745
2091,8244.45710863144
2092,8244.54289136856
2093,8244.81028734255
2094,8245.29869002655
2095,8246.05448868455
2096,8246.94551131545
2096.94551131545,8247.70130997345
2097.70130997345,8248.29869002655
2098.29869002655,8249.05448868455
2099.05448868455,8250
2100,8251
2101,8252
2102,8253
2103,8253.8910226309
2104,8254.2936425778
2105,8254
2106,8253.7063574222
2107,8254.05448868455
2108,8254.70130997345
2109,8255.29869002655
2110,8256.05448868455
2111,8256.94551131545
2112,8257.70130997345
2113,8258.244201342
2114,8258.6468212889
2115,8258.59233260435
2116,8258.05448868455
2117,8257.65186873765
2118,8257.70130997345
2119,8257.70130997345
2120,8257.65186873766
2121,8258.1089773691
2122,8259
2123,8259.8910226309
2124,8260.34813126234
2125,8260.18971265745
2126,8259.81028734255
2127,8259.5973800531
2128,8259.81028734255
2129,8260.244201342
2130,8260.6468212889
2131,8260.70130997345
2132,8260.65186873765
2133,8261.1089773691
2134,8262
2135,8262.94551131545
2136,8263.70130997345
2137,8264.29869002655
2137.94551131545,8265.05448868455
2138.70130997345,8265.8910226309
2139.29869002655,8266.34813126234
2140.05448868455,8266.18971265745
2141,8265.81028734255
2142,8265.65186873766
2143,8266.1089773691
2144,8266.8910226309
2145,8267.34813126234
2146,8267.244201342
2147,8267.05448868455
2148,8267
2149,8267.05448868455
2150,8267.244201342
2151,8267.40261994689
2152,8267.29869002655
2153,8267.3531787111
2154,8267.6468212889
2155,8267.59233260435
2156,8267.05448868455
2157,8266.7063574222
2158,8267.1089773691
2158.94551131545,8268
2159.70130997345,8269
2160.29869002655,8269.8910226309
2161.05448868455,8270.40261994689
2162,8270.5973800531
2163,8271.1089773691
2164,8271.94551131545
2165,8272.70130997345
2166,8273.29869002655
2167,8274.05448868455
2168,8275
2169,8275.94551131545
2170,8276.70130997345
2171,8277.29869002655
2172,8278.05448868455
2173,8278.8910226309
2174,8279.40261994689
2175,8279.5973800531
2176,8280.1089773691
2177,8281
2178,8281.94551131545
2179,8282.59233260435
2180,8282.6468212889
2181,8282.3531787111
2182,8282.29869002655
2183,8282.34813126234
2184,8281.94551131545
2185,8281.40766739565
2186,8281.3531787111
2187,8281.6468212889
2188,8281.59233260435
2189,8281.05448868455
2190,8280.5973800531
2191,8280.51159731599
2192,8280.48840268401
2193,8280.51159731599
2194,8280.5973800531
2195,8281.1089773691
2195.94551131545,8282
2196.70130997345,8283
2197.29869002655,8284
2198.05448868455,8285
2199,8286
2200,8287
2201,8287.8910226309
2202,8288.34813126234
2203,8288.29869002655
2204,8288.29869002655
2205,8288.34813126234
2206,8288
2207,8287.7063574222
2208,8288.1089773691
2209,8289
2210,8289.8910226309
2211,8290.34813126234
2212,8290.18971265745
2213,8289.81028734255
2214,8289.54289136856
2215,8289.51159731599
2216,8289.48840268401
2217,8289.51159731599
2218,8289.48840268401
2219,8289.51159731599
2220,8289.48840268401
2221,8289.40261994689
2222,8289
2223,8288.7063574222
2224,8289.1089773691
2225,8290
2226,8290.8910226309
2227,8291.34813126234
2228,8291.244201342
2229,8291.05448868455
2230,8290.94551131545
2231,8290.6468212889
2232,8290.05448868455
2233,8289.7063574222
2234,8290.1089773691
2235,8291
2236,8291.8910226309
2237,8292.29364257779
2237.94551131545,8291.94551131545
2238.6468212889,8291.3531787111
2251.27551020408,8290.81632653061
2264.0306122449,8290.81632653061
2276.78571428571,8290.81632653061
2289.54081632653,8290.81632653061
2302.29591836735,8290.81632653061
2315.05102040816,8278.0612244898
2327.80612244898,8278.0612244898
2340.5612244898,8278.0612244898
2353.31632653061,8278.0612244898
2366.07142857143,8290.81632653061
2429.84693877551,8303.57142857143
2480.86734693878,8303.57142857143
2519.13265306122,8316.32653061224
2544.64285714286,8316.32653061224
2544.64285714286,8329.08163265306
2557.39795918367,8329.08163265306
2570.15306122449,8329.08163265306
2582.90816326531,8329.08163265306
2595.66326530612,8329.08163265306
2621.17346938775,8329.08163265306
2633.92857142857,8329.08163265306
2646.68367346939,8329.08163265306
2659.4387755102,8316.32653061224
2684.94897959184,8316.32653061224
2697.70408163265,8316.32653061224
2710.45918367347,8316.32653061224
2723.21428571429,8316.32653061224
2735.9693877551,8303.57142857143
2748.72448979592,8303.57142857143
2761.47959183673,8303.57142857143
2774.23469387755,8303.57142857143
2786.98979591837,8303.57142857143
2799.74489795918,8303.57142857143
2812.5,8303.57142857143
2825.25510204082,8303.57142857143
2838.01020408163,8303.57142857143
2850.76530612245,8290.81632653061
2863.52040816326,8290.81632653061
2876.27551020408,8290.81632653061
2901.78571428571,8290.81632653061
2914.54081632653,8290.81632653061
2927.29591836735,8290.81632653061
2940.05102040816,8278.0612244898
2952.80612244898,8278.0612244898
2965.5612244898,8278.0612244898
2978.31632653061,8278.0612244898
2991.07142857143,8265.30612244898
3003.82653061224,8265.30612244898
3016.58163265306,8265.30612244898
3016.58163265306,8252.55102040816
3029.33673469388,8252.55102040816
3042.09183673469,8252.55102040816
3054.84693877551,8252.55102040816
3054.84693877551,8239.79591836735
3067.60204081633,8239.79591836735
3080.35714285714,8239.79591836735
3093.11224489796,8239.79591836735
3105.86734693878,8239.79591836735
3105.86734693878,8227.04081632653
3118.62244897959,8227.04081632653
3131.37755102041,8227.04081632653
3144.13265306122,8227.04081632653
3156.88775510204,8214.28571428571
3169.64285714286,8214.28571428571
3182.39795918367,8214.28571428571
3195.15306122449,8201.5306122449
3207.90816326531,8201.5306122449
3220.66326530612,8201.5306122449
3233.41836734694,8201.5306122449
3246.17346938775,8188.77551020408
3258.92857142857,8188.77551020408
3271.68367346939,8188.77551020408
3297.19387755102,8176.02040816327
3309.94897959184,8176.02040816327
3322.70408163265,8176.02040816327
3335.45918367347,8163.26530612245
3348.21428571429,8163.26530612245
3360.9693877551,8163.26530612245
3373.72448979592,8163.26530612245
3386.47959183673,8150.51020408163
3399.23469387755,8150.51020408163
3411.98979591837,8150.51020408163
3424.74489795918,8137.75510204082
3437.5,8137.75510204082
3450.25510204082,8137.75510204082
3463.01020408163,8137.75510204082
3475.76530612245,8125
3488.52040816326,8125
3526.78571428571,8125
3590.5612244898,8112.24489795918
3628.82653061224,8099.48979591837
3641.58163265306,8099.48979591837
3667.09183673469,8099.48979591837
3679.84693877551,8099.48979591837
3692.60204081633,8099.48979591837
3756.37755102041,8086.73469387755
3820.15306122449,8061.22448979592
3832.90816326531,8061.22448979592
3845.66326530612,8061.22448979592
3858.41836734694,8061.22448979592
3871.17346938775,8048.4693877551
3883.92857142857,8048.4693877551
3896.68367346939,8035.71428571429
3909.4387755102,8035.71428571429
3922.19387755102,8035.71428571429
3934.94897959184,8022.95918367347
3947.70408163265,8022.95918367347
3947.70408163265,8010.20408163265
3960.45918367347,8010.20408163265
3973.21428571429,8010.20408163265
3973.21428571429,7997.44897959184
3985.9693877551,7997.44897959184
3998.72448979592,7997.44897959184
4011.47959183673,7984.69387755102
4024.23469387755,7984.69387755102
4036.98979591837,7971.9387755102
4049.74489795918,7971.9387755102
4062.5,7959.18367346939
4075.25510204082,7959.18367346939
4088.01020408163,7946.42857142857
4100.76530612245,7946.42857142857
4113.52040816327,7946.42857142857
4126.27551020408,7933.67346938776
4139.0306122449,7933.67346938776
4139.0306122449,7920.91836734694
4151.78571428571,7920.91836734694
4164.54081632653,7920.91836734694
4177.29591836735,7920.91836734694
4177.29591836735,7908.16326530612
4190.05102040816,7908.16326530612
4202.80612244898,7908.16326530612
4202.80612244898,7895.40816326531
4215.5612244898,7895.40816326531
4228.31632653061,7895.40816326531
4228.31632653061,7882.65306122449
4241.07142857143,7882.65306122449
4253.82653061224,7869.89795918367
4266.58163265306,7869.89795918367
4266.58163265306,7857.14285714286
4279.33673469388,7857.14285714286
4292.09183673469,7857.14285714286
4304.84693877551,7844.38775510204
4330.35714285714,7831.63265306123
4343.11224489796,7818.87755102041
4355.86734693878,7818.87755102041
4368.62244897959,7806.12244897959
4381.37755102041,7806.12244897959
4394.13265306122,7806.12244897959
4394.13265306122,7793.36734693877
4406.88775510204,7793.36734693877
4419.64285714286,7793.36734693877
4432.39795918367,7780.61224489796
4445.15306122449,7780.61224489796
4457.90816326531,7767.85714285714
4470.66326530612,7767.85714285714
4483.41836734694,7767.85714285714
4483.41836734694,7755.10204081633
4496.17346938776,7755.10204081633
4508.92857142857,7755.10204081633
4521.68367346939,7742.34693877551
4534.4387755102,7742.34693877551
4547.19387755102,7729.59183673469
4559.94897959184,7729.59183673469
4572.70408163265,7729.59183673469
4585.45918367347,7716.83673469388
4598.21428571429,7716.83673469388
4610.9693877551,7704.08163265306
4623.72448979592,7704.08163265306
4636.47959183673,7704.08163265306
4649.23469387755,7691.32653061224
4661.98979591837,7691.32653061224
4661.98979591837,7678.57142857143
4674.74489795918,7678.57142857143
4687.5,7678.57142857143
4700.25510204082,7665.81632653061
4713.01020408163,7665.81632653061
4725.76530612245,7653.0612244898
4738.52040816327,7653.0612244898
4751.27551020408,7640.30612244898
4764.0306122449,7640.30612244898
4776.78571428571,7627.55102040816
4789.54081632653,7627.55102040816
4802.29591836735,7627.55102040816
4815.05102040816,7614.79591836735
4827.80612244898,7614.79591836735
4827.80612244898,7602.04081632653
4840.5612244898,7602.04081632653
4853.31632653061,7589.28571428571
4866.07142857143,7589.28571428571
4878.82653061224,7589.28571428571
4878.82653061224,7576.5306122449
4891.58163265306,7576.5306122449
4904.33673469388,7563.77551020408
4917.09183673469,7563.77551020408
4929.84693877551,7551.02040816327
4942.60204081633,7551.02040816327
4955.35714285714,7551.02040816327
4955.35714285714,7538.26530612245
4968.11224489796,7538.26530612245
4968.11224489796,7538.26530612245
5202.72314920866,5021.65438879633
